0.252     1.0       
0.557     2.0       
0.869     3.0       
1.181     4.0       
1.504     1.0       
1.81      2.0       
2.117     3.0       
2.42      4.0       
2.747     1.0       
3.056     2.0       
3.369     3.0       
3.678     4.0       
3.993     1.0       
4.29      2.0       
4.613     3.0       
4.908     4.0       
5.234     1.0       
5.556     2.0       
5.881     3.0       
6.208     4.0       
6.503     1.0       
6.811     2.0       
7.135     3.0       
7.436     4.0       
7.752     1.0       
8.077     2.0       
8.372     3.0       
8.698     4.0       
9.022     1.0       
9.322     2.0       
9.617     3.0       
9.941     4.0       
10.262    1.0       
10.585    2.0       
10.883    3.0       
11.21     4.0       
11.537    1.0       
11.849    2.0       
12.156    3.0       
12.464    4.0       
12.76     1.0       
13.058    2.0       
13.363    3.0       
13.671    4.0       
13.984    1.0       
14.306    2.0       
14.615    3.0       
14.91     4.0       
15.23     1.0       
15.55     2.0       
15.849    3.0       
16.156    4.0       
16.461    1.0       
16.776    2.0       
17.098    3.0       
17.422    4.0       
17.748    1.0       
18.056    2.0       
18.365    3.0       
18.677    4.0       
18.974    1.0       
19.298    2.0       
19.595    3.0       
19.922    4.0       
20.23     1.0       
20.537    2.0       
20.857    3.0       
21.171    4.0       
21.498    1.0       
21.805    2.0       
22.132    3.0       
22.428    4.0       
22.751    1.0       
23.054    2.0       
23.349    3.0       
23.669    4.0       
23.996    1.0       
24.317    2.0       
24.616    3.0       
24.931    4.0       
25.236    1.0       
25.544    2.0       
25.843    3.0       
26.147    4.0       
26.446    1.0       
26.759    2.0       
27.07     3.0       
27.373    4.0       
27.687    1.0       
27.99     2.0       
28.315    3.0       
28.634    4.0       
28.936    1.0       
29.239    2.0       
29.559    3.0       
29.862    4.0       
30.16     1.0       
30.487    2.0       
30.8      3.0       
31.095    4.0       
31.42     5.0       
31.734    1.0       
32.033    2.0       
32.337    3.0       
32.658    4.0       
32.961    5.0       
33.276    1.0       
33.601    2.0       
33.908    3.0       
34.204    4.0       
34.521    5.0       
34.837    1.0       
35.163    2.0       
35.483    3.0       
35.779    4.0       
36.102    5.0       
36.406    1.0       
36.717    2.0       
37.014    3.0       
37.336    4.0       
37.632    5.0       
37.927    1.0       
38.234    2.0       
38.538    3.0       
38.849    4.0       
39.15     5.0       
39.477    1.0       
39.775    2.0       
40.073    3.0       
40.373    4.0       
40.697    5.0       
41.014    1.0       
41.325    2.0       
41.652    3.0       
41.966    4.0       
42.264    5.0       
42.568    1.0       
42.886    2.0       
43.205    3.0       
43.52     4.0       
43.82     5.0       
44.139    1.0       
44.451    2.0       
44.76     3.0       
45.068    4.0       
45.365    5.0       
45.662    1.0       
45.969    2.0       
46.277    3.0       
46.583    4.0       
46.883    5.0       
47.199    1.0       
47.498    2.0       
47.814    3.0       
48.123    4.0       
48.427    5.0       
