0.188     1.0       
0.414     2.0       
0.638     3.0       
0.845     4.0       
1.056     1.0       
1.269     2.0       
1.486     3.0       
1.692     4.0       
1.93      1.0       
2.155     2.0       
2.391     3.0       
2.615     4.0       
2.847     1.0       
3.068     2.0       
3.29      3.0       
3.515     4.0       
3.727     1.0       
3.958     2.0       
4.19      3.0       
4.396     4.0       
4.624     1.0       
4.862     2.0       
5.1       3.0       
5.322     4.0       
5.542     1.0       
5.748     2.0       
5.958     3.0       
6.168     4.0       
6.374     1.0       
6.591     2.0       
6.8       3.0       
7.018     4.0       
7.227     1.0       
7.455     2.0       
7.681     3.0       
7.89      4.0       
8.102     1.0       
8.317     2.0       
8.536     3.0       
8.766     4.0       
8.985     1.0       
9.22      2.0       
9.426     3.0       
9.654     4.0       
9.888     1.0       
10.105    2.0       
10.339    3.0       
10.552    4.0       
10.766    1.0       
10.996    2.0       
11.233    3.0       
11.468    4.0       
11.677    1.0       
11.913    2.0       
12.121    3.0       
12.33     4.0       
12.554    1.0       
12.777    2.0       
12.992    3.0       
13.224    4.0       
13.443    1.0       
13.674    2.0       
13.888    3.0       
14.108    4.0       
14.332    1.0       
14.557    2.0       
14.792    3.0       
15.022    4.0       
15.254    1.0       
15.484    2.0       
15.719    3.0       
15.939    4.0       
16.156    1.0       
16.381    2.0       
16.587    3.0       
16.821    4.0       
17.047    1.0       
17.273    2.0       
17.505    3.0       
17.725    4.0       
17.943    1.0       
18.181    2.0       
18.407    3.0       
18.613    4.0       
18.841    5.0       
19.074    1.0       
19.295    2.0       
19.508    3.0       
19.743    4.0       
19.967    5.0       
20.201    1.0       
20.421    2.0       
20.646    3.0       
20.88     4.0       
21.086    5.0       
21.302    1.0       
21.525    2.0       
21.75     3.0       
21.957    4.0       
22.17     5.0       
22.397    1.0       
22.629    2.0       
22.85     3.0       
23.073    4.0       
23.311    5.0       
23.547    1.0       
23.753    2.0       
23.99     3.0       
24.202    4.0       
24.416    5.0       
24.648    1.0       
24.885    2.0       
25.117    3.0       
25.326    4.0       
25.56     5.0       
25.77     1.0       
25.985    2.0       
26.205    3.0       
26.411    4.0       
26.64     5.0       
26.865    1.0       
27.098    2.0       
27.315    3.0       
27.537    4.0       
27.768    5.0       
27.999    1.0       
28.22     2.0       
28.454    3.0       
28.674    4.0       
28.904    5.0       
29.134    1.0       
29.366    2.0       
29.577    3.0       
29.793    4.0       
30.002    5.0       
30.223    1.0       
30.457    2.0       
30.673    3.0       
30.894    4.0       
31.114    5.0       
31.326    1.0       
31.532    2.0       
31.766    3.0       
31.992    4.0       
32.216    5.0       
32.429    1.0       
32.657    2.0       
32.871    3.0       
33.102    4.0       
33.336    5.0       
33.547    1.0       
33.76     2.0       
33.972    3.0       
34.179    4.0       
34.395    5.0       
34.617    1.0       
34.846    2.0       
35.063    3.0       
35.269    4.0       
35.501    5.0       
35.739    1.0       
35.973    2.0       
36.188    3.0       
36.418    4.0       
36.627    5.0       
36.844    1.0       
37.059    2.0       
37.292    3.0       
37.498    4.0       
37.734    5.0       
37.972    1.0       
38.199    2.0       
38.411    3.0       
38.63     4.0       
38.842    5.0       
39.067    1.0       
39.278    2.0       
39.505    3.0       
39.737    4.0       
39.954    5.0       
40.164    1.0       
40.399    2.0       
40.618    3.0       
40.842    4.0       
41.053    5.0       
41.261    1.0       
41.479    2.0       
41.703    3.0       
41.912    4.0       
42.127    5.0       
42.344    1.0       
42.569    2.0       
42.795    3.0       
43.004    4.0       
43.237    5.0       
43.464    1.0       
43.678    2.0       
43.913    3.0       
44.13     4.0       
44.337    5.0       
44.555    1.0       
44.778    2.0       
45.012    3.0       
45.232    4.0       
45.452    5.0       
45.678    1.0       
45.909    2.0       
46.127    3.0       
46.34     4.0       
46.568    5.0       
46.797    1.0       
47.008    2.0       
47.234    3.0       
47.451    4.0       
47.66     5.0       
47.898    1.0       
48.129    2.0       
48.349    3.0       
48.575    4.0       
48.811    5.0       
49.034    1.0       
49.247    2.0       
49.478    3.0       
49.705    4.0       
49.929    5.0       
50.161    1.0       
50.377    2.0       
50.614    3.0       
50.852    4.0       
51.084    5.0       
51.29     1.0       
51.504    2.0       
51.721    3.0       
51.938    4.0       
52.169    5.0       
52.378    1.0       
52.61     2.0       
52.84     3.0       
53.078    4.0       
53.316    5.0       
