0.279     1.0       
0.489     2.0       
0.688     3.0       
0.88      4.0       
1.088     1.0       
1.281     2.0       
1.477     3.0       
1.672     4.0       
1.852     1.0       
2.035     2.0       
2.223     3.0       
2.418     4.0       
2.628     1.0       
2.838     2.0       
3.037     3.0       
3.246     4.0       
3.448     1.0       
3.634     2.0       
3.818     3.0       
4.024     4.0       
4.217     1.0       
4.422     2.0       
4.616     3.0       
4.822     4.0       
5.005     1.0       
5.199     2.0       
5.384     3.0       
5.582     4.0       
5.767     1.0       
5.966     2.0       
6.158     3.0       
6.34      4.0       
6.548     1.0       
6.753     2.0       
6.955     3.0       
7.143     4.0       
7.344     5.0       
7.537     1.0       
7.716     2.0       
7.925     3.0       
8.122     4.0       
8.326     5.0       
8.51      1.0       
8.715     2.0       
8.922     3.0       
9.106     4.0       
9.291     5.0       
9.498     1.0       
9.678     2.0       
9.879     3.0       
10.061    4.0       
10.264    5.0       
10.473    1.0       
10.657    2.0       
10.856    3.0       
11.05     4.0       
11.251    5.0       
11.457    1.0       
11.667    2.0       
11.849    3.0       
12.047    4.0       
12.248    5.0       
12.449    1.0       
12.632    2.0       
12.82     3.0       
13.021    4.0       
13.226    5.0       
13.412    1.0       
13.602    2.0       
13.807    3.0       
13.992    4.0       
14.191    5.0       
14.382    1.0       
14.588    2.0       
14.776    3.0       
14.976    4.0       
15.184    5.0       
15.382    1.0       
15.564    2.0       
15.77     3.0       
15.965    4.0       
16.159    5.0       
16.357    1.0       
16.564    2.0       
16.771    3.0       
16.959    4.0       
17.169    5.0       
17.363    1.0       
17.556    2.0       
17.762    3.0       
17.956    4.0       
18.164    5.0       
18.352    1.0       
18.544    2.0       
18.744    3.0       
18.945    4.0       
19.146    5.0       
19.356    1.0       
19.559    2.0       
19.743    3.0       
19.937    4.0       
20.12     5.0       
20.322    1.0       
20.516    2.0       
20.713    3.0       
20.92     4.0       
21.123    5.0       
21.304    1.0       
21.502    2.0       
21.705    3.0       
21.895    4.0       
22.103    5.0       
22.298    1.0       
22.485    2.0       
22.673    3.0       
22.874    4.0       
23.065    5.0       
23.252    1.0       
23.443    2.0       
23.624    3.0       
23.82     4.0       
24.001    5.0       
24.204    1.0       
24.413    2.0       
24.607    3.0       
24.806    4.0       
24.986    5.0       
25.172    1.0       
25.367    2.0       
25.571    3.0       
25.776    4.0       
25.96     5.0       
26.148    1.0       
26.344    2.0       
26.544    3.0       
26.742    4.0       
26.936    5.0       
27.12     1.0       
27.311    2.0       
27.522    3.0       
27.72     4.0       
27.904    5.0       
28.094    1.0       
28.283    2.0       
28.484    3.0       
28.668    4.0       
28.866    5.0       
29.051    1.0       
29.242    2.0       
29.438    3.0       
29.625    4.0       
29.824    5.0       
30.032    1.0       
30.241    2.0       
30.424    3.0       
30.631    4.0       
30.831    5.0       
31.042    1.0       
31.229    2.0       
31.425    3.0       
31.612    4.0       
31.798    5.0       
31.997    1.0       
32.203    2.0       
32.405    3.0       
32.612    4.0       
32.816    5.0       
33.018    1.0       
33.227    2.0       
33.435    3.0       
33.633    4.0       
33.822    5.0       
34.023    1.0       
34.228    2.0       
34.417    3.0       
34.599    4.0       
34.791    5.0       
34.999    1.0       
35.185    2.0       
35.374    3.0       
35.567    4.0       
35.761    5.0       
35.951    1.0       
36.161    2.0       
36.361    3.0       
36.545    4.0       
36.741    5.0       
36.944    1.0       
37.126    2.0       
37.315    3.0       
37.496    4.0       
37.692    5.0       
