0.249     1.0       
0.461     2.0       
0.665     3.0       
0.885     4.0       
1.087     1.0       
1.287     2.0       
1.48      3.0       
1.693     4.0       
1.903     1.0       
2.122     2.0       
2.341     3.0       
2.543     4.0       
2.734     1.0       
2.941     2.0       
3.136     3.0       
3.344     4.0       
3.55      1.0       
3.771     2.0       
3.96      3.0       
4.156     4.0       
4.36      1.0       
4.554     2.0       
4.747     3.0       
4.967     4.0       
5.175     1.0       
5.38      2.0       
5.585     3.0       
5.806     4.0       
6.003     1.0       
6.207     2.0       
6.419     3.0       
6.609     4.0       
6.829     1.0       
7.038     2.0       
7.23      3.0       
7.42      4.0       
7.627     5.0       
7.817     1.0       
8.038     2.0       
8.259     3.0       
8.463     4.0       
8.677     5.0       
8.889     1.0       
9.082     2.0       
9.297     3.0       
9.515     4.0       
9.706     5.0       
9.922     1.0       
10.123    2.0       
10.334    3.0       
10.544    4.0       
10.758    5.0       
10.963    1.0       
11.161    2.0       
11.364    3.0       
11.565    4.0       
11.757    5.0       
11.976    1.0       
12.182    2.0       
12.398    3.0       
12.603    4.0       
12.793    5.0       
13.007    1.0       
13.215    2.0       
13.407    3.0       
13.597    4.0       
13.809    5.0       
13.999    1.0       
14.219    2.0       
14.439    3.0       
14.653    4.0       
14.842    5.0       
