0.259     1.0       
0.498     2.0       
0.764     3.0       
1.019     4.0       
1.262     1.0       
1.506     2.0       
1.746     3.0       
2.013     4.0       
2.28      1.0       
2.539     2.0       
2.78      3.0       
3.048     4.0       
3.311     1.0       
3.552     2.0       
3.808     3.0       
4.062     4.0       
4.321     1.0       
4.572     2.0       
4.831     3.0       
5.09      4.0       
5.326     1.0       
5.59      2.0       
5.828     3.0       
6.065     4.0       
6.319     1.0       
6.583     2.0       
6.849     3.0       
7.109     4.0       
7.369     1.0       
7.631     2.0       
7.867     3.0       
8.104     4.0       
8.372     1.0       
8.612     2.0       
8.877     3.0       
9.143     4.0       
9.405     1.0       
9.669     2.0       
9.912     3.0       
10.17     4.0       
10.418    1.0       
10.681    2.0       
10.922    3.0       
11.163    4.0       
11.431    1.0       
11.672    2.0       
11.916    3.0       
12.155    4.0       
12.391    1.0       
12.657    2.0       
12.91     3.0       
13.173    4.0       
13.411    5.0       
13.677    1.0       
13.921    2.0       
14.182    3.0       
14.428    4.0       
14.664    5.0       
14.931    1.0       
15.17     2.0       
15.42     3.0       
15.659    4.0       
15.895    5.0       
16.159    1.0       
16.426    2.0       
16.673    3.0       
16.912    4.0       
17.163    5.0       
17.417    1.0       
17.659    2.0       
17.902    3.0       
18.146    4.0       
18.412    5.0       
18.668    1.0       
18.907    2.0       
19.149    3.0       
19.398    4.0       
19.637    5.0       
19.902    1.0       
20.156    2.0       
20.396    3.0       
20.655    4.0       
20.901    5.0       
21.138    1.0       
21.406    2.0       
21.666    3.0       
21.919    4.0       
22.159    5.0       
22.398    1.0       
22.638    2.0       
22.875    3.0       
23.13     4.0       
23.371    5.0       
23.609    1.0       
23.87     2.0       
24.126    3.0       
24.37     4.0       
24.624    5.0       
24.878    1.0       
25.115    2.0       
25.375    3.0       
25.626    4.0       
25.865    5.0       
26.115    1.0       
26.377    2.0       
26.637    3.0       
26.877    4.0       
27.143    5.0       
27.394    1.0       
27.639    2.0       
27.896    3.0       
28.153    4.0       
28.414    5.0       
28.677    1.0       
28.933    2.0       
29.171    3.0       
29.433    4.0       
29.687    5.0       
29.925    1.0       
30.165    2.0       
30.414    3.0       
30.668    4.0       
30.919    5.0       
31.155    1.0       
31.398    2.0       
31.664    3.0       
31.902    4.0       
32.138    5.0       
32.388    1.0       
32.629    2.0       
32.876    3.0       
33.128    4.0       
33.373    5.0       
33.639    1.0       
33.878    2.0       
34.121    3.0       
34.388    4.0       
34.651    5.0       
34.904    1.0       
35.17     2.0       
35.411    3.0       
35.677    4.0       
35.924    5.0       
36.169    1.0       
36.409    2.0       
36.665    3.0       
36.925    4.0       
37.161    5.0       
37.397    1.0       
37.653    2.0       
37.92     3.0       
38.178    4.0       
38.432    5.0       
38.695    1.0       
38.95     2.0       
39.206    3.0       
39.444    4.0       
39.699    5.0       
39.954    1.0       
40.219    2.0       
40.482    3.0       
40.727    4.0       
40.968    5.0       
41.226    1.0       
41.467    2.0       
41.729    3.0       
41.982    4.0       
42.232    5.0       
42.477    1.0       
42.715    2.0       
42.97     3.0       
43.211    4.0       
43.45     5.0       
43.695    1.0       
43.938    2.0       
44.2      3.0       
44.458    4.0       
44.716    5.0       
44.97     1.0       
45.215    2.0       
45.463    3.0       
45.702    4.0       
45.956    5.0       
46.193    1.0       
46.452    2.0       
46.695    3.0       
46.956    4.0       
47.21     5.0       
47.463    1.0       
47.709    2.0       
47.964    3.0       
48.206    4.0       
48.459    5.0       
48.716    1.0       
48.977    2.0       
49.222    3.0       
49.462    4.0       
49.72     5.0       
49.984    1.0       
50.248    2.0       
50.485    3.0       
50.732    4.0       
50.993    5.0       
51.24     1.0       
51.496    2.0       
51.754    3.0       
52.0      4.0       
52.245    5.0       
