0.146     1.0       
0.374     2.0       
0.614     3.0       
0.844     4.0       
1.085     1.0       
1.334     2.0       
1.558     3.0       
1.803     4.0       
2.039     1.0       
2.263     2.0       
2.504     3.0       
2.749     4.0       
2.974     1.0       
3.192     2.0       
3.425     3.0       
3.659     4.0       
3.883     1.0       
4.123     2.0       
4.354     3.0       
4.576     4.0       
4.81      1.0       
5.034     2.0       
5.277     3.0       
5.504     4.0       
5.725     1.0       
5.96      2.0       
6.188     3.0       
6.416     4.0       
6.634     1.0       
6.86      2.0       
7.086     3.0       
7.327     4.0       
7.558     1.0       
7.784     2.0       
8.027     3.0       
8.266     4.0       
8.502     1.0       
8.727     2.0       
8.948     3.0       
9.194     4.0       
9.422     1.0       
9.648     2.0       
9.878     3.0       
10.126    4.0       
10.368    1.0       
10.598    2.0       
10.847    3.0       
11.096    4.0       
11.324    1.0       
11.544    2.0       
11.775    3.0       
12.012    4.0       
12.255    1.0       
12.481    2.0       
12.726    3.0       
12.95     4.0       
13.18     1.0       
13.405    2.0       
13.626    3.0       
13.855    4.0       
14.087    1.0       
14.325    2.0       
14.553    3.0       
14.773    4.0       
14.99     1.0       
15.232    2.0       
15.471    3.0       
15.699    4.0       
15.945    1.0       
16.187    2.0       
16.431    3.0       
16.65     4.0       
16.892    1.0       
17.114    2.0       
17.346    3.0       
17.586    4.0       
17.805    1.0       
18.031    2.0       
18.261    3.0       
18.504    4.0       
18.728    1.0       
18.957    2.0       
19.177    3.0       
19.414    4.0       
19.637    5.0       
19.861    1.0       
20.109    2.0       
20.35     3.0       
20.581    4.0       
20.801    5.0       
21.034    1.0       
21.267    2.0       
21.492    3.0       
21.711    4.0       
21.958    5.0       
22.188    1.0       
22.431    2.0       
22.678    3.0       
22.926    4.0       
23.148    5.0       
23.395    1.0       
23.624    2.0       
23.861    3.0       
24.099    4.0       
24.331    5.0       
24.573    1.0       
24.791    2.0       
25.034    3.0       
25.272    4.0       
25.491    5.0       
25.723    1.0       
25.965    2.0       
26.194    3.0       
26.436    4.0       
26.666    5.0       
26.911    1.0       
27.16     2.0       
27.398    3.0       
27.647    4.0       
27.876    5.0       
28.093    1.0       
28.323    2.0       
28.549    3.0       
28.772    4.0       
29.012    5.0       
29.252    1.0       
29.489    2.0       
29.721    3.0       
29.94     4.0       
30.161    5.0       
30.387    1.0       
30.633    2.0       
30.874    3.0       
31.115    4.0       
31.342    5.0       
31.564    1.0       
31.793    2.0       
32.035    3.0       
32.265    4.0       
32.506    5.0       
