0.254     1.0       
0.498     2.0       
0.736     3.0       
0.966     4.0       
1.208     1.0       
1.427     2.0       
1.661     3.0       
1.884     4.0       
2.133     1.0       
2.355     2.0       
2.594     3.0       
2.821     4.0       
3.049     1.0       
3.3       2.0       
3.545     3.0       
3.796     4.0       
4.034     1.0       
4.268     2.0       
4.491     3.0       
4.721     4.0       
4.949     1.0       
5.195     2.0       
5.414     3.0       
5.66      4.0       
5.881     1.0       
6.129     2.0       
6.359     3.0       
6.591     4.0       
6.822     1.0       
7.066     2.0       
7.295     3.0       
7.527     4.0       
7.758     1.0       
7.992     2.0       
8.212     3.0       
8.451     4.0       
8.702     5.0       
8.926     1.0       
9.145     2.0       
9.395     3.0       
9.64      4.0       
9.889     5.0       
10.14     1.0       
10.381    2.0       
10.63     3.0       
10.857    4.0       
11.096    5.0       
11.321    1.0       
11.547    2.0       
11.797    3.0       
12.026    4.0       
12.273    5.0       
12.498    1.0       
12.735    2.0       
12.967    3.0       
13.192    4.0       
13.412    5.0       
13.643    1.0       
13.893    2.0       
14.141    3.0       
14.38     4.0       
14.599    5.0       
14.835    1.0       
15.076    2.0       
15.317    3.0       
15.553    4.0       
15.774    5.0       
16.015    1.0       
16.248    2.0       
16.489    3.0       
16.739    4.0       
16.971    5.0       
17.204    1.0       
17.455    2.0       
17.688    3.0       
17.909    4.0       
18.142    5.0       
18.39     1.0       
18.632    2.0       
18.853    3.0       
19.081    4.0       
19.3      5.0       
19.54     1.0       
19.786    2.0       
20.028    3.0       
20.258    4.0       
20.486    5.0       
20.714    1.0       
20.959    2.0       
21.201    3.0       
21.425    4.0       
21.646    5.0       
21.874    1.0       
22.107    2.0       
22.33     3.0       
22.56     4.0       
22.793    5.0       
23.03     1.0       
23.249    2.0       
23.495    3.0       
23.745    4.0       
23.996    5.0       
24.226    1.0       
24.472    2.0       
24.695    3.0       
24.932    4.0       
25.161    5.0       
25.409    1.0       
25.653    2.0       
25.876    3.0       
26.104    4.0       
26.351    5.0       
26.57     1.0       
26.815    2.0       
27.04     3.0       
27.267    4.0       
27.5      5.0       
27.741    1.0       
27.985    2.0       
28.214    3.0       
28.461    4.0       
28.707    5.0       
28.945    1.0       
29.178    2.0       
29.398    3.0       
29.648    4.0       
29.876    5.0       
30.102    1.0       
30.349    2.0       
30.584    3.0       
30.827    4.0       
31.065    5.0       
31.284    1.0       
31.504    2.0       
31.723    3.0       
31.964    4.0       
32.185    5.0       
32.429    1.0       
32.664    2.0       
32.91     3.0       
33.13     4.0       
33.37     5.0       
33.621    1.0       
33.848    2.0       
34.094    3.0       
34.342    4.0       
34.566    5.0       
34.817    1.0       
35.062    2.0       
35.288    3.0       
35.537    4.0       
35.757    5.0       
35.976    1.0       
36.22     2.0       
36.464    3.0       
36.685    4.0       
36.933    5.0       
37.182    1.0       
37.413    2.0       
37.652    3.0       
37.891    4.0       
38.116    5.0       
38.351    1.0       
38.584    2.0       
38.827    3.0       
39.067    4.0       
39.311    5.0       
39.549    1.0       
39.793    2.0       
40.032    3.0       
40.28     4.0       
40.499    5.0       
40.737    1.0       
40.974    2.0       
41.216    3.0       
41.462    4.0       
41.699    5.0       
41.925    1.0       
42.149    2.0       
42.386    3.0       
42.632    4.0       
42.856    5.0       
43.094    1.0       
43.342    2.0       
43.593    3.0       
43.84     4.0       
44.069    5.0       
44.318    1.0       
44.548    2.0       
44.776    3.0       
45.009    4.0       
45.229    5.0       
