0.171     1.0       
0.487     2.0       
0.802     3.0       
1.127     4.0       
1.462     1.0       
1.775     2.0       
2.091     3.0       
2.429     4.0       
2.766     1.0       
3.079     2.0       
3.392     3.0       
3.734     4.0       
4.063     1.0       
4.392     2.0       
4.722     3.0       
5.04      4.0       
5.366     1.0       
5.678     2.0       
6.015     3.0       
6.344     4.0       
6.67      1.0       
6.988     2.0       
7.315     3.0       
7.638     4.0       
7.977     1.0       
8.3       2.0       
8.635     3.0       
8.967     4.0       
9.304     1.0       
9.631     2.0       
9.97      3.0       
10.286    4.0       
10.605    1.0       
10.937    2.0       
11.251    3.0       
11.592    4.0       
11.918    1.0       
12.236    2.0       
12.557    3.0       
12.889    4.0       
13.213    1.0       
13.526    2.0       
13.848    3.0       
14.179    4.0       
14.497    1.0       
14.809    2.0       
15.144    3.0       
15.472    4.0       
15.815    1.0       
16.133    2.0       
16.46     3.0       
16.786    4.0       
17.1      1.0       
17.417    2.0       
17.744    3.0       
18.086    4.0       
18.402    1.0       
18.732    2.0       
19.068    3.0       
19.397    4.0       
19.739    1.0       
20.064    2.0       
20.397    3.0       
20.729    4.0       
21.07     1.0       
21.394    2.0       
21.709    3.0       
22.022    4.0       
22.356    5.0       
22.68     1.0       
23.007    2.0       
23.342    3.0       
23.673    4.0       
24.009    5.0       
24.332    1.0       
24.653    2.0       
24.987    3.0       
25.308    4.0       
25.633    5.0       
25.955    1.0       
26.278    2.0       
26.613    3.0       
26.952    4.0       
27.27     5.0       
27.602    1.0       
27.927    2.0       
28.246    3.0       
28.56     4.0       
28.876    5.0       
29.189    1.0       
29.521    2.0       
29.839    3.0       
30.156    4.0       
30.484    5.0       
30.816    1.0       
31.137    2.0       
31.461    3.0       
31.788    4.0       
32.11     5.0       
32.446    1.0       
32.773    2.0       
33.116    3.0       
33.457    4.0       
33.799    5.0       
34.122    1.0       
34.462    2.0       
34.782    3.0       
35.121    4.0       
35.456    5.0       
35.778    1.0       
36.117    2.0       
36.445    3.0       
36.759    4.0       
37.095    5.0       
37.425    1.0       
37.754    2.0       
38.074    3.0       
38.402    4.0       
38.737    5.0       
39.071    1.0       
39.402    2.0       
39.724    3.0       
40.064    4.0       
40.401    5.0       
