0.237     1.0       
0.572     2.0       
0.906     3.0       
1.232     4.0       
1.577     1.0       
1.9       2.0       
2.214     3.0       
2.559     4.0       
2.889     1.0       
3.233     2.0       
3.568     3.0       
3.89      4.0       
4.22      1.0       
4.541     2.0       
4.884     3.0       
5.215     4.0       
5.553     1.0       
5.882     2.0       
6.212     3.0       
6.555     4.0       
6.893     1.0       
7.236     2.0       
7.561     3.0       
7.902     4.0       
8.224     1.0       
8.568     2.0       
8.893     3.0       
9.237     4.0       
9.56      1.0       
9.876     2.0       
10.214    3.0       
10.557    4.0       
10.885    1.0       
11.222    2.0       
11.559    3.0       
11.872    4.0       
12.196    1.0       
12.519    2.0       
12.836    3.0       
13.174    4.0       
13.492    1.0       
13.83     2.0       
14.153    3.0       
14.474    4.0       
14.81     1.0       
15.146    2.0       
15.478    3.0       
15.82     4.0       
16.155    1.0       
16.493    2.0       
16.824    3.0       
17.138    4.0       
17.473    1.0       
17.817    2.0       
18.135    3.0       
18.471    4.0       
18.799    1.0       
19.13     2.0       
19.449    3.0       
19.762    4.0       
20.099    1.0       
20.436    2.0       
20.767    3.0       
21.091    4.0       
21.41     1.0       
21.744    2.0       
22.057    3.0       
22.383    4.0       
22.696    1.0       
23.018    2.0       
23.36     3.0       
23.705    4.0       
24.022    1.0       
24.364    2.0       
24.685    3.0       
25.021    4.0       
25.355    1.0       
25.694    2.0       
26.011    3.0       
26.33     4.0       
26.674    1.0       
26.992    2.0       
27.31     3.0       
27.625    4.0       
27.964    1.0       
28.282    2.0       
28.613    3.0       
28.944    4.0       
29.27     1.0       
29.597    2.0       
29.923    3.0       
30.247    4.0       
30.584    1.0       
30.909    2.0       
31.223    3.0       
31.555    4.0       
31.889    1.0       
32.223    2.0       
32.553    3.0       
32.898    4.0       
33.228    5.0       
33.546    1.0       
33.862    2.0       
34.184    3.0       
34.511    4.0       
34.83     5.0       
35.167    1.0       
35.511    2.0       
35.824    3.0       
36.161    4.0       
36.478    5.0       
36.819    1.0       
37.133    2.0       
37.474    3.0       
37.791    4.0       
38.128    5.0       
38.449    1.0       
38.779    2.0       
39.108    3.0       
39.452    4.0       
39.781    5.0       
40.126    1.0       
40.454    2.0       
40.772    3.0       
41.114    4.0       
41.446    5.0       
41.77     1.0       
42.09     2.0       
42.425    3.0       
42.747    4.0       
43.081    5.0       
43.402    1.0       
43.737    2.0       
44.06     3.0       
44.405    4.0       
44.729    5.0       
