0.174     1.0       
0.451     2.0       
0.737     3.0       
1.01      4.0       
1.283     1.0       
1.569     2.0       
1.858     3.0       
2.142     4.0       
2.428     1.0       
2.717     2.0       
3.005     3.0       
3.278     4.0       
3.581     1.0       
3.855     2.0       
4.145     3.0       
4.449     4.0       
4.746     1.0       
5.047     2.0       
5.342     3.0       
5.627     4.0       
5.932     1.0       
6.209     2.0       
6.502     3.0       
6.807     4.0       
7.103     1.0       
7.403     2.0       
7.69      3.0       
7.988     4.0       
8.281     1.0       
8.575     2.0       
8.852     3.0       
9.154     4.0       
9.457     1.0       
9.73      2.0       
10.013    3.0       
10.287    4.0       
10.576    1.0       
10.85     2.0       
11.146    3.0       
11.436    4.0       
11.736    1.0       
12.028    2.0       
12.328    3.0       
12.619    4.0       
12.919    1.0       
13.205    2.0       
13.505    3.0       
13.808    4.0       
14.112    1.0       
14.392    2.0       
14.668    3.0       
14.973    4.0       
15.265    1.0       
15.559    2.0       
15.854    3.0       
16.14     4.0       
16.441    1.0       
16.733    2.0       
17.027    3.0       
17.307    4.0       
17.593    1.0       
17.896    2.0       
18.2      3.0       
18.494    4.0       
18.78     1.0       
19.055    2.0       
19.347    3.0       
19.625    4.0       
19.921    1.0       
20.217    2.0       
20.49     3.0       
20.777    4.0       
21.066    1.0       
21.343    2.0       
21.633    3.0       
21.935    4.0       
22.217    1.0       
22.49     2.0       
22.775    3.0       
23.065    4.0       
23.364    1.0       
23.642    2.0       
23.946    3.0       
24.219    4.0       
24.501    1.0       
24.791    2.0       
25.066    3.0       
25.342    4.0       
25.632    1.0       
25.935    2.0       
26.222    3.0       
26.514    4.0       
26.805    1.0       
27.095    2.0       
27.397    3.0       
27.683    4.0       
27.98     1.0       
28.284    2.0       
28.588    3.0       
28.863    4.0       
29.154    1.0       
29.437    2.0       
29.734    3.0       
30.019    4.0       
30.308    1.0       
30.613    2.0       
30.887    3.0       
31.189    4.0       
31.462    1.0       
31.748    2.0       
32.021    3.0       
32.318    4.0       
32.591    1.0       
32.89     2.0       
33.173    3.0       
33.456    4.0       
33.76     5.0       
34.062    1.0       
34.367    2.0       
34.641    3.0       
34.917    4.0       
35.206    5.0       
35.483    1.0       
35.786    2.0       
36.059    3.0       
36.348    4.0       
36.622    5.0       
36.897    1.0       
37.201    2.0       
37.479    3.0       
37.753    4.0       
38.027    5.0       
38.327    1.0       
38.601    2.0       
38.89     3.0       
39.189    4.0       
39.464    5.0       
39.747    1.0       
40.037    2.0       
40.332    3.0       
40.623    4.0       
40.898    5.0       
41.196    1.0       
41.495    2.0       
41.78     3.0       
42.078    4.0       
42.363    5.0       
42.654    1.0       
42.932    2.0       
43.224    3.0       
43.505    4.0       
43.81     5.0       
44.095    1.0       
44.374    2.0       
44.662    3.0       
44.958    4.0       
45.253    5.0       
45.554    1.0       
45.837    2.0       
46.125    3.0       
46.417    4.0       
46.721    5.0       
47.011    1.0       
47.285    2.0       
47.587    3.0       
47.887    4.0       
48.175    5.0       
48.448    1.0       
48.721    2.0       
49.024    3.0       
49.299    4.0       
49.599    5.0       
49.878    1.0       
50.165    2.0       
50.465    3.0       
50.767    4.0       
51.056    5.0       
51.351    1.0       
51.625    2.0       
51.907    3.0       
52.18     4.0       
52.456    5.0       
52.739    1.0       
53.033    2.0       
53.328    3.0       
53.604    4.0       
53.906    5.0       
54.192    1.0       
54.467    2.0       
54.753    3.0       
55.057    4.0       
55.358    5.0       
