0.257     1.0       
0.545     2.0       
0.833     3.0       
1.129     4.0       
1.429     1.0       
1.72      2.0       
2.013     3.0       
2.317     4.0       
2.615     1.0       
2.906     2.0       
3.19      3.0       
3.468     4.0       
3.772     1.0       
4.071     2.0       
4.374     3.0       
4.669     4.0       
4.976     1.0       
5.268     2.0       
5.566     3.0       
5.842     4.0       
6.141     1.0       
6.438     2.0       
6.741     3.0       
7.026     4.0       
7.325     1.0       
7.632     2.0       
7.915     3.0       
8.215     4.0       
8.499     1.0       
8.794     2.0       
9.094     3.0       
9.398     4.0       
9.673     1.0       
9.964     2.0       
10.258    3.0       
10.546    4.0       
10.846    1.0       
11.142    2.0       
11.435    3.0       
11.737    4.0       
12.025    1.0       
12.323    2.0       
12.615    3.0       
12.92     4.0       
13.22     1.0       
13.514    2.0       
13.816    3.0       
14.098    4.0       
14.382    1.0       
14.675    2.0       
14.959    3.0       
15.238    4.0       
15.529    1.0       
15.822    2.0       
16.128    3.0       
16.427    4.0       
16.731    1.0       
17.021    2.0       
17.318    3.0       
17.616    4.0       
17.913    1.0       
18.208    2.0       
18.49     3.0       
18.783    4.0       
19.076    1.0       
19.38     2.0       
19.673    3.0       
19.968    4.0       
20.248    1.0       
20.533    2.0       
20.834    3.0       
21.111    4.0       
21.409    1.0       
21.714    2.0       
22.012    3.0       
22.311    4.0       
22.613    1.0       
22.889    2.0       
23.19     3.0       
23.474    4.0       
23.753    1.0       
24.045    2.0       
24.341    3.0       
24.647    4.0       
24.929    1.0       
25.211    2.0       
25.495    3.0       
25.782    4.0       
26.075    1.0       
26.381    2.0       
26.687    3.0       
26.98     4.0       
27.258    1.0       
27.559    2.0       
27.841    3.0       
28.132    4.0       
28.43     1.0       
28.711    2.0       
29.014    3.0       
29.296    4.0       
29.598    1.0       
29.875    2.0       
30.158    3.0       
30.443    4.0       
30.747    1.0       
31.052    2.0       
31.327    3.0       
31.621    4.0       
31.904    1.0       
32.185    2.0       
32.491    3.0       
32.766    4.0       
33.062    1.0       
33.355    2.0       
33.647    3.0       
33.928    4.0       
34.212    5.0       
34.493    1.0       
34.785    2.0       
35.084    3.0       
35.382    4.0       
35.661    5.0       
35.963    1.0       
36.269    2.0       
36.559    3.0       
36.851    4.0       
37.138    5.0       
37.433    1.0       
37.725    2.0       
38.031    3.0       
38.336    4.0       
38.64     5.0       
38.925    1.0       
39.227    2.0       
39.531    3.0       
39.818    4.0       
40.109    5.0       
40.39     1.0       
40.679    2.0       
40.983    3.0       
41.27     4.0       
41.575    5.0       
41.864    1.0       
42.14     2.0       
42.441    3.0       
42.731    4.0       
43.037    5.0       
43.34     1.0       
43.627    2.0       
43.931    3.0       
44.218    4.0       
44.524    5.0       
44.812    1.0       
45.109    2.0       
45.39     3.0       
45.688    4.0       
45.963    5.0       
46.254    1.0       
46.559    2.0       
46.865    3.0       
47.159    4.0       
47.457    5.0       
47.754    1.0       
48.035    2.0       
48.338    3.0       
48.614    4.0       
48.905    5.0       
49.194    1.0       
49.47     2.0       
49.75     3.0       
50.055    4.0       
50.333    5.0       
50.633    1.0       
50.912    2.0       
51.215    3.0       
51.503    4.0       
51.802    5.0       
52.096    1.0       
52.375    2.0       
52.65     3.0       
52.926    4.0       
53.222    5.0       
53.513    1.0       
53.818    2.0       
54.115    3.0       
54.402    4.0       
54.687    5.0       
54.986    1.0       
55.265    2.0       
55.552    3.0       
55.859    4.0       
56.145    5.0       
