0.292     1.0       
0.62      2.0       
0.956     3.0       
1.271     4.0       
1.609     1.0       
1.94      2.0       
2.251     3.0       
2.579     4.0       
2.92      1.0       
3.257     2.0       
3.575     3.0       
3.887     4.0       
4.2       1.0       
4.52      2.0       
4.831     3.0       
5.16      4.0       
5.47      1.0       
5.801     2.0       
6.122     3.0       
6.431     4.0       
6.771     1.0       
7.098     2.0       
7.432     3.0       
7.754     4.0       
8.091     1.0       
8.406     2.0       
8.72      3.0       
9.037     4.0       
9.349     1.0       
9.662     2.0       
9.987     3.0       
10.311    4.0       
10.635    1.0       
10.963    2.0       
11.304    3.0       
11.631    4.0       
11.97     1.0       
12.287    2.0       
12.608    3.0       
12.929    4.0       
13.262    1.0       
13.582    2.0       
13.894    3.0       
14.207    4.0       
14.54     1.0       
14.87     2.0       
15.196    3.0       
15.533    4.0       
15.872    1.0       
16.183    2.0       
16.519    3.0       
16.84     4.0       
17.152    1.0       
17.479    2.0       
17.81     3.0       
18.126    4.0       
18.444    1.0       
18.76     2.0       
19.099    3.0       
19.43     4.0       
19.769    1.0       
20.103    2.0       
20.439    3.0       
20.763    4.0       
21.072    1.0       
21.392    2.0       
21.702    3.0       
22.038    4.0       
22.375    5.0       
22.709    1.0       
23.039    2.0       
23.377    3.0       
23.704    4.0       
24.042    5.0       
24.358    1.0       
24.694    2.0       
25.016    3.0       
25.343    4.0       
25.677    5.0       
25.992    1.0       
26.311    2.0       
26.636    3.0       
26.949    4.0       
27.278    5.0       
27.595    1.0       
27.909    2.0       
28.25     3.0       
28.563    4.0       
28.901    5.0       
29.221    1.0       
29.539    2.0       
29.855    3.0       
30.187    4.0       
30.51     5.0       
30.83     1.0       
31.155    2.0       
31.481    3.0       
31.82     4.0       
32.129    5.0       
32.452    1.0       
32.772    2.0       
33.093    3.0       
33.414    4.0       
33.723    5.0       
34.032    1.0       
34.353    2.0       
34.676    3.0       
34.985    4.0       
35.296    5.0       
35.612    1.0       
35.945    2.0       
36.258    3.0       
36.567    4.0       
36.903    5.0       
37.24     1.0       
37.568    2.0       
37.897    3.0       
38.207    4.0       
38.523    5.0       
38.861    1.0       
39.193    2.0       
39.519    3.0       
39.829    4.0       
40.139    5.0       
