0.129     1.0       
0.413     2.0       
0.692     3.0       
0.979     4.0       
1.261     1.0       
1.553     2.0       
1.846     3.0       
2.129     4.0       
2.398     1.0       
2.68      2.0       
2.943     3.0       
3.231     4.0       
3.503     1.0       
3.788     2.0       
4.066     3.0       
4.349     4.0       
4.618     1.0       
4.901     2.0       
5.176     3.0       
5.466     4.0       
5.734     1.0       
6.006     2.0       
6.292     3.0       
6.566     4.0       
6.831     1.0       
7.096     2.0       
7.363     3.0       
7.649     4.0       
7.94      1.0       
8.219     2.0       
8.486     3.0       
8.757     4.0       
9.047     1.0       
9.317     2.0       
9.587     3.0       
9.877     4.0       
10.171    1.0       
10.463    2.0       
10.733    3.0       
11.014    4.0       
11.305    1.0       
11.593    2.0       
11.877    3.0       
12.152    4.0       
12.439    1.0       
12.719    2.0       
12.986    3.0       
13.279    4.0       
13.571    1.0       
13.859    2.0       
14.153    3.0       
14.424    4.0       
14.708    1.0       
14.981    2.0       
15.26     3.0       
15.535    4.0       
15.817    1.0       
16.104    2.0       
16.369    3.0       
16.658    4.0       
16.949    1.0       
17.235    2.0       
17.524    3.0       
17.788    4.0       
18.057    1.0       
18.335    2.0       
18.628    3.0       
18.917    4.0       
19.198    1.0       
19.492    2.0       
19.772    3.0       
20.053    4.0       
20.319    1.0       
20.595    2.0       
20.865    3.0       
21.134    4.0       
21.405    1.0       
21.671    2.0       
21.962    3.0       
22.241    4.0       
22.532    1.0       
22.814    2.0       
23.105    3.0       
23.395    4.0       
23.683    5.0       
23.956    1.0       
24.25     2.0       
24.514    3.0       
24.809    4.0       
25.085    5.0       
25.376    1.0       
25.644    2.0       
25.916    3.0       
26.209    4.0       
26.489    5.0       
26.756    1.0       
27.046    2.0       
27.312    3.0       
27.602    4.0       
27.891    5.0       
28.17     1.0       
28.436    2.0       
28.725    3.0       
28.995    4.0       
29.274    5.0       
29.562    1.0       
29.847    2.0       
30.138    3.0       
30.401    4.0       
30.675    5.0       
30.957    1.0       
31.237    2.0       
31.516    3.0       
31.78     4.0       
32.075    5.0       
32.348    1.0       
32.62     2.0       
32.887    3.0       
33.151    4.0       
33.422    5.0       
