0.281     1.0       
0.524     2.0       
0.797     3.0       
1.059     4.0       
1.317     1.0       
1.588     2.0       
1.847     3.0       
2.11      4.0       
2.37      1.0       
2.629     2.0       
2.892     3.0       
3.136     4.0       
3.403     1.0       
3.663     2.0       
3.911     3.0       
4.172     4.0       
4.434     1.0       
4.693     2.0       
4.945     3.0       
5.195     4.0       
5.444     1.0       
5.707     2.0       
5.963     3.0       
6.231     4.0       
6.473     1.0       
6.725     2.0       
6.997     3.0       
7.241     4.0       
7.508     1.0       
7.762     2.0       
8.024     3.0       
8.283     4.0       
8.527     1.0       
8.773     2.0       
9.023     3.0       
9.282     4.0       
9.532     5.0       
9.803     1.0       
10.06     2.0       
10.32     3.0       
10.561    4.0       
10.823    5.0       
11.068    1.0       
11.314    2.0       
11.587    3.0       
11.83     4.0       
12.075    5.0       
12.345    1.0       
12.59     2.0       
12.848    3.0       
13.116    4.0       
13.377    5.0       
13.622    1.0       
13.88     2.0       
14.153    3.0       
14.422    4.0       
14.686    5.0       
14.951    1.0       
15.197    2.0       
15.456    3.0       
15.702    4.0       
15.953    5.0       
16.215    1.0       
16.476    2.0       
16.744    3.0       
17.012    4.0       
17.273    5.0       
17.538    1.0       
17.779    2.0       
18.028    3.0       
18.29     4.0       
18.551    5.0       
18.806    1.0       
19.057    2.0       
19.316    3.0       
19.559    4.0       
19.825    5.0       
20.078    1.0       
20.333    2.0       
20.601    3.0       
20.866    4.0       
21.135    5.0       
21.39     1.0       
21.646    2.0       
21.892    3.0       
22.164    4.0       
22.432    5.0       
22.704    1.0       
22.971    2.0       
23.225    3.0       
23.484    4.0       
23.738    5.0       
24.005    1.0       
24.273    2.0       
24.532    3.0       
24.773    4.0       
25.026    5.0       
25.294    1.0       
25.548    2.0       
25.808    3.0       
26.052    4.0       
26.318    5.0       
26.568    1.0       
26.819    2.0       
27.072    3.0       
27.329    4.0       
27.591    5.0       
27.862    1.0       
28.106    2.0       
28.379    3.0       
28.646    4.0       
28.917    5.0       
29.16     1.0       
29.425    2.0       
29.666    3.0       
29.931    4.0       
30.185    5.0       
30.454    1.0       
30.709    2.0       
30.982    3.0       
31.225    4.0       
31.49     5.0       
31.762    1.0       
32.018    2.0       
32.289    3.0       
32.544    4.0       
32.813    5.0       
33.074    1.0       
33.328    2.0       
33.57     3.0       
33.833    4.0       
34.091    5.0       
