0.203     1.0       
0.45      2.0       
0.716     3.0       
0.968     4.0       
1.206     1.0       
1.45      2.0       
1.693     3.0       
1.931     4.0       
2.188     1.0       
2.454     2.0       
2.712     3.0       
2.978     4.0       
3.236     1.0       
3.484     2.0       
3.742     3.0       
3.977     4.0       
4.236     1.0       
4.479     2.0       
4.732     3.0       
4.969     4.0       
5.233     1.0       
5.478     2.0       
5.743     3.0       
5.999     4.0       
6.237     1.0       
6.483     2.0       
6.725     3.0       
6.968     4.0       
7.208     1.0       
7.457     2.0       
7.692     3.0       
7.948     4.0       
8.185     1.0       
8.427     2.0       
8.663     3.0       
8.921     4.0       
9.18      1.0       
9.426     2.0       
9.667     3.0       
9.919     4.0       
10.157    1.0       
10.42     2.0       
10.656    3.0       
10.906    4.0       
11.167    1.0       
11.427    2.0       
11.684    3.0       
11.94     4.0       
12.196    1.0       
12.446    2.0       
12.702    3.0       
12.955    4.0       
13.203    5.0       
13.462    1.0       
13.727    2.0       
13.962    3.0       
14.221    4.0       
14.456    5.0       
14.714    1.0       
14.962    2.0       
15.214    3.0       
15.464    4.0       
15.724    5.0       
15.983    1.0       
16.238    2.0       
16.488    3.0       
16.749    4.0       
16.999    5.0       
17.246    1.0       
17.493    2.0       
17.738    3.0       
17.982    4.0       
18.228    5.0       
18.483    1.0       
18.738    2.0       
18.975    3.0       
19.231    4.0       
19.473    5.0       
19.708    1.0       
19.966    2.0       
20.212    3.0       
20.46     4.0       
20.7      5.0       
20.947    1.0       
21.195    2.0       
21.453    3.0       
21.713    4.0       
21.968    5.0       
22.228    1.0       
22.473    2.0       
22.72     3.0       
22.969    4.0       
23.231    5.0       
23.491    1.0       
23.734    2.0       
23.985    3.0       
24.238    4.0       
24.493    5.0       
24.745    1.0       
24.982    2.0       
25.249    3.0       
25.496    4.0       
25.736    5.0       
25.988    1.0       
26.224    2.0       
26.47     3.0       
26.732    4.0       
26.987    5.0       
27.232    1.0       
27.482    2.0       
27.735    3.0       
27.989    4.0       
28.248    5.0       
28.493    1.0       
28.736    2.0       
28.971    3.0       
29.222    4.0       
29.458    5.0       
29.716    1.0       
29.957    2.0       
30.203    3.0       
30.468    4.0       
30.725    5.0       
30.989    1.0       
31.251    2.0       
31.514    3.0       
31.781    4.0       
32.029    5.0       
32.287    1.0       
32.546    2.0       
32.811    3.0       
33.074    4.0       
33.336    5.0       
33.576    1.0       
33.84     2.0       
34.105    3.0       
34.362    4.0       
34.607    5.0       
34.867    1.0       
35.132    2.0       
35.385    3.0       
35.648    4.0       
35.898    5.0       
36.163    1.0       
36.403    2.0       
36.667    3.0       
36.921    4.0       
37.173    5.0       
37.424    1.0       
37.685    2.0       
37.95     3.0       
38.215    4.0       
38.45     5.0       
38.709    1.0       
38.956    2.0       
39.196    3.0       
39.448    4.0       
39.713    5.0       
39.966    1.0       
40.22     2.0       
40.477    3.0       
40.717    4.0       
40.961    5.0       
41.228    1.0       
41.465    2.0       
41.71     3.0       
41.963    4.0       
42.199    5.0       
42.452    1.0       
42.703    2.0       
42.948    3.0       
43.213    4.0       
43.464    5.0       
43.708    1.0       
43.947    2.0       
44.203    3.0       
44.467    4.0       
44.715    5.0       
44.959    1.0       
45.207    2.0       
45.461    3.0       
45.713    4.0       
45.961    5.0       
46.198    1.0       
46.447    2.0       
46.686    3.0       
46.941    4.0       
47.198    5.0       
47.459    1.0       
47.712    2.0       
47.949    3.0       
48.207    4.0       
48.473    5.0       
48.715    1.0       
48.978    2.0       
49.235    3.0       
49.497    4.0       
49.747    5.0       
50.004    1.0       
50.263    2.0       
50.515    3.0       
50.773    4.0       
51.011    5.0       
51.269    1.0       
51.53     2.0       
51.782    3.0       
52.044    4.0       
52.306    5.0       
