0.111     1.0       
0.46      2.0       
0.803     3.0       
1.13      4.0       
1.46      1.0       
1.816     2.0       
2.16      3.0       
2.486     4.0       
2.841     1.0       
3.176     2.0       
3.529     3.0       
3.872     4.0       
4.217     1.0       
4.555     2.0       
4.907     3.0       
5.251     4.0       
5.592     1.0       
5.92      2.0       
6.263     3.0       
6.603     4.0       
6.955     1.0       
7.286     2.0       
7.633     3.0       
7.963     4.0       
8.306     1.0       
8.652     2.0       
8.985     3.0       
9.34      4.0       
9.688     1.0       
10.029    2.0       
10.371    3.0       
10.723    4.0       
11.05     1.0       
11.379    2.0       
11.717    3.0       
12.072    4.0       
12.398    1.0       
12.747    2.0       
13.094    3.0       
13.437    4.0       
13.777    1.0       
14.102    2.0       
14.449    3.0       
14.787    4.0       
15.128    1.0       
15.48     2.0       
15.819    3.0       
16.148    4.0       
16.485    1.0       
16.822    2.0       
17.16     3.0       
17.496    4.0       
17.851    1.0       
18.205    2.0       
18.544    3.0       
18.896    4.0       
19.236    1.0       
19.566    2.0       
19.892    3.0       
20.219    4.0       
20.564    1.0       
20.912    2.0       
21.26     3.0       
21.613    4.0       
21.952    1.0       
22.278    2.0       
22.63     3.0       
22.968    4.0       
23.303    1.0       
23.642    2.0       
23.995    3.0       
24.349    4.0       
24.677    1.0       
25.003    2.0       
25.354    3.0       
25.685    4.0       
26.029    1.0       
26.37     2.0       
26.703    3.0       
27.028    4.0       
27.363    1.0       
27.711    2.0       
28.036    3.0       
28.364    4.0       
28.69     1.0       
29.04     2.0       
29.386    3.0       
29.742    4.0       
30.076    1.0       
30.41     2.0       
30.736    3.0       
31.06     4.0       
31.408    1.0       
31.75     2.0       
32.085    3.0       
32.42     4.0       
32.767    1.0       
33.115    2.0       
33.452    3.0       
33.806    4.0       
34.152    1.0       
34.483    2.0       
34.812    3.0       
35.15     4.0       
35.483    1.0       
35.814    2.0       
36.139    3.0       
36.464    4.0       
36.797    1.0       
37.125    2.0       
37.478    3.0       
37.819    4.0       
38.156    1.0       
38.487    2.0       
38.82     3.0       
39.146    4.0       
39.471    5.0       
39.809    1.0       
40.148    2.0       
40.483    3.0       
40.814    4.0       
41.138    5.0       
41.464    1.0       
41.802    2.0       
42.138    3.0       
42.466    4.0       
42.794    5.0       
43.134    1.0       
43.487    2.0       
43.826    3.0       
44.167    4.0       
44.515    5.0       
44.847    1.0       
45.186    2.0       
45.526    3.0       
45.875    4.0       
46.213    5.0       
46.569    1.0       
46.909    2.0       
47.235    3.0       
47.564    4.0       
47.903    5.0       
48.237    1.0       
48.564    2.0       
48.895    3.0       
49.248    4.0       
49.604    5.0       
49.945    1.0       
50.282    2.0       
50.608    3.0       
50.962    4.0       
51.317    5.0       
51.645    1.0       
51.99     2.0       
52.337    3.0       
52.663    4.0       
52.995    5.0       
53.345    1.0       
53.697    2.0       
54.032    3.0       
54.365    4.0       
54.717    5.0       
55.051    1.0       
55.402    2.0       
55.726    3.0       
56.072    4.0       
56.399    5.0       
56.742    1.0       
57.079    2.0       
57.415    3.0       
57.77     4.0       
58.113    5.0       
