0.139     1.0       
0.446     2.0       
0.781     3.0       
1.088     4.0       
1.413     1.0       
1.728     2.0       
2.037     3.0       
2.373     4.0       
2.681     1.0       
2.991     2.0       
3.301     3.0       
3.612     4.0       
3.918     1.0       
4.225     2.0       
4.545     3.0       
4.883     4.0       
5.208     1.0       
5.529     2.0       
5.856     3.0       
6.171     4.0       
6.507     1.0       
6.829     2.0       
7.137     3.0       
7.453     4.0       
7.79      1.0       
8.101     2.0       
8.427     3.0       
8.739     4.0       
9.059     1.0       
9.389     2.0       
9.714     3.0       
10.045    4.0       
10.371    1.0       
10.709    2.0       
11.023    3.0       
11.346    4.0       
11.677    1.0       
12.006    2.0       
12.321    3.0       
12.636    4.0       
12.951    1.0       
13.267    2.0       
13.58     3.0       
13.892    4.0       
14.23     1.0       
14.561    2.0       
14.87     3.0       
15.193    4.0       
15.501    1.0       
15.819    2.0       
16.145    3.0       
16.462    4.0       
16.77     5.0       
17.091    1.0       
17.412    2.0       
17.718    3.0       
18.029    4.0       
18.352    5.0       
18.676    1.0       
19.014    2.0       
19.348    3.0       
19.66     4.0       
19.971    5.0       
20.28     1.0       
20.616    2.0       
20.927    3.0       
21.249    4.0       
21.583    5.0       
21.898    1.0       
22.22     2.0       
22.557    3.0       
22.892    4.0       
23.226    5.0       
23.56     1.0       
23.887    2.0       
24.204    3.0       
24.514    4.0       
24.848    5.0       
25.177    1.0       
25.486    2.0       
25.816    3.0       
26.133    4.0       
26.449    5.0       
26.759    1.0       
27.07     2.0       
27.381    3.0       
27.711    4.0       
28.019    5.0       
28.353    1.0       
28.671    2.0       
29.005    3.0       
29.32     4.0       
29.633    5.0       
29.958    1.0       
30.274    2.0       
30.606    3.0       
30.934    4.0       
31.259    5.0       
31.571    1.0       
31.909    2.0       
32.236    3.0       
32.563    4.0       
32.89     5.0       
33.223    1.0       
33.557    2.0       
33.87     3.0       
34.185    4.0       
34.501    5.0       
34.829    1.0       
35.164    2.0       
35.48     3.0       
35.792    4.0       
36.108    5.0       
36.439    1.0       
36.759    2.0       
37.093    3.0       
37.431    4.0       
37.74     5.0       
38.054    1.0       
38.391    2.0       
38.698    3.0       
39.021    4.0       
39.35     5.0       
39.662    1.0       
39.992    2.0       
40.309    3.0       
40.63     4.0       
40.965    5.0       
41.288    1.0       
41.595    2.0       
41.925    3.0       
42.257    4.0       
42.594    5.0       
42.93     1.0       
43.264    2.0       
43.602    3.0       
43.922    4.0       
44.245    5.0       
44.573    1.0       
44.888    2.0       
45.218    3.0       
45.539    4.0       
45.872    5.0       
46.192    1.0       
46.504    2.0       
46.812    3.0       
47.138    4.0       
47.466    5.0       
