0.123     1.0       
0.351     2.0       
0.552     3.0       
0.751     4.0       
0.974     1.0       
1.175     2.0       
1.382     3.0       
1.599     4.0       
1.824     1.0       
2.023     2.0       
2.252     3.0       
2.478     4.0       
2.693     1.0       
2.919     2.0       
3.118     3.0       
3.317     4.0       
3.52      1.0       
3.731     2.0       
3.945     3.0       
4.161     4.0       
4.381     1.0       
4.591     2.0       
4.801     3.0       
5.024     4.0       
5.235     1.0       
5.456     2.0       
5.674     3.0       
5.89      4.0       
6.118     1.0       
6.348     2.0       
6.551     3.0       
6.76      4.0       
6.979     1.0       
7.201     2.0       
7.423     3.0       
7.647     4.0       
7.864     1.0       
8.087     2.0       
8.302     3.0       
8.516     4.0       
8.74      1.0       
8.961     2.0       
9.161     3.0       
9.379     4.0       
9.577     1.0       
9.792     2.0       
10.011    3.0       
10.227    4.0       
10.449    1.0       
10.659    2.0       
10.865    3.0       
11.068    4.0       
11.282    1.0       
11.482    2.0       
11.702    3.0       
11.903    4.0       
12.108    1.0       
12.338    2.0       
12.543    3.0       
12.756    4.0       
12.967    1.0       
13.184    2.0       
13.403    3.0       
13.601    4.0       
13.819    1.0       
14.019    2.0       
14.238    3.0       
14.447    4.0       
14.674    5.0       
14.894    1.0       
15.097    2.0       
15.305    3.0       
15.503    4.0       
15.707    5.0       
15.918    1.0       
16.148    2.0       
16.358    3.0       
16.558    4.0       
16.763    5.0       
16.972    1.0       
17.182    2.0       
17.389    3.0       
17.587    4.0       
17.796    5.0       
18.025    1.0       
18.234    2.0       
18.442    3.0       
18.651    4.0       
18.879    5.0       
19.107    1.0       
19.311    2.0       
19.531    3.0       
19.753    4.0       
19.974    5.0       
20.189    1.0       
20.387    2.0       
20.606    3.0       
20.833    4.0       
21.047    5.0       
21.263    1.0       
21.461    2.0       
21.663    3.0       
21.872    4.0       
22.079    5.0       
22.301    1.0       
22.525    2.0       
22.723    3.0       
22.925    4.0       
23.133    5.0       
23.336    1.0       
23.558    2.0       
23.77     3.0       
23.993    4.0       
24.21     5.0       
24.412    1.0       
24.628    2.0       
24.845    3.0       
25.056    4.0       
25.262    5.0       
25.491    1.0       
25.72     2.0       
25.949    3.0       
26.153    4.0       
26.353    5.0       
