0.239     1.0       
0.487     2.0       
0.732     3.0       
1.0       4.0       
1.251     1.0       
1.521     2.0       
1.788     3.0       
2.058     4.0       
2.321     1.0       
2.577     2.0       
2.852     3.0       
3.109     4.0       
3.368     1.0       
3.611     2.0       
3.869     3.0       
4.136     4.0       
4.406     1.0       
4.669     2.0       
4.931     3.0       
5.188     4.0       
5.449     1.0       
5.7       2.0       
5.945     3.0       
6.207     4.0       
6.467     1.0       
6.737     2.0       
6.988     3.0       
7.263     4.0       
7.516     1.0       
7.781     2.0       
8.028     3.0       
8.298     4.0       
8.558     1.0       
8.801     2.0       
9.057     3.0       
9.309     4.0       
9.559     1.0       
9.827     2.0       
10.099    3.0       
10.37     4.0       
10.62     1.0       
10.888    2.0       
11.16     3.0       
11.421    4.0       
11.666    1.0       
11.936    2.0       
12.197    3.0       
12.454    4.0       
12.721    1.0       
12.979    2.0       
13.242    3.0       
13.508    4.0       
13.772    1.0       
14.031    2.0       
14.282    3.0       
14.544    4.0       
14.818    1.0       
15.079    2.0       
15.344    3.0       
15.619    4.0       
15.889    1.0       
16.163    2.0       
16.408    3.0       
16.661    4.0       
16.931    1.0       
17.181    2.0       
17.426    3.0       
17.684    4.0       
17.947    5.0       
18.196    1.0       
18.45     2.0       
18.702    3.0       
18.947    4.0       
19.195    5.0       
19.457    1.0       
19.709    2.0       
19.957    3.0       
20.23     4.0       
20.487    5.0       
20.736    1.0       
20.989    2.0       
21.249    3.0       
21.506    4.0       
21.749    5.0       
21.996    1.0       
22.247    2.0       
22.519    3.0       
22.776    4.0       
23.025    5.0       
23.271    1.0       
23.527    2.0       
23.794    3.0       
24.041    4.0       
24.289    5.0       
24.542    1.0       
24.816    2.0       
25.086    3.0       
25.333    4.0       
25.586    5.0       
25.861    1.0       
26.105    2.0       
26.372    3.0       
26.634    4.0       
26.901    5.0       
