0.209     1.0       
0.555     2.0       
0.876     3.0       
1.223     4.0       
1.559     1.0       
1.878     2.0       
2.197     3.0       
2.515     4.0       
2.848     1.0       
3.196     2.0       
3.524     3.0       
3.844     4.0       
4.183     1.0       
4.526     2.0       
4.852     3.0       
5.194     4.0       
5.533     1.0       
5.872     2.0       
6.202     3.0       
6.531     4.0       
6.848     1.0       
7.196     2.0       
7.53      3.0       
7.855     4.0       
8.188     1.0       
8.52      2.0       
8.861     3.0       
9.21      4.0       
9.55      1.0       
9.877     2.0       
10.207    3.0       
10.55     4.0       
10.89     1.0       
11.21     2.0       
11.539    3.0       
11.857    4.0       
12.175    1.0       
12.503    2.0       
12.822    3.0       
13.159    4.0       
13.487    1.0       
13.833    2.0       
14.176    3.0       
14.503    4.0       
14.824    1.0       
15.149    2.0       
15.478    3.0       
15.803    4.0       
16.12     1.0       
16.452    2.0       
16.801    3.0       
17.118    4.0       
17.444    1.0       
17.789    2.0       
18.116    3.0       
18.449    4.0       
18.767    1.0       
19.107    2.0       
19.426    3.0       
19.768    4.0       
20.109    1.0       
20.436    2.0       
20.776    3.0       
21.095    4.0       
21.438    1.0       
21.773    2.0       
22.107    3.0       
22.443    4.0       
22.763    1.0       
23.108    2.0       
23.451    3.0       
23.77     4.0       
24.093    1.0       
24.441    2.0       
24.76     3.0       
25.08     4.0       
25.397    1.0       
25.726    2.0       
26.062    3.0       
26.381    4.0       
26.725    1.0       
27.074    2.0       
27.422    3.0       
27.747    4.0       
28.094    1.0       
28.43     2.0       
28.76     3.0       
29.082    4.0       
29.413    1.0       
29.752    2.0       
30.093    3.0       
30.432    4.0       
30.758    1.0       
31.1      2.0       
31.448    3.0       
31.776    4.0       
32.124    1.0       
32.469    2.0       
32.814    3.0       
33.132    4.0       
33.476    5.0       
33.814    1.0       
34.133    2.0       
34.463    3.0       
34.801    4.0       
35.144    5.0       
35.486    1.0       
35.82     2.0       
36.152    3.0       
36.48     4.0       
36.805    5.0       
37.144    1.0       
37.483    2.0       
37.804    3.0       
38.152    4.0       
38.501    5.0       
38.828    1.0       
39.149    2.0       
39.471    3.0       
39.81     4.0       
40.13     5.0       
40.455    1.0       
40.796    2.0       
41.132    3.0       
41.47     4.0       
41.8      5.0       
42.132    1.0       
42.458    2.0       
42.807    3.0       
43.127    4.0       
43.448    5.0       
43.797    1.0       
44.126    2.0       
44.452    3.0       
44.785    4.0       
45.117    5.0       
45.448    1.0       
45.771    2.0       
46.099    3.0       
46.42     4.0       
46.739    5.0       
47.085    1.0       
47.415    2.0       
47.751    3.0       
48.09     4.0       
48.409    5.0       
48.741    1.0       
49.082    2.0       
49.423    3.0       
49.76     4.0       
50.099    5.0       
50.447    1.0       
50.768    2.0       
51.109    3.0       
51.452    4.0       
51.789    5.0       
52.129    1.0       
52.449    2.0       
52.789    3.0       
53.128    4.0       
53.446    5.0       
53.778    1.0       
54.107    2.0       
54.443    3.0       
54.777    4.0       
55.097    5.0       
55.416    1.0       
55.757    2.0       
56.091    3.0       
56.416    4.0       
56.747    5.0       
57.09     1.0       
57.431    2.0       
57.759    3.0       
58.1      4.0       
58.445    5.0       
58.793    1.0       
59.117    2.0       
59.436    3.0       
59.762    4.0       
60.086    5.0       
60.417    1.0       
60.745    2.0       
61.074    3.0       
61.422    4.0       
61.743    5.0       
62.081    1.0       
62.416    2.0       
62.756    3.0       
63.104    4.0       
63.421    5.0       
63.767    1.0       
64.101    2.0       
64.43     3.0       
64.756    4.0       
65.09     5.0       
