0.193     1.0       
0.404     2.0       
0.615     3.0       
0.83      4.0       
1.054     1.0       
1.261     2.0       
1.472     3.0       
1.689     4.0       
1.902     1.0       
2.124     2.0       
2.346     3.0       
2.561     4.0       
2.798     1.0       
3.019     2.0       
3.242     3.0       
3.462     4.0       
3.694     1.0       
3.931     2.0       
4.168     3.0       
4.395     4.0       
4.615     1.0       
4.821     2.0       
5.055     3.0       
5.263     4.0       
5.497     1.0       
5.726     2.0       
5.958     3.0       
6.194     4.0       
6.422     1.0       
6.658     2.0       
6.864     3.0       
7.077     4.0       
7.308     1.0       
7.53      2.0       
7.743     3.0       
7.97      4.0       
8.207     1.0       
8.42      2.0       
8.633     3.0       
8.847     4.0       
9.082     1.0       
9.291     2.0       
9.498     3.0       
9.736     4.0       
9.95      1.0       
10.164    2.0       
10.395    3.0       
10.609    4.0       
10.819    1.0       
11.039    2.0       
11.26     3.0       
11.481    4.0       
11.697    1.0       
11.906    2.0       
12.121    3.0       
12.33     4.0       
12.558    1.0       
12.778    2.0       
13.001    3.0       
13.224    4.0       
13.45     1.0       
13.68     2.0       
13.908    3.0       
14.145    4.0       
14.383    1.0       
14.612    2.0       
14.842    3.0       
15.048    4.0       
15.286    1.0       
15.503    2.0       
15.732    3.0       
15.956    4.0       
16.19     1.0       
16.41     2.0       
16.62     3.0       
16.854    4.0       
17.082    1.0       
17.306    2.0       
17.532    3.0       
17.756    4.0       
17.964    1.0       
18.17     2.0       
18.384    3.0       
18.594    4.0       
18.8      1.0       
19.01     2.0       
19.238    3.0       
19.446    4.0       
19.657    1.0       
19.876    2.0       
20.084    3.0       
20.294    4.0       
20.504    1.0       
20.722    2.0       
20.93     3.0       
21.157    4.0       
21.394    1.0       
21.61     2.0       
21.843    3.0       
22.051    4.0       
22.264    1.0       
22.472    2.0       
22.682    3.0       
22.897    4.0       
23.131    1.0       
23.36     2.0       
23.593    3.0       
23.819    4.0       
24.043    1.0       
24.28     2.0       
24.512    3.0       
24.741    4.0       
24.965    1.0       
25.175    2.0       
25.392    3.0       
25.603    4.0       
25.814    5.0       
26.042    1.0       
26.264    2.0       
26.493    3.0       
26.727    4.0       
26.936    5.0       
27.147    1.0       
27.367    2.0       
27.585    3.0       
27.817    4.0       
28.042    5.0       
28.271    1.0       
28.499    2.0       
28.731    3.0       
28.937    4.0       
29.161    5.0       
29.387    1.0       
29.623    2.0       
29.854    3.0       
30.072    4.0       
30.3      5.0       
30.528    1.0       
30.757    2.0       
30.995    3.0       
31.212    4.0       
31.425    5.0       
31.659    1.0       
31.882    2.0       
32.112    3.0       
32.323    4.0       
32.559    5.0       
32.773    1.0       
32.984    2.0       
33.203    3.0       
33.433    4.0       
33.663    5.0       
33.876    1.0       
34.106    2.0       
34.312    3.0       
34.544    4.0       
34.756    5.0       
34.966    1.0       
35.194    2.0       
35.413    3.0       
35.65     4.0       
35.884    5.0       
36.091    1.0       
36.304    2.0       
36.535    3.0       
36.767    4.0       
36.978    5.0       
37.209    1.0       
37.419    2.0       
37.632    3.0       
37.848    4.0       
38.077    5.0       
38.313    1.0       
38.532    2.0       
38.744    3.0       
38.96     4.0       
39.187    5.0       
39.396    1.0       
39.621    2.0       
39.832    3.0       
40.058    4.0       
40.274    5.0       
40.51     1.0       
40.72     2.0       
40.954    3.0       
41.182    4.0       
41.395    5.0       
41.625    1.0       
41.848    2.0       
42.056    3.0       
42.267    4.0       
42.473    5.0       
42.693    1.0       
42.901    2.0       
43.116    3.0       
43.344    4.0       
43.562    5.0       
43.781    1.0       
44.014    2.0       
44.233    3.0       
44.446    4.0       
44.67     5.0       
44.9      1.0       
45.138    2.0       
45.366    3.0       
45.602    4.0       
45.811    5.0       
46.019    1.0       
46.238    2.0       
46.466    3.0       
46.682    4.0       
46.901    5.0       
