0.214     1.0       
0.466     2.0       
0.732     3.0       
0.995     4.0       
1.269     1.0       
1.524     2.0       
1.8       3.0       
2.076     4.0       
2.347     1.0       
2.618     2.0       
2.888     3.0       
3.148     4.0       
3.415     1.0       
3.693     2.0       
3.967     3.0       
4.244     4.0       
4.493     1.0       
4.754     2.0       
5.018     3.0       
5.274     4.0       
5.522     1.0       
5.786     2.0       
6.05      3.0       
6.298     4.0       
6.574     1.0       
6.846     2.0       
7.109     3.0       
7.376     4.0       
7.644     1.0       
7.909     2.0       
8.161     3.0       
8.414     4.0       
8.665     1.0       
8.928     2.0       
9.201     3.0       
9.463     4.0       
9.721     1.0       
9.993     2.0       
10.242    3.0       
10.503    4.0       
10.766    1.0       
11.025    2.0       
11.28     3.0       
11.528    4.0       
11.8      1.0       
12.054    2.0       
12.315    3.0       
12.569    4.0       
12.846    1.0       
13.106    2.0       
13.358    3.0       
13.635    4.0       
13.9      5.0       
14.149    1.0       
14.428    2.0       
14.687    3.0       
14.964    4.0       
15.236    5.0       
15.489    1.0       
15.747    2.0       
16.018    3.0       
16.268    4.0       
16.532    5.0       
16.793    1.0       
17.048    2.0       
17.325    3.0       
17.59     4.0       
17.839    5.0       
18.1      1.0       
18.376    2.0       
18.646    3.0       
18.906    4.0       
19.168    5.0       
19.436    1.0       
19.708    2.0       
19.957    3.0       
20.221    4.0       
20.48     5.0       
20.731    1.0       
20.996    2.0       
21.247    3.0       
21.502    4.0       
21.763    5.0       
22.012    1.0       
22.283    2.0       
22.553    3.0       
22.819    4.0       
23.092    5.0       
23.342    1.0       
23.614    2.0       
23.867    3.0       
24.13     4.0       
24.403    5.0       
24.677    1.0       
24.941    2.0       
25.202    3.0       
25.456    4.0       
25.734    5.0       
25.999    1.0       
26.27     2.0       
26.541    3.0       
26.797    4.0       
27.054    5.0       
27.333    1.0       
27.58     2.0       
27.846    3.0       
28.102    4.0       
28.356    5.0       
28.626    1.0       
28.904    2.0       
29.176    3.0       
29.425    4.0       
29.682    5.0       
29.961    1.0       
30.236    2.0       
30.493    3.0       
30.762    4.0       
31.018    5.0       
31.286    1.0       
31.563    2.0       
31.819    3.0       
32.096    4.0       
32.361    5.0       
32.619    1.0       
32.87     2.0       
33.124    3.0       
33.396    4.0       
33.672    5.0       
33.92     1.0       
34.177    2.0       
34.454    3.0       
34.733    4.0       
34.998    5.0       
35.269    1.0       
35.537    2.0       
35.801    3.0       
36.076    4.0       
36.331    5.0       
36.586    1.0       
36.846    2.0       
37.099    3.0       
37.376    4.0       
37.65     5.0       
37.904    1.0       
38.172    2.0       
38.442    3.0       
38.712    4.0       
38.974    5.0       
39.239    1.0       
39.497    2.0       
39.776    3.0       
40.045    4.0       
40.315    5.0       
40.585    1.0       
40.858    2.0       
41.124    3.0       
41.393    4.0       
41.646    5.0       
41.916    1.0       
42.187    2.0       
42.435    3.0       
42.707    4.0       
42.98     5.0       
43.239    1.0       
43.495    2.0       
43.77     3.0       
44.038    4.0       
44.309    5.0       
