0.277     1.0       
0.584     2.0       
0.885     3.0       
1.208     4.0       
1.528     1.0       
1.826     2.0       
2.139     3.0       
2.452     4.0       
2.761     1.0       
3.059     2.0       
3.378     3.0       
3.702     4.0       
4.013     1.0       
4.32      2.0       
4.645     3.0       
4.954     4.0       
5.274     1.0       
5.599     2.0       
5.903     3.0       
6.226     4.0       
6.522     1.0       
6.847     2.0       
7.163     3.0       
7.468     4.0       
7.785     1.0       
8.093     2.0       
8.418     3.0       
8.724     4.0       
9.038     1.0       
9.345     2.0       
9.655     3.0       
9.966     4.0       
10.276    1.0       
10.576    2.0       
10.9      3.0       
11.221    4.0       
11.533    1.0       
11.847    2.0       
12.164    3.0       
12.467    4.0       
12.764    1.0       
13.081    2.0       
13.394    3.0       
13.707    4.0       
14.002    1.0       
14.324    2.0       
14.639    3.0       
14.951    4.0       
15.264    1.0       
15.568    2.0       
15.872    3.0       
16.191    4.0       
16.489    1.0       
16.796    2.0       
17.091    3.0       
17.414    4.0       
17.737    1.0       
18.033    2.0       
18.348    3.0       
18.663    4.0       
18.962    1.0       
19.256    2.0       
19.571    3.0       
19.89     4.0       
20.199    1.0       
20.522    2.0       
20.829    3.0       
21.146    4.0       
21.45     1.0       
21.763    2.0       
22.083    3.0       
22.379    4.0       
22.699    1.0       
23.023    2.0       
23.317    3.0       
23.637    4.0       
23.931    1.0       
24.23     2.0       
24.537    3.0       
24.842    4.0       
25.162    1.0       
25.462    2.0       
25.768    3.0       
26.064    4.0       
26.36     1.0       
26.679    2.0       
26.973    3.0       
27.292    4.0       
27.591    1.0       
27.908    2.0       
28.209    3.0       
28.53     4.0       
28.835    1.0       
29.153    2.0       
29.454    3.0       
29.768    4.0       
30.087    1.0       
30.387    2.0       
30.701    3.0       
31.004    4.0       
31.312    1.0       
31.62     2.0       
31.934    3.0       
32.257    4.0       
32.567    1.0       
32.865    2.0       
33.189    3.0       
33.496    4.0       
33.801    1.0       
34.119    2.0       
34.412    3.0       
34.707    4.0       
35.011    1.0       
35.312    2.0       
35.613    3.0       
35.908    4.0       
36.224    1.0       
36.529    2.0       
36.845    3.0       
37.165    4.0       
37.486    1.0       
37.788    2.0       
38.107    3.0       
38.432    4.0       
38.752    1.0       
39.053    2.0       
39.351    3.0       
39.672    4.0       
39.977    1.0       
40.276    2.0       
40.569    3.0       
40.875    4.0       
41.175    5.0       
41.491    1.0       
41.806    2.0       
42.1      3.0       
42.401    4.0       
42.714    5.0       
43.016    1.0       
43.326    2.0       
43.628    3.0       
43.951    4.0       
44.253    5.0       
44.552    1.0       
44.867    2.0       
45.172    3.0       
45.489    4.0       
45.794    5.0       
46.106    1.0       
46.416    2.0       
46.722    3.0       
47.023    4.0       
47.348    5.0       
47.659    1.0       
47.983    2.0       
48.285    3.0       
48.583    4.0       
48.899    5.0       
49.2      1.0       
49.519    2.0       
49.825    3.0       
50.131    4.0       
50.424    5.0       
50.746    1.0       
51.068    2.0       
51.379    3.0       
51.673    4.0       
51.977    5.0       
52.279    1.0       
52.583    2.0       
52.887    3.0       
53.193    4.0       
53.517    5.0       
53.82     1.0       
54.134    2.0       
54.429    3.0       
54.738    4.0       
55.034    5.0       
55.336    1.0       
55.647    2.0       
55.959    3.0       
56.26     4.0       
56.581    5.0       
56.875    1.0       
57.186    2.0       
57.511    3.0       
57.822    4.0       
58.119    5.0       
58.444    1.0       
58.769    2.0       
59.091    3.0       
59.413    4.0       
59.709    5.0       
60.017    1.0       
60.336    2.0       
60.645    3.0       
60.951    4.0       
61.247    5.0       
61.568    1.0       
61.861    2.0       
62.177    3.0       
62.476    4.0       
62.779    5.0       
63.095    1.0       
63.415    2.0       
63.734    3.0       
64.051    4.0       
64.371    5.0       
64.696    1.0       
65.012    2.0       
65.307    3.0       
65.614    4.0       
65.923    5.0       
66.232    1.0       
66.539    2.0       
66.837    3.0       
67.158    4.0       
67.467    5.0       
67.763    1.0       
68.067    2.0       
68.363    3.0       
68.672    4.0       
68.976    5.0       
69.284    1.0       
69.59     2.0       
69.883    3.0       
70.208    4.0       
70.506    5.0       
70.807    1.0       
71.112    2.0       
71.435    3.0       
71.749    4.0       
72.042    5.0       
72.35     1.0       
72.647    2.0       
72.955    3.0       
73.25     4.0       
73.556    5.0       
73.866    1.0       
74.168    2.0       
74.491    3.0       
74.795    4.0       
75.106    5.0       
75.425    1.0       
75.733    2.0       
76.029    3.0       
76.353    4.0       
76.647    5.0       
76.963    1.0       
77.288    2.0       
77.593    3.0       
77.903    4.0       
78.205    5.0       
78.509    1.0       
78.815    2.0       
79.125    3.0       
79.421    4.0       
79.74     5.0       
80.061    1.0       
80.383    2.0       
80.68     3.0       
81.001    4.0       
81.299    5.0       
81.616    1.0       
81.919    2.0       
82.216    3.0       
82.53     4.0       
82.839    5.0       
