0.167     1.0       
0.363     2.0       
0.561     3.0       
0.747     4.0       
0.939     1.0       
1.146     2.0       
1.331     3.0       
1.543     4.0       
1.731     1.0       
1.916     2.0       
2.125     3.0       
2.326     4.0       
2.513     1.0       
2.713     2.0       
2.916     3.0       
3.102     4.0       
3.307     1.0       
3.494     2.0       
3.696     3.0       
3.879     4.0       
4.09      1.0       
4.297     2.0       
4.507     3.0       
4.701     4.0       
4.913     1.0       
5.116     2.0       
5.316     3.0       
5.513     4.0       
5.713     1.0       
5.906     2.0       
6.09      3.0       
6.283     4.0       
6.469     1.0       
6.681     2.0       
6.862     3.0       
7.05      4.0       
7.247     1.0       
7.439     2.0       
7.643     3.0       
7.851     4.0       
8.039     1.0       
8.248     2.0       
8.438     3.0       
8.618     4.0       
8.802     1.0       
9.004     2.0       
9.198     3.0       
9.398     4.0       
9.585     1.0       
9.781     2.0       
9.98      3.0       
10.164    4.0       
10.368    1.0       
10.556    2.0       
10.76     3.0       
10.957    4.0       
11.162    1.0       
11.352    2.0       
11.557    3.0       
11.742    4.0       
11.931    1.0       
12.125    2.0       
12.327    3.0       
12.512    4.0       
12.697    1.0       
12.896    2.0       
13.095    3.0       
13.292    4.0       
13.492    1.0       
13.683    2.0       
13.864    3.0       
14.069    4.0       
14.26     1.0       
14.455    2.0       
14.649    3.0       
14.841    4.0       
15.033    1.0       
15.227    2.0       
15.413    3.0       
15.615    4.0       
15.824    1.0       
16.03     2.0       
16.223    3.0       
16.418    4.0       
16.622    1.0       
16.82     2.0       
17.011    3.0       
17.199    4.0       
17.387    1.0       
17.591    2.0       
17.779    3.0       
17.991    4.0       
18.183    1.0       
18.375    2.0       
18.559    3.0       
18.746    4.0       
18.958    1.0       
19.142    2.0       
19.337    3.0       
19.545    4.0       
19.756    1.0       
19.951    2.0       
20.162    3.0       
20.361    4.0       
20.567    1.0       
20.77     2.0       
20.966    3.0       
21.174    4.0       
21.374    1.0       
21.564    2.0       
21.746    3.0       
21.944    4.0       
22.13     1.0       
22.31     2.0       
22.501    3.0       
22.682    4.0       
22.872    1.0       
23.069    2.0       
23.262    3.0       
23.446    4.0       
23.645    1.0       
23.842    2.0       
24.047    3.0       
24.258    4.0       
24.466    1.0       
24.662    2.0       
24.866    3.0       
25.055    4.0       
25.239    1.0       
25.432    2.0       
25.622    3.0       
25.832    4.0       
26.026    5.0       
26.238    1.0       
26.439    2.0       
26.622    3.0       
26.818    4.0       
27.013    5.0       
27.212    1.0       
27.415    2.0       
27.597    3.0       
27.789    4.0       
27.976    5.0       
28.173    1.0       
28.36     2.0       
28.548    3.0       
28.733    4.0       
28.938    5.0       
29.14     1.0       
29.34     2.0       
29.549    3.0       
29.747    4.0       
29.946    5.0       
30.127    1.0       
30.326    2.0       
30.518    3.0       
30.722    4.0       
30.907    5.0       
31.1      1.0       
31.28     2.0       
31.471    3.0       
31.666    4.0       
31.865    5.0       
32.072    1.0       
32.277    2.0       
32.457    3.0       
32.66     4.0       
32.859    5.0       
33.049    1.0       
33.256    2.0       
33.441    3.0       
33.639    4.0       
33.831    5.0       
34.017    1.0       
34.217    2.0       
34.412    3.0       
34.616    4.0       
34.815    5.0       
35.008    1.0       
35.201    2.0       
35.381    3.0       
35.569    4.0       
35.756    5.0       
35.936    1.0       
36.141    2.0       
36.333    3.0       
36.531    4.0       
36.718    5.0       
36.911    1.0       
37.12     2.0       
37.306    3.0       
37.509    4.0       
37.698    5.0       
37.906    1.0       
38.091    2.0       
38.28     3.0       
38.465    4.0       
38.647    5.0       
38.849    1.0       
39.045    2.0       
39.251    3.0       
39.462    4.0       
39.674    5.0       
39.871    1.0       
40.081    2.0       
40.266    3.0       
40.449    4.0       
40.656    5.0       
40.864    1.0       
41.047    2.0       
41.24     3.0       
41.45     4.0       
41.651    5.0       
41.843    1.0       
42.038    2.0       
42.221    3.0       
42.424    4.0       
42.605    5.0       
42.805    1.0       
42.989    2.0       
43.191    3.0       
43.373    4.0       
43.572    5.0       
43.781    1.0       
43.981    2.0       
44.161    3.0       
44.346    4.0       
44.544    5.0       
