0.151     1.0       
0.478     2.0       
0.786     3.0       
1.12      4.0       
1.45      1.0       
1.782     2.0       
2.095     3.0       
2.409     4.0       
2.744     1.0       
3.057     2.0       
3.365     3.0       
3.694     4.0       
4.025     1.0       
4.357     2.0       
4.663     3.0       
4.995     4.0       
5.325     1.0       
5.653     2.0       
5.959     3.0       
6.27      4.0       
6.591     1.0       
6.897     2.0       
7.219     3.0       
7.552     4.0       
7.87      1.0       
8.181     2.0       
8.509     3.0       
8.838     4.0       
9.151     1.0       
9.469     2.0       
9.778     3.0       
10.098    4.0       
10.405    1.0       
10.708    2.0       
11.024    3.0       
11.335    4.0       
11.649    1.0       
11.965    2.0       
12.276    3.0       
12.603    4.0       
12.916    1.0       
13.249    2.0       
13.563    3.0       
13.872    4.0       
14.191    1.0       
14.495    2.0       
14.805    3.0       
15.138    4.0       
15.45     1.0       
15.769    2.0       
16.095    3.0       
16.406    4.0       
16.721    1.0       
17.055    2.0       
17.376    3.0       
17.68     4.0       
17.984    1.0       
18.309    2.0       
18.623    3.0       
18.928    4.0       
19.26     1.0       
19.564    2.0       
19.893    3.0       
20.206    4.0       
20.52     1.0       
20.84     2.0       
21.157    3.0       
21.483    4.0       
21.811    1.0       
22.136    2.0       
22.456    3.0       
22.781    4.0       
23.087    1.0       
23.397    2.0       
23.72     3.0       
24.045    4.0       
24.367    1.0       
24.693    2.0       
24.999    3.0       
25.307    4.0       
25.61     1.0       
25.914    2.0       
26.232    3.0       
26.555    4.0       
26.879    1.0       
27.212    2.0       
27.523    3.0       
27.842    4.0       
28.175    1.0       
28.494    2.0       
28.814    3.0       
29.144    4.0       
29.475    1.0       
29.79     2.0       
30.098    3.0       
30.411    4.0       
30.737    1.0       
31.071    2.0       
31.398    3.0       
31.703    4.0       
32.024    1.0       
32.334    2.0       
32.646    3.0       
32.966    4.0       
33.292    1.0       
33.61     2.0       
33.937    3.0       
34.259    4.0       
34.567    1.0       
34.892    2.0       
35.223    3.0       
35.541    4.0       
35.864    1.0       
36.169    2.0       
36.486    3.0       
36.798    4.0       
37.122    5.0       
37.426    1.0       
37.749    2.0       
38.055    3.0       
38.388    4.0       
38.698    5.0       
39.019    1.0       
39.324    2.0       
39.645    3.0       
39.952    4.0       
40.28     5.0       
40.585    1.0       
40.892    2.0       
41.227    3.0       
41.534    4.0       
41.846    5.0       
42.165    1.0       
42.49     2.0       
42.811    3.0       
43.132    4.0       
43.449    5.0       
43.783    1.0       
44.093    2.0       
44.426    3.0       
44.759    4.0       
45.088    5.0       
45.42     1.0       
45.746    2.0       
46.058    3.0       
46.39     4.0       
46.698    5.0       
47.013    1.0       
47.338    2.0       
47.657    3.0       
47.983    4.0       
48.314    5.0       
48.62     1.0       
48.936    2.0       
49.244    3.0       
49.558    4.0       
49.881    5.0       
50.199    1.0       
50.52     2.0       
50.835    3.0       
51.167    4.0       
51.484    5.0       
51.815    1.0       
52.125    2.0       
52.435    3.0       
52.754    4.0       
53.077    5.0       
53.385    1.0       
53.702    2.0       
54.029    3.0       
54.344    4.0       
54.651    5.0       
54.958    1.0       
55.287    2.0       
55.615    3.0       
55.934    4.0       
56.254    5.0       
56.558    1.0       
56.885    2.0       
57.192    3.0       
57.507    4.0       
57.836    5.0       
58.152    1.0       
58.46     2.0       
58.765    3.0       
59.068    4.0       
59.376    5.0       
59.692    1.0       
59.999    2.0       
60.312    3.0       
60.618    4.0       
60.934    5.0       
61.267    1.0       
61.592    2.0       
61.917    3.0       
62.239    4.0       
62.571    5.0       
62.886    1.0       
63.208    2.0       
63.538    3.0       
63.867    4.0       
64.171    5.0       
64.503    1.0       
64.826    2.0       
65.142    3.0       
65.453    4.0       
65.777    5.0       
66.1      1.0       
66.422    2.0       
66.735    3.0       
67.045    4.0       
67.361    5.0       
67.689    1.0       
68.0      2.0       
68.322    3.0       
68.65     4.0       
68.985    5.0       
69.293    1.0       
69.611    2.0       
69.921    3.0       
70.251    4.0       
70.574    5.0       
70.902    1.0       
71.237    2.0       
71.561    3.0       
71.894    4.0       
72.213    5.0       
72.524    1.0       
72.857    2.0       
73.182    3.0       
73.509    4.0       
73.821    5.0       
74.147    1.0       
74.471    2.0       
74.798    3.0       
75.129    4.0       
75.448    5.0       
75.752    1.0       
76.062    2.0       
76.365    3.0       
76.691    4.0       
76.994    5.0       
77.303    1.0       
77.632    2.0       
77.963    3.0       
78.288    4.0       
78.6      5.0       
78.929    1.0       
79.24     2.0       
79.573    3.0       
79.898    4.0       
80.223    5.0       
80.547    1.0       
80.882    2.0       
81.193    3.0       
81.518    4.0       
81.831    5.0       
82.166    1.0       
82.485    2.0       
82.804    3.0       
83.118    4.0       
83.451    5.0       
83.769    1.0       
84.092    2.0       
84.407    3.0       
84.733    4.0       
85.048    5.0       
85.374    1.0       
85.705    2.0       
86.027    3.0       
86.339    4.0       
86.668    5.0       
