0.165     1.0       
0.483     2.0       
0.805     3.0       
1.103     4.0       
1.406     1.0       
1.723     2.0       
2.042     3.0       
2.344     4.0       
2.667     1.0       
2.968     2.0       
3.288     3.0       
3.582     4.0       
3.894     1.0       
4.215     2.0       
4.539     3.0       
4.844     4.0       
5.14      1.0       
5.464     2.0       
5.788     3.0       
6.101     4.0       
6.423     1.0       
6.724     2.0       
7.028     3.0       
7.342     4.0       
7.662     1.0       
7.961     2.0       
8.284     3.0       
8.58      4.0       
8.881     1.0       
9.186     2.0       
9.484     3.0       
9.799     4.0       
10.106    1.0       
10.398    2.0       
10.704    3.0       
11.003    4.0       
11.311    1.0       
11.63     2.0       
11.933    3.0       
12.23     4.0       
12.532    1.0       
12.834    2.0       
13.145    3.0       
13.437    4.0       
13.735    1.0       
14.053    2.0       
14.353    3.0       
14.645    4.0       
14.966    1.0       
15.279    2.0       
15.6      3.0       
15.897    4.0       
16.219    1.0       
16.522    2.0       
16.836    3.0       
17.16     4.0       
17.463    1.0       
17.777    2.0       
18.097    3.0       
18.421    4.0       
18.728    1.0       
19.05     2.0       
19.364    3.0       
19.68     4.0       
20.002    1.0       
20.305    2.0       
20.599    3.0       
20.92     4.0       
21.214    1.0       
21.523    2.0       
21.839    3.0       
22.156    4.0       
22.457    1.0       
22.754    2.0       
23.069    3.0       
23.367    4.0       
23.685    1.0       
23.993    2.0       
24.31     3.0       
24.619    4.0       
24.923    1.0       
25.24     2.0       
25.556    3.0       
25.865    4.0       
26.187    5.0       
26.504    1.0       
26.814    2.0       
27.135    3.0       
27.428    4.0       
27.743    5.0       
28.051    1.0       
28.373    2.0       
28.67     3.0       
28.966    4.0       
29.285    5.0       
29.59     1.0       
29.893    2.0       
30.188    3.0       
30.505    4.0       
30.824    5.0       
31.14     1.0       
31.441    2.0       
31.761    3.0       
32.082    4.0       
32.382    5.0       
32.681    1.0       
32.981    2.0       
33.302    3.0       
33.6      4.0       
33.895    5.0       
34.189    1.0       
34.505    2.0       
34.805    3.0       
35.108    4.0       
35.425    5.0       
35.742    1.0       
36.057    2.0       
36.363    3.0       
36.686    4.0       
37.007    5.0       
37.326    1.0       
37.646    2.0       
37.967    3.0       
38.269    4.0       
38.586    5.0       
38.899    1.0       
39.217    2.0       
39.539    3.0       
39.839    4.0       
40.136    5.0       
40.456    1.0       
40.777    2.0       
41.073    3.0       
41.378    4.0       
41.672    5.0       
41.984    1.0       
42.286    2.0       
42.581    3.0       
42.903    4.0       
43.218    5.0       
43.511    1.0       
43.805    2.0       
44.114    3.0       
44.438    4.0       
44.741    5.0       
45.064    1.0       
45.385    2.0       
45.679    3.0       
45.99     4.0       
46.299    5.0       
46.606    1.0       
46.92     2.0       
47.234    3.0       
47.534    4.0       
47.836    5.0       
48.151    1.0       
48.452    2.0       
48.758    3.0       
49.068    4.0       
49.363    5.0       
49.666    1.0       
49.976    2.0       
50.292    3.0       
50.614    4.0       
50.919    5.0       
51.234    1.0       
51.542    2.0       
51.85     3.0       
52.143    4.0       
52.444    5.0       
52.751    1.0       
53.06     2.0       
53.382    3.0       
53.675    4.0       
53.989    5.0       
54.293    1.0       
54.585    2.0       
54.908    3.0       
55.226    4.0       
55.533    5.0       
55.833    1.0       
56.133    2.0       
56.429    3.0       
56.744    4.0       
57.068    5.0       
57.39     1.0       
57.706    2.0       
58.003    3.0       
58.304    4.0       
58.596    5.0       
58.898    1.0       
59.217    2.0       
59.517    3.0       
59.822    4.0       
60.122    5.0       
60.421    1.0       
60.734    2.0       
61.036    3.0       
61.334    4.0       
61.63     5.0       
