0.25      1.0       
0.495     2.0       
0.752     3.0       
1.015     4.0       
1.284     1.0       
1.549     2.0       
1.82      3.0       
2.073     4.0       
2.327     1.0       
2.587     2.0       
2.84      3.0       
3.099     4.0       
3.352     1.0       
3.609     2.0       
3.88      3.0       
4.128     4.0       
4.379     1.0       
4.64      2.0       
4.897     3.0       
5.154     4.0       
5.41      1.0       
5.665     2.0       
5.932     3.0       
6.175     4.0       
6.417     1.0       
6.689     2.0       
6.944     3.0       
7.204     4.0       
7.47      1.0       
7.731     2.0       
7.979     3.0       
8.243     4.0       
8.486     1.0       
8.739     2.0       
8.987     3.0       
9.243     4.0       
9.488     1.0       
9.749     2.0       
10.01     3.0       
10.267    4.0       
10.516    1.0       
10.758    2.0       
11.025    3.0       
11.282    4.0       
11.536    1.0       
11.792    2.0       
12.054    3.0       
12.312    4.0       
12.575    1.0       
12.816    2.0       
13.078    3.0       
13.334    4.0       
13.602    1.0       
13.86     2.0       
14.122    3.0       
14.371    4.0       
14.619    1.0       
14.874    2.0       
15.127    3.0       
15.378    4.0       
15.634    1.0       
15.897    2.0       
16.167    3.0       
16.413    4.0       
16.678    1.0       
16.929    2.0       
17.178    3.0       
17.439    4.0       
17.682    1.0       
17.952    2.0       
18.202    3.0       
18.458    4.0       
18.709    1.0       
18.965    2.0       
19.233    3.0       
19.482    4.0       
19.724    1.0       
19.994    2.0       
20.259    3.0       
20.513    4.0       
20.775    1.0       
21.039    2.0       
21.304    3.0       
21.546    4.0       
21.809    1.0       
22.051    2.0       
22.317    3.0       
22.565    4.0       
22.831    1.0       
23.094    2.0       
23.337    3.0       
23.603    4.0       
23.858    1.0       
24.116    2.0       
24.384    3.0       
24.639    4.0       
24.909    1.0       
25.152    2.0       
25.407    3.0       
25.65     4.0       
25.893    5.0       
26.155    1.0       
26.42     2.0       
26.669    3.0       
26.935    4.0       
27.191    5.0       
27.463    1.0       
27.727    2.0       
27.973    3.0       
28.241    4.0       
28.493    5.0       
28.752    1.0       
29.01     2.0       
29.279    3.0       
29.544    4.0       
29.807    5.0       
30.074    1.0       
30.318    2.0       
30.57     3.0       
30.83     4.0       
31.091    5.0       
31.343    1.0       
31.59     2.0       
31.862    3.0       
32.127    4.0       
32.372    5.0       
32.63     1.0       
32.886    2.0       
33.14     3.0       
33.399    4.0       
33.648    5.0       
33.912    1.0       
34.174    2.0       
34.433    3.0       
34.705    4.0       
34.975    5.0       
35.246    1.0       
35.495    2.0       
35.766    3.0       
36.009    4.0       
36.274    5.0       
36.538    1.0       
36.803    2.0       
37.047    3.0       
37.314    4.0       
37.556    5.0       
37.827    1.0       
38.099    2.0       
38.36     3.0       
38.613    4.0       
38.884    5.0       
39.15     1.0       
39.415    2.0       
39.683    3.0       
39.942    4.0       
40.192    5.0       
40.441    1.0       
40.699    2.0       
40.952    3.0       
41.218    4.0       
41.476    5.0       
41.722    1.0       
41.975    2.0       
42.237    3.0       
42.495    4.0       
42.761    5.0       
43.003    1.0       
43.255    2.0       
43.5      3.0       
43.741    4.0       
44.011    5.0       
44.251    1.0       
44.51     2.0       
44.781    3.0       
45.051    4.0       
45.302    5.0       
