0.3       1.0       
0.553     2.0       
0.807     3.0       
1.058     4.0       
1.308     1.0       
1.55      2.0       
1.796     3.0       
2.047     4.0       
2.289     1.0       
2.553     2.0       
2.801     3.0       
3.04      4.0       
3.288     1.0       
3.546     2.0       
3.808     3.0       
4.07      4.0       
4.315     1.0       
4.565     2.0       
4.808     3.0       
5.067     4.0       
5.324     1.0       
5.593     2.0       
5.862     3.0       
6.101     4.0       
6.36      1.0       
6.625     2.0       
6.874     3.0       
7.123     4.0       
7.392     1.0       
7.639     2.0       
7.886     3.0       
8.154     4.0       
8.419     1.0       
8.668     2.0       
8.923     3.0       
9.185     4.0       
9.439     1.0       
9.688     2.0       
9.935     3.0       
10.197    4.0       
10.438    1.0       
10.706    2.0       
10.949    3.0       
11.196    4.0       
11.458    1.0       
11.707    2.0       
11.975    3.0       
12.235    4.0       
12.49     1.0       
12.741    2.0       
13.004    3.0       
13.252    4.0       
13.49     1.0       
13.741    2.0       
13.981    3.0       
14.224    4.0       
14.494    1.0       
14.764    2.0       
15.017    3.0       
15.268    4.0       
15.51     1.0       
15.761    2.0       
16.029    3.0       
16.275    4.0       
16.534    1.0       
16.793    2.0       
17.044    3.0       
17.292    4.0       
17.542    1.0       
17.787    2.0       
18.046    3.0       
18.296    4.0       
18.538    1.0       
18.791    2.0       
19.061    3.0       
19.312    4.0       
19.55     1.0       
19.804    2.0       
20.074    3.0       
20.329    4.0       
20.579    1.0       
20.827    2.0       
21.073    3.0       
21.315    4.0       
21.563    1.0       
21.803    2.0       
22.066    3.0       
22.325    4.0       
22.595    1.0       
22.864    2.0       
23.115    3.0       
23.354    4.0       
23.598    1.0       
23.857    2.0       
24.098    3.0       
24.338    4.0       
24.597    1.0       
24.858    2.0       
25.108    3.0       
25.369    4.0       
25.634    1.0       
25.903    2.0       
26.147    3.0       
26.412    4.0       
26.654    1.0       
26.894    2.0       
27.154    3.0       
27.41     4.0       
27.664    1.0       
27.904    2.0       
28.17     3.0       
28.432    4.0       
28.702    1.0       
28.948    2.0       
29.21     3.0       
29.467    4.0       
29.727    1.0       
29.982    2.0       
30.244    3.0       
30.504    4.0       
30.752    1.0       
31.009    2.0       
31.261    3.0       
31.516    4.0       
31.782    1.0       
32.052    2.0       
32.296    3.0       
32.541    4.0       
32.799    1.0       
33.058    2.0       
33.297    3.0       
33.541    4.0       
33.794    5.0       
34.042    1.0       
34.287    2.0       
34.539    3.0       
34.793    4.0       
35.058    5.0       
35.296    1.0       
35.538    2.0       
35.79     3.0       
36.059    4.0       
36.317    5.0       
36.557    1.0       
36.8      2.0       
37.042    3.0       
37.286    4.0       
37.528    5.0       
37.789    1.0       
38.057    2.0       
38.302    3.0       
38.566    4.0       
38.815    5.0       
39.067    1.0       
39.309    2.0       
39.555    3.0       
39.804    4.0       
40.05     5.0       
40.31     1.0       
40.57     2.0       
40.821    3.0       
41.07     4.0       
41.315    5.0       
41.554    1.0       
41.816    2.0       
42.059    3.0       
42.325    4.0       
42.594    5.0       
42.851    1.0       
43.096    2.0       
43.334    3.0       
43.603    4.0       
43.846    5.0       
44.104    1.0       
44.353    2.0       
44.591    3.0       
44.839    4.0       
45.104    5.0       
45.343    1.0       
45.6      2.0       
45.845    3.0       
46.095    4.0       
46.35     5.0       
46.596    1.0       
46.844    2.0       
47.086    3.0       
47.352    4.0       
47.613    5.0       
47.872    1.0       
48.139    2.0       
48.406    3.0       
48.658    4.0       
48.92     5.0       
49.172    1.0       
49.429    2.0       
49.692    3.0       
49.949    4.0       
50.2      5.0       
50.442    1.0       
50.696    2.0       
50.963    3.0       
51.207    4.0       
51.476    5.0       
51.721    1.0       
51.972    2.0       
52.225    3.0       
52.464    4.0       
52.723    5.0       
