0.283     1.0       
0.597     2.0       
0.922     3.0       
1.25      4.0       
1.575     1.0       
1.905     2.0       
2.212     3.0       
2.536     4.0       
2.86      1.0       
3.167     2.0       
3.473     3.0       
3.778     4.0       
4.103     1.0       
4.411     2.0       
4.746     3.0       
5.071     4.0       
5.397     1.0       
5.724     2.0       
6.041     3.0       
6.373     4.0       
6.679     1.0       
7.009     2.0       
7.314     3.0       
7.636     4.0       
7.958     1.0       
8.288     2.0       
8.612     3.0       
8.927     4.0       
9.238     1.0       
9.569     2.0       
9.876     3.0       
10.202    4.0       
10.513    1.0       
10.826    2.0       
11.154    3.0       
11.483    4.0       
11.805    1.0       
12.132    2.0       
12.443    3.0       
12.756    4.0       
13.066    1.0       
13.383    2.0       
13.689    3.0       
14.014    4.0       
14.335    1.0       
14.655    2.0       
14.976    3.0       
15.3      4.0       
15.624    1.0       
15.949    2.0       
16.282    3.0       
16.615    4.0       
16.936    1.0       
17.267    2.0       
17.6      3.0       
17.919    4.0       
18.226    1.0       
18.554    2.0       
18.864    3.0       
19.175    4.0       
19.509    1.0       
19.821    2.0       
20.136    3.0       
20.446    4.0       
20.763    1.0       
21.093    2.0       
21.405    3.0       
21.738    4.0       
22.043    1.0       
22.367    2.0       
22.672    3.0       
23.0      4.0       
23.325    1.0       
23.655    2.0       
23.96     3.0       
24.282    4.0       
24.589    1.0       
24.903    2.0       
25.236    3.0       
25.558    4.0       
25.883    1.0       
26.216    2.0       
26.549    3.0       
26.869    4.0       
27.203    1.0       
27.534    2.0       
27.842    3.0       
28.157    4.0       
28.468    1.0       
28.783    2.0       
29.114    3.0       
29.418    4.0       
29.739    1.0       
30.048    2.0       
30.367    3.0       
30.686    4.0       
31.001    1.0       
31.335    2.0       
31.651    3.0       
31.969    4.0       
32.287    1.0       
32.623    2.0       
32.942    3.0       
33.252    4.0       
33.585    1.0       
33.913    2.0       
34.232    3.0       
34.549    4.0       
34.875    1.0       
35.185    2.0       
35.496    3.0       
35.821    4.0       
36.141    1.0       
36.475    2.0       
36.791    3.0       
37.106    4.0       
37.412    5.0       
37.719    1.0       
38.053    2.0       
38.359    3.0       
38.689    4.0       
39.0      5.0       
39.335    1.0       
39.654    2.0       
39.989    3.0       
40.295    4.0       
40.621    5.0       
40.952    1.0       
41.262    2.0       
41.598    3.0       
41.925    4.0       
42.23     5.0       
42.542    1.0       
42.861    2.0       
43.173    3.0       
43.505    4.0       
43.824    5.0       
44.15     1.0       
44.472    2.0       
44.781    3.0       
45.091    4.0       
45.411    5.0       
45.727    1.0       
46.054    2.0       
46.358    3.0       
46.662    4.0       
46.994    5.0       
47.314    1.0       
47.627    2.0       
47.935    3.0       
48.26     4.0       
48.569    5.0       
48.874    1.0       
49.207    2.0       
49.535    3.0       
49.861    4.0       
50.176    5.0       
50.501    1.0       
50.809    2.0       
51.134    3.0       
51.455    4.0       
51.759    5.0       
52.064    1.0       
52.375    2.0       
52.684    3.0       
53.007    4.0       
53.324    5.0       
53.644    1.0       
53.952    2.0       
54.256    3.0       
54.567    4.0       
54.872    5.0       
55.183    1.0       
55.506    2.0       
55.836    3.0       
56.169    4.0       
56.488    5.0       
56.82     1.0       
57.127    2.0       
57.439    3.0       
57.755    4.0       
58.086    5.0       
58.396    1.0       
58.725    2.0       
59.053    3.0       
59.385    4.0       
59.72     5.0       
60.024    1.0       
60.345    2.0       
60.665    3.0       
60.981    4.0       
61.29     5.0       
61.607    1.0       
61.939    2.0       
62.255    3.0       
62.584    4.0       
62.902    5.0       
63.224    1.0       
63.544    2.0       
63.854    3.0       
64.186    4.0       
64.5      5.0       
64.814    1.0       
65.138    2.0       
65.472    3.0       
65.782    4.0       
66.089    5.0       
66.405    1.0       
66.728    2.0       
67.063    3.0       
67.398    4.0       
67.734    5.0       
68.063    1.0       
68.387    2.0       
68.711    3.0       
69.022    4.0       
69.354    5.0       
69.676    1.0       
70.001    2.0       
70.326    3.0       
70.641    4.0       
70.952    5.0       
71.266    1.0       
71.597    2.0       
71.929    3.0       
72.243    4.0       
72.55     5.0       
72.86     1.0       
73.171    2.0       
73.48     3.0       
73.79     4.0       
74.096    5.0       
74.416    1.0       
74.723    2.0       
75.038    3.0       
75.354    4.0       
75.673    5.0       
75.994    1.0       
76.304    2.0       
76.632    3.0       
76.943    4.0       
77.258    5.0       
77.569    1.0       
77.882    2.0       
78.204    3.0       
78.514    4.0       
78.833    5.0       
79.147    1.0       
79.453    2.0       
79.763    3.0       
80.084    4.0       
80.409    5.0       
