0.225     1.0       
0.464     2.0       
0.709     3.0       
0.939     4.0       
1.194     1.0       
1.418     2.0       
1.673     3.0       
1.923     4.0       
2.147     1.0       
2.4       2.0       
2.647     3.0       
2.872     4.0       
3.105     1.0       
3.345     2.0       
3.571     3.0       
3.827     4.0       
4.076     1.0       
4.312     2.0       
4.541     3.0       
4.793     4.0       
5.03      1.0       
5.275     2.0       
5.526     3.0       
5.765     4.0       
5.998     1.0       
6.251     2.0       
6.491     3.0       
6.737     4.0       
6.966     1.0       
7.198     2.0       
7.424     3.0       
7.678     4.0       
7.92      1.0       
8.16      2.0       
8.39      3.0       
8.633     4.0       
8.88      1.0       
9.106     2.0       
9.355     3.0       
9.608     4.0       
9.84      1.0       
10.077    2.0       
10.315    3.0       
10.567    4.0       
10.795    1.0       
11.026    2.0       
11.28     3.0       
11.531    4.0       
11.768    1.0       
12.004    2.0       
12.258    3.0       
12.513    4.0       
12.763    1.0       
13.008    2.0       
13.243    3.0       
13.478    4.0       
13.713    1.0       
13.962    2.0       
14.198    3.0       
14.445    4.0       
14.698    1.0       
14.943    2.0       
15.186    3.0       
15.417    4.0       
15.645    1.0       
15.882    2.0       
16.119    3.0       
16.372    4.0       
16.625    1.0       
16.876    2.0       
17.115    3.0       
17.349    4.0       
17.59     1.0       
17.824    2.0       
18.054    3.0       
18.279    4.0       
18.524    1.0       
18.752    2.0       
19.003    3.0       
19.257    4.0       
19.503    1.0       
19.743    2.0       
19.987    3.0       
20.242    4.0       
20.48     1.0       
20.715    2.0       
20.967    3.0       
21.215    4.0       
21.446    1.0       
21.69     2.0       
21.918    3.0       
22.152    4.0       
22.408    1.0       
22.637    2.0       
22.883    3.0       
23.11     4.0       
23.361    1.0       
23.602    2.0       
23.844    3.0       
24.096    4.0       
24.338    1.0       
24.572    2.0       
24.823    3.0       
25.059    4.0       
25.295    1.0       
25.522    2.0       
25.751    3.0       
25.984    4.0       
26.208    1.0       
26.442    2.0       
26.697    3.0       
26.95     4.0       
27.177    1.0       
27.421    2.0       
27.65     3.0       
27.886    4.0       
28.133    1.0       
28.363    2.0       
28.597    3.0       
28.851    4.0       
29.076    1.0       
29.33     2.0       
29.561    3.0       
29.799    4.0       
30.024    1.0       
30.276    2.0       
30.509    3.0       
30.759    4.0       
31.008    1.0       
31.25     2.0       
31.477    3.0       
31.723    4.0       
31.956    5.0       
32.19     1.0       
32.43     2.0       
32.679    3.0       
32.92     4.0       
33.165    5.0       
33.399    1.0       
33.653    2.0       
33.887    3.0       
34.131    4.0       
34.356    5.0       
34.588    1.0       
34.814    2.0       
35.062    3.0       
35.287    4.0       
35.519    5.0       
35.771    1.0       
36.01     2.0       
36.238    3.0       
36.49     4.0       
36.726    5.0       
36.979    1.0       
37.235    2.0       
37.482    3.0       
37.708    4.0       
37.938    5.0       
38.187    1.0       
38.44     2.0       
38.674    3.0       
38.922    4.0       
39.157    5.0       
39.402    1.0       
39.635    2.0       
39.891    3.0       
40.144    4.0       
40.373    5.0       
40.614    1.0       
40.85     2.0       
41.075    3.0       
41.325    4.0       
41.558    5.0       
41.785    1.0       
42.03     2.0       
42.257    3.0       
42.483    4.0       
42.734    5.0       
42.971    1.0       
43.212    2.0       
43.457    3.0       
43.701    4.0       
43.939    5.0       
44.177    1.0       
44.406    2.0       
44.632    3.0       
44.882    4.0       
45.133    5.0       
45.377    1.0       
45.631    2.0       
45.867    3.0       
46.093    4.0       
46.337    5.0       
46.589    1.0       
46.837    2.0       
47.072    3.0       
47.319    4.0       
47.572    5.0       
47.804    1.0       
48.031    2.0       
48.286    3.0       
48.538    4.0       
48.784    5.0       
49.014    1.0       
49.256    2.0       
49.484    3.0       
49.72     4.0       
49.961    5.0       
50.19     1.0       
50.44     2.0       
50.684    3.0       
50.92     4.0       
51.153    5.0       
51.408    1.0       
51.635    2.0       
51.885    3.0       
52.115    4.0       
52.371    5.0       
52.6      1.0       
52.841    2.0       
53.071    3.0       
53.309    4.0       
53.544    5.0       
53.787    1.0       
54.018    2.0       
54.258    3.0       
54.493    4.0       
54.721    5.0       
54.969    1.0       
55.22     2.0       
55.458    3.0       
55.703    4.0       
55.946    5.0       
56.187    1.0       
56.417    2.0       
56.65     3.0       
56.884    4.0       
57.136    5.0       
57.378    1.0       
57.607    2.0       
57.832    3.0       
58.087    4.0       
58.336    5.0       
58.571    1.0       
58.801    2.0       
59.036    3.0       
59.282    4.0       
59.514    5.0       
59.759    1.0       
60.013    2.0       
60.268    3.0       
60.52     4.0       
60.749    5.0       
60.997    1.0       
61.234    2.0       
61.483    3.0       
61.71     4.0       
61.953    5.0       
62.182    1.0       
62.429    2.0       
62.659    3.0       
62.904    4.0       
63.159    5.0       
63.415    1.0       
63.641    2.0       
63.889    3.0       
64.127    4.0       
64.363    5.0       
