0.187     1.0       
0.481     2.0       
0.763     3.0       
1.062     4.0       
1.346     1.0       
1.615     2.0       
1.91      3.0       
2.21      4.0       
2.494     1.0       
2.763     2.0       
3.042     3.0       
3.337     4.0       
3.637     1.0       
3.93      2.0       
4.23      3.0       
4.504     4.0       
4.772     1.0       
5.066     2.0       
5.363     3.0       
5.65      4.0       
5.924     1.0       
6.218     2.0       
6.515     3.0       
6.797     4.0       
7.072     1.0       
7.346     2.0       
7.627     3.0       
7.915     4.0       
8.2       1.0       
8.475     2.0       
8.747     3.0       
9.04      4.0       
9.319     1.0       
9.616     2.0       
9.892     3.0       
10.185    4.0       
10.464    1.0       
10.747    2.0       
11.028    3.0       
11.308    4.0       
11.594    1.0       
11.882    2.0       
12.162    3.0       
12.435    4.0       
12.719    1.0       
12.996    2.0       
13.275    3.0       
13.567    4.0       
13.838    1.0       
14.106    2.0       
14.392    3.0       
14.667    4.0       
14.948    1.0       
15.239    2.0       
15.521    3.0       
15.806    4.0       
16.1      1.0       
16.396    2.0       
16.673    3.0       
16.943    4.0       
17.243    1.0       
17.516    2.0       
17.808    3.0       
18.104    4.0       
18.373    1.0       
18.67     2.0       
18.962    3.0       
19.257    4.0       
19.556    1.0       
19.831    2.0       
20.123    3.0       
20.403    4.0       
20.69     1.0       
20.977    2.0       
21.269    3.0       
21.566    4.0       
21.863    1.0       
22.151    2.0       
22.421    3.0       
22.695    4.0       
22.978    1.0       
23.268    2.0       
23.537    3.0       
23.835    4.0       
24.103    1.0       
24.376    2.0       
24.65     3.0       
24.939    4.0       
25.221    1.0       
25.503    2.0       
25.798    3.0       
26.097    4.0       
26.381    1.0       
26.671    2.0       
26.964    3.0       
27.245    4.0       
27.545    1.0       
27.819    2.0       
28.093    3.0       
28.363    4.0       
28.656    1.0       
28.954    2.0       
29.251    3.0       
29.536    4.0       
29.815    1.0       
30.104    2.0       
30.399    3.0       
30.675    4.0       
30.973    1.0       
31.266    2.0       
31.538    3.0       
31.837    4.0       
32.116    1.0       
32.385    2.0       
32.663    3.0       
32.952    4.0       
33.25     1.0       
33.518    2.0       
33.818    3.0       
34.095    4.0       
34.386    1.0       
34.682    2.0       
34.976    3.0       
35.274    4.0       
35.549    1.0       
35.823    2.0       
36.12     3.0       
36.415    4.0       
36.684    1.0       
36.979    2.0       
37.258    3.0       
37.55     4.0       
37.826    5.0       
38.123    1.0       
38.409    2.0       
38.69     3.0       
38.98     4.0       
39.277    5.0       
39.559    1.0       
39.838    2.0       
40.137    3.0       
40.419    4.0       
40.707    5.0       
40.985    1.0       
41.283    2.0       
41.564    3.0       
41.852    4.0       
42.152    5.0       
42.423    1.0       
42.691    2.0       
42.975    3.0       
43.267    4.0       
43.561    5.0       
43.838    1.0       
44.138    2.0       
44.43     3.0       
44.702    4.0       
44.98     5.0       
45.275    1.0       
45.561    2.0       
45.839    3.0       
46.126    4.0       
46.396    5.0       
46.686    1.0       
46.965    2.0       
47.265    3.0       
47.542    4.0       
47.836    5.0       
48.121    1.0       
48.39     2.0       
48.68     3.0       
48.967    4.0       
49.254    5.0       
49.55     1.0       
49.847    2.0       
50.122    3.0       
50.417    4.0       
50.699    5.0       
50.978    1.0       
51.274    2.0       
51.558    3.0       
51.826    4.0       
52.1      5.0       
52.371    1.0       
52.651    2.0       
52.95     3.0       
53.218    4.0       
53.497    5.0       
53.791    1.0       
54.074    2.0       
54.372    3.0       
54.667    4.0       
54.961    5.0       
55.229    1.0       
55.525    2.0       
55.797    3.0       
56.086    4.0       
56.373    5.0       
56.65     1.0       
56.942    2.0       
57.227    3.0       
57.497    4.0       
57.767    5.0       
58.047    1.0       
58.324    2.0       
58.624    3.0       
58.898    4.0       
59.166    5.0       
