0.125     1.0       
0.363     2.0       
0.625     3.0       
0.861     4.0       
1.121     1.0       
1.373     2.0       
1.606     3.0       
1.866     4.0       
2.112     1.0       
2.372     2.0       
2.634     3.0       
2.877     4.0       
3.138     1.0       
3.373     2.0       
3.623     3.0       
3.867     4.0       
4.113     1.0       
4.366     2.0       
4.606     3.0       
4.852     4.0       
5.092     1.0       
5.329     2.0       
5.575     3.0       
5.831     4.0       
6.087     1.0       
6.343     2.0       
6.589     3.0       
6.852     4.0       
7.104     1.0       
7.349     2.0       
7.605     3.0       
7.851     4.0       
8.112     1.0       
8.348     2.0       
8.593     3.0       
8.855     4.0       
9.108     1.0       
9.365     2.0       
9.614     3.0       
9.855     4.0       
10.117    1.0       
10.373    2.0       
10.629    3.0       
10.876    4.0       
11.13     1.0       
11.392    2.0       
11.638    3.0       
11.886    4.0       
12.121    1.0       
12.374    2.0       
12.627    3.0       
12.864    4.0       
13.121    1.0       
13.379    2.0       
13.62     3.0       
13.855    4.0       
14.107    1.0       
14.36     2.0       
14.599    3.0       
14.837    4.0       
15.085    1.0       
15.317    2.0       
15.553    3.0       
15.804    4.0       
16.047    1.0       
16.297    2.0       
16.542    3.0       
16.791    4.0       
17.034    1.0       
17.296    2.0       
17.551    3.0       
17.81     4.0       
18.064    1.0       
18.316    2.0       
18.577    3.0       
18.825    4.0       
19.072    1.0       
19.326    2.0       
19.581    3.0       
19.843    4.0       
20.092    1.0       
20.354    2.0       
20.605    3.0       
20.843    4.0       
21.095    1.0       
21.334    2.0       
21.571    3.0       
21.81     4.0       
22.073    1.0       
22.326    2.0       
22.56     3.0       
22.815    4.0       
23.072    1.0       
23.308    2.0       
23.57     3.0       
23.809    4.0       
24.043    1.0       
24.281    2.0       
24.529    3.0       
24.784    4.0       
25.031    1.0       
25.274    2.0       
25.533    3.0       
25.773    4.0       
26.012    1.0       
26.258    2.0       
26.517    3.0       
26.774    4.0       
27.012    1.0       
27.27     2.0       
27.517    3.0       
27.755    4.0       
27.996    1.0       
28.234    2.0       
28.475    3.0       
28.721    4.0       
28.975    1.0       
29.239    2.0       
29.49     3.0       
29.725    4.0       
29.961    1.0       
30.207    2.0       
30.451    3.0       
30.684    4.0       
30.933    1.0       
31.171    2.0       
31.407    3.0       
31.65     4.0       
31.907    1.0       
32.153    2.0       
32.386    3.0       
32.62     4.0       
32.861    5.0       
33.097    1.0       
33.353    2.0       
33.605    3.0       
33.847    4.0       
34.108    5.0       
34.343    1.0       
34.585    2.0       
34.83     3.0       
35.065    4.0       
35.309    5.0       
35.566    1.0       
35.809    2.0       
36.051    3.0       
36.313    4.0       
36.57     5.0       
36.834    1.0       
37.066    2.0       
37.314    3.0       
37.577    4.0       
37.829    5.0       
38.068    1.0       
38.305    2.0       
38.558    3.0       
38.821    4.0       
39.072    5.0       
39.305    1.0       
39.565    2.0       
39.807    3.0       
40.057    4.0       
40.3      5.0       
40.539    1.0       
40.788    2.0       
41.042    3.0       
41.284    4.0       
41.545    5.0       
41.797    1.0       
42.058    2.0       
42.308    3.0       
42.571    4.0       
42.807    5.0       
43.052    1.0       
43.309    2.0       
43.559    3.0       
43.816    4.0       
44.072    5.0       
44.31     1.0       
44.57     2.0       
44.817    3.0       
45.065    4.0       
45.327    5.0       
45.578    1.0       
45.815    2.0       
46.056    3.0       
46.319    4.0       
46.581    5.0       
46.841    1.0       
47.103    2.0       
47.366    3.0       
47.6      4.0       
47.838    5.0       
48.096    1.0       
48.343    2.0       
48.604    3.0       
48.842    4.0       
49.093    5.0       
49.349    1.0       
49.593    2.0       
49.831    3.0       
50.093    4.0       
50.343    5.0       
50.596    1.0       
50.842    2.0       
51.095    3.0       
51.355    4.0       
51.601    5.0       
51.853    1.0       
52.116    2.0       
52.375    3.0       
52.626    4.0       
52.871    5.0       
53.129    1.0       
53.388    2.0       
53.643    3.0       
53.886    4.0       
54.136    5.0       
54.371    1.0       
54.607    2.0       
54.866    3.0       
55.129    4.0       
55.368    5.0       
55.629    1.0       
55.864    2.0       
56.105    3.0       
56.356    4.0       
56.597    5.0       
