0.181     1.0       
0.439     2.0       
0.701     3.0       
0.943     4.0       
1.197     1.0       
1.432     2.0       
1.691     3.0       
1.927     4.0       
2.159     1.0       
2.417     2.0       
2.675     3.0       
2.925     4.0       
3.163     1.0       
3.395     2.0       
3.637     3.0       
3.879     4.0       
4.137     1.0       
4.386     2.0       
4.649     3.0       
4.889     4.0       
5.149     1.0       
5.384     2.0       
5.62      3.0       
5.856     4.0       
6.111     1.0       
6.359     2.0       
6.596     3.0       
6.859     4.0       
7.096     1.0       
7.347     2.0       
7.595     3.0       
7.842     4.0       
8.091     1.0       
8.326     2.0       
8.572     3.0       
8.832     4.0       
9.072     1.0       
9.316     2.0       
9.576     3.0       
9.831     4.0       
10.063    1.0       
10.315    2.0       
10.552    3.0       
10.804    4.0       
11.047    1.0       
11.285    2.0       
11.548    3.0       
11.792    4.0       
12.055    1.0       
12.288    2.0       
12.522    3.0       
12.763    4.0       
12.999    5.0       
13.257    1.0       
13.498    2.0       
13.748    3.0       
13.995    4.0       
14.248    5.0       
14.502    1.0       
14.756    2.0       
15.006    3.0       
15.266    4.0       
15.505    5.0       
15.739    1.0       
15.978    2.0       
16.219    3.0       
16.48     4.0       
16.719    5.0       
16.974    1.0       
17.229    2.0       
17.489    3.0       
17.725    4.0       
17.976    5.0       
18.213    1.0       
18.444    2.0       
18.69     3.0       
18.935    4.0       
19.195    5.0       
19.453    1.0       
19.71     2.0       
19.96     3.0       
20.201    4.0       
20.458    5.0       
20.694    1.0       
20.952    2.0       
21.197    3.0       
21.455    4.0       
21.692    5.0       
