0.114     1.0       
0.415     2.0       
0.708     3.0       
1.019     4.0       
1.313     1.0       
1.633     2.0       
1.924     3.0       
2.236     4.0       
2.553     1.0       
2.874     2.0       
3.197     3.0       
3.505     4.0       
3.816     1.0       
4.137     2.0       
4.433     3.0       
4.753     4.0       
5.049     1.0       
5.343     2.0       
5.662     3.0       
5.984     4.0       
6.292     1.0       
6.585     2.0       
6.896     3.0       
7.206     4.0       
7.507     1.0       
7.818     2.0       
8.12      3.0       
8.416     4.0       
8.73      1.0       
9.029     2.0       
9.325     3.0       
9.619     4.0       
9.935     1.0       
10.242    2.0       
10.537    3.0       
10.853    4.0       
11.149    5.0       
11.468    1.0       
11.791    2.0       
12.11     3.0       
12.419    4.0       
12.736    5.0       
13.03     1.0       
13.353    2.0       
13.646    3.0       
13.959    4.0       
14.276    5.0       
14.577    1.0       
14.881    2.0       
15.194    3.0       
15.49     4.0       
15.792    5.0       
16.101    1.0       
16.403    2.0       
16.7      3.0       
17.011    4.0       
17.333    5.0       
17.637    1.0       
17.944    2.0       
18.247    3.0       
18.553    4.0       
18.854    5.0       
19.174    1.0       
19.491    2.0       
19.807    3.0       
20.112    4.0       
20.431    5.0       
20.724    1.0       
21.036    2.0       
21.353    3.0       
21.676    4.0       
21.969    5.0       
22.269    1.0       
22.59     2.0       
22.888    3.0       
23.205    4.0       
23.518    5.0       
23.835    1.0       
24.133    2.0       
24.454    3.0       
24.776    4.0       
25.068    5.0       
25.374    1.0       
25.679    2.0       
25.974    3.0       
26.282    4.0       
26.576    5.0       
26.897    1.0       
27.199    2.0       
27.497    3.0       
27.794    4.0       
28.098    5.0       
