0.229     1.0       
0.451     2.0       
0.678     3.0       
0.903     4.0       
1.11      1.0       
1.315     2.0       
1.523     3.0       
1.718     4.0       
1.933     1.0       
2.14      2.0       
2.353     3.0       
2.569     4.0       
2.787     1.0       
3.003     2.0       
3.2       3.0       
3.422     4.0       
3.639     1.0       
3.849     2.0       
4.066     3.0       
4.293     4.0       
4.493     1.0       
4.715     2.0       
4.941     3.0       
5.166     4.0       
5.381     1.0       
5.59      2.0       
5.81      3.0       
6.02      4.0       
6.247     1.0       
6.457     2.0       
6.652     3.0       
6.869     4.0       
7.076     1.0       
7.295     2.0       
7.512     3.0       
7.737     4.0       
7.949     1.0       
8.17      2.0       
8.379     3.0       
8.584     4.0       
8.786     1.0       
8.983     2.0       
9.201     3.0       
9.405     4.0       
9.621     1.0       
9.844     2.0       
10.045    3.0       
10.243    4.0       
10.459    1.0       
10.68     2.0       
10.895    3.0       
11.112    4.0       
11.334    1.0       
11.553    2.0       
11.748    3.0       
11.972    4.0       
12.169    1.0       
12.365    2.0       
12.591    3.0       
12.804    4.0       
13.021    1.0       
13.234    2.0       
13.458    3.0       
13.66     4.0       
13.858    1.0       
14.062    2.0       
14.273    3.0       
14.489    4.0       
14.698    5.0       
14.895    1.0       
15.121    2.0       
15.33     3.0       
15.54     4.0       
15.755    5.0       
15.956    1.0       
16.172    2.0       
16.39     3.0       
16.593    4.0       
16.79     5.0       
17.006    1.0       
17.203    2.0       
17.404    3.0       
17.627    4.0       
17.84     5.0       
18.049    1.0       
18.252    2.0       
18.449    3.0       
18.652    4.0       
18.867    5.0       
19.069    1.0       
19.275    2.0       
19.488    3.0       
19.693    4.0       
19.888    5.0       
20.094    1.0       
20.289    2.0       
20.496    3.0       
20.72     4.0       
20.941    5.0       
21.153    1.0       
21.356    2.0       
21.578    3.0       
21.795    4.0       
22.009    5.0       
22.204    1.0       
22.404    2.0       
22.619    3.0       
22.829    4.0       
23.053    5.0       
23.271    1.0       
23.489    2.0       
23.693    3.0       
23.908    4.0       
24.131    5.0       
24.327    1.0       
24.548    2.0       
24.769    3.0       
24.973    4.0       
25.188    5.0       
25.406    1.0       
25.62     2.0       
25.826    3.0       
26.025    4.0       
26.234    5.0       
26.454    1.0       
26.656    2.0       
26.872    3.0       
27.097    4.0       
27.324    5.0       
27.519    1.0       
27.714    2.0       
27.928    3.0       
28.124    4.0       
28.337    5.0       
28.558    1.0       
28.771    2.0       
28.989    3.0       
29.186    4.0       
29.39     5.0       
29.598    1.0       
29.797    2.0       
29.994    3.0       
30.197    4.0       
30.406    5.0       
30.605    1.0       
30.818    2.0       
31.04     3.0       
31.267    4.0       
31.49     5.0       
31.713    1.0       
31.919    2.0       
32.13     3.0       
32.348    4.0       
32.566    5.0       
32.777    1.0       
32.998    2.0       
33.21     3.0       
33.423    4.0       
33.626    5.0       
33.849    1.0       
34.049    2.0       
34.272    3.0       
34.488    4.0       
34.71     5.0       
34.933    1.0       
35.154    2.0       
35.364    3.0       
35.573    4.0       
35.785    5.0       
35.999    1.0       
36.204    2.0       
36.424    3.0       
36.63     4.0       
36.83     5.0       
37.047    1.0       
37.26     2.0       
37.465    3.0       
37.688    4.0       
37.908    5.0       
38.105    1.0       
38.303    2.0       
38.509    3.0       
38.736    4.0       
38.939    5.0       
39.16     1.0       
39.356    2.0       
39.564    3.0       
39.776    4.0       
39.995    5.0       
40.195    1.0       
40.418    2.0       
40.624    3.0       
40.85     4.0       
41.062    5.0       
41.258    1.0       
41.478    2.0       
41.683    3.0       
41.881    4.0       
42.094    5.0       
42.31     1.0       
42.509    2.0       
42.717    3.0       
42.929    4.0       
43.141    5.0       
