0.176     1.0       
0.421     2.0       
0.674     3.0       
0.925     4.0       
1.187     1.0       
1.445     2.0       
1.694     3.0       
1.944     4.0       
2.206     1.0       
2.446     2.0       
2.686     3.0       
2.954     4.0       
3.199     1.0       
3.446     2.0       
3.705     3.0       
3.973     4.0       
4.245     1.0       
4.493     2.0       
4.736     3.0       
4.981     4.0       
5.234     1.0       
5.48      2.0       
5.74      3.0       
5.981     4.0       
6.227     1.0       
6.48      2.0       
6.723     3.0       
6.964     4.0       
7.209     1.0       
7.474     2.0       
7.744     3.0       
8.008     4.0       
8.272     1.0       
8.518     2.0       
8.772     3.0       
9.028     4.0       
9.294     1.0       
9.545     2.0       
9.811     3.0       
10.062    4.0       
10.308    1.0       
10.567    2.0       
10.836    3.0       
11.092    4.0       
11.36     1.0       
11.607    2.0       
11.878    3.0       
12.146    4.0       
12.392    1.0       
12.646    2.0       
12.889    3.0       
13.155    4.0       
13.407    1.0       
13.672    2.0       
13.914    3.0       
14.163    4.0       
14.411    1.0       
14.661    2.0       
14.923    3.0       
15.175    4.0       
15.439    1.0       
15.699    2.0       
15.966    3.0       
16.236    4.0       
16.503    1.0       
16.76     2.0       
17.032    3.0       
17.283    4.0       
17.535    1.0       
17.805    2.0       
18.062    3.0       
18.318    4.0       
18.581    1.0       
18.83     2.0       
19.085    3.0       
19.354    4.0       
19.596    1.0       
19.849    2.0       
20.105    3.0       
20.358    4.0       
20.622    1.0       
20.879    2.0       
21.148    3.0       
21.392    4.0       
21.649    1.0       
21.903    2.0       
22.155    3.0       
22.405    4.0       
22.651    1.0       
22.901    2.0       
23.144    3.0       
23.407    4.0       
23.669    1.0       
23.926    2.0       
24.167    3.0       
24.433    4.0       
24.692    1.0       
24.936    2.0       
25.196    3.0       
25.468    4.0       
25.723    1.0       
25.967    2.0       
26.211    3.0       
26.463    4.0       
26.727    1.0       
26.97     2.0       
27.239    3.0       
27.485    4.0       
27.748    1.0       
28.006    2.0       
28.273    3.0       
28.534    4.0       
28.803    1.0       
29.06     2.0       
29.318    3.0       
29.581    4.0       
29.823    1.0       
30.067    2.0       
30.316    3.0       
30.556    4.0       
30.796    1.0       
31.06     2.0       
31.318    3.0       
31.572    4.0       
31.824    1.0       
32.072    2.0       
32.329    3.0       
32.575    4.0       
32.846    1.0       
33.103    2.0       
33.36     3.0       
33.604    4.0       
33.86     5.0       
34.112    1.0       
34.353    2.0       
34.621    3.0       
34.87     4.0       
35.134    5.0       
35.378    1.0       
35.649    2.0       
35.895    3.0       
36.155    4.0       
36.426    5.0       
36.679    1.0       
36.926    2.0       
37.18     3.0       
37.441    4.0       
37.688    5.0       
37.956    1.0       
38.226    2.0       
38.466    3.0       
38.706    4.0       
38.95     5.0       
39.21     1.0       
39.469    2.0       
39.714    3.0       
39.965    4.0       
40.21     5.0       
40.469    1.0       
40.719    2.0       
40.964    3.0       
41.214    4.0       
41.46     5.0       
41.719    1.0       
41.985    2.0       
42.252    3.0       
42.502    4.0       
42.747    5.0       
