0.119     1.0       
0.346     2.0       
0.573     3.0       
0.799     4.0       
1.018     1.0       
1.25      2.0       
1.489     3.0       
1.712     4.0       
1.93      1.0       
2.151     2.0       
2.379     3.0       
2.61      4.0       
2.826     1.0       
3.05      2.0       
3.292     3.0       
3.522     4.0       
3.769     1.0       
4.007     2.0       
4.23      3.0       
4.464     4.0       
4.68      1.0       
4.918     2.0       
5.164     3.0       
5.38      4.0       
5.624     1.0       
5.855     2.0       
6.097     3.0       
6.33      4.0       
6.556     1.0       
6.788     2.0       
7.004     3.0       
7.25      4.0       
7.493     1.0       
7.73      2.0       
7.967     3.0       
8.189     4.0       
8.429     1.0       
8.676     2.0       
8.923     3.0       
9.155     4.0       
9.382     1.0       
9.619     2.0       
9.844     3.0       
10.076    4.0       
10.302    1.0       
10.526    2.0       
10.769    3.0       
11.017    4.0       
11.265    1.0       
11.485    2.0       
11.701    3.0       
11.944    4.0       
12.192    1.0       
12.417    2.0       
12.649    3.0       
12.865    4.0       
13.087    1.0       
13.318    2.0       
13.537    3.0       
13.753    4.0       
13.981    1.0       
14.214    2.0       
14.435    3.0       
14.653    4.0       
14.887    1.0       
15.122    2.0       
15.351    3.0       
15.567    4.0       
15.805    1.0       
16.048    2.0       
16.285    3.0       
16.52     4.0       
16.751    1.0       
16.972    2.0       
17.214    3.0       
17.431    4.0       
17.675    1.0       
17.923    2.0       
18.157    3.0       
18.375    4.0       
18.597    1.0       
18.838    2.0       
19.056    3.0       
19.272    4.0       
19.512    1.0       
19.731    2.0       
19.949    3.0       
20.182    4.0       
20.419    1.0       
20.644    2.0       
20.871    3.0       
21.097    4.0       
21.34     1.0       
21.559    2.0       
21.794    3.0       
22.026    4.0       
22.249    1.0       
22.481    2.0       
22.722    3.0       
22.954    4.0       
23.185    5.0       
23.423    1.0       
23.647    2.0       
23.879    3.0       
24.098    4.0       
24.329    5.0       
24.575    1.0       
24.823    2.0       
25.042    3.0       
25.264    4.0       
25.499    5.0       
25.741    1.0       
25.986    2.0       
26.203    3.0       
26.431    4.0       
26.661    5.0       
26.888    1.0       
27.106    2.0       
27.335    3.0       
27.57     4.0       
27.818    5.0       
28.048    1.0       
28.286    2.0       
28.506    3.0       
28.726    4.0       
28.951    5.0       
29.174    1.0       
29.4      2.0       
29.642    3.0       
29.887    4.0       
30.128    5.0       
30.374    1.0       
30.59     2.0       
30.818    3.0       
31.038    4.0       
31.27     5.0       
31.504    1.0       
31.751    2.0       
31.991    3.0       
32.211    4.0       
32.446    5.0       
32.671    1.0       
32.91     2.0       
33.148    3.0       
33.381    4.0       
33.609    5.0       
33.85     1.0       
34.072    2.0       
34.313    3.0       
34.532    4.0       
34.763    5.0       
34.997    1.0       
35.22     2.0       
35.462    3.0       
35.68     4.0       
35.906    5.0       
36.137    1.0       
36.366    2.0       
36.598    3.0       
36.817    4.0       
37.063    5.0       
37.29     1.0       
37.521    2.0       
37.768    3.0       
38.014    4.0       
38.254    5.0       
38.497    1.0       
38.738    2.0       
38.986    3.0       
39.213    4.0       
39.444    5.0       
39.665    1.0       
39.909    2.0       
40.126    3.0       
40.369    4.0       
40.606    5.0       
40.834    1.0       
41.064    2.0       
41.299    3.0       
41.535    4.0       
41.765    5.0       
42.01     1.0       
42.237    2.0       
42.466    3.0       
42.687    4.0       
42.905    5.0       
43.125    1.0       
43.366    2.0       
43.582    3.0       
43.802    4.0       
44.018    5.0       
44.255    1.0       
44.503    2.0       
44.726    3.0       
44.952    4.0       
45.17     5.0       
