0.205     1.0       
0.527     2.0       
0.841     3.0       
1.168     4.0       
1.496     1.0       
1.816     2.0       
2.115     3.0       
2.427     4.0       
2.736     1.0       
3.052     2.0       
3.374     3.0       
3.7       4.0       
4.006     1.0       
4.32      2.0       
4.621     3.0       
4.945     4.0       
5.263     1.0       
5.582     2.0       
5.909     3.0       
6.229     4.0       
6.531     1.0       
6.848     2.0       
7.153     3.0       
7.452     4.0       
7.762     1.0       
8.078     2.0       
8.407     3.0       
8.707     4.0       
9.037     1.0       
9.355     2.0       
9.668     3.0       
9.975     4.0       
10.297    1.0       
10.596    2.0       
10.926    3.0       
11.249    4.0       
11.565    1.0       
11.88     2.0       
12.18     3.0       
12.503    4.0       
12.804    1.0       
13.131    2.0       
13.447    3.0       
13.767    4.0       
14.07     1.0       
14.37     2.0       
14.669    3.0       
14.976    4.0       
15.295    1.0       
15.619    2.0       
15.918    3.0       
16.233    4.0       
16.546    1.0       
16.87     2.0       
17.198    3.0       
17.501    4.0       
17.804    1.0       
18.131    2.0       
18.432    3.0       
18.735    4.0       
19.058    1.0       
19.376    2.0       
19.704    3.0       
20.017    4.0       
20.322    1.0       
20.632    2.0       
20.937    3.0       
21.267    4.0       
21.591    1.0       
21.911    2.0       
22.236    3.0       
22.536    4.0       
22.841    1.0       
23.144    2.0       
23.443    3.0       
23.763    4.0       
24.069    1.0       
24.375    2.0       
24.691    3.0       
25.009    4.0       
25.324    1.0       
25.624    2.0       
25.949    3.0       
26.279    4.0       
26.586    1.0       
26.896    2.0       
27.209    3.0       
27.538    4.0       
27.862    1.0       
28.193    2.0       
28.508    3.0       
28.813    4.0       
29.134    1.0       
29.442    2.0       
29.751    3.0       
30.071    4.0       
30.373    1.0       
30.7      2.0       
31.015    3.0       
31.331    4.0       
31.646    1.0       
31.957    2.0       
32.278    3.0       
32.577    4.0       
32.888    1.0       
33.205    2.0       
33.521    3.0       
33.821    4.0       
34.137    1.0       
34.436    2.0       
34.759    3.0       
35.068    4.0       
35.371    1.0       
35.686    2.0       
35.999    3.0       
36.319    4.0       
36.646    1.0       
36.971    2.0       
37.291    3.0       
37.598    4.0       
37.929    1.0       
38.251    2.0       
38.566    3.0       
38.881    4.0       
39.21     1.0       
39.523    2.0       
39.833    3.0       
40.153    4.0       
40.465    1.0       
40.789    2.0       
41.094    3.0       
41.414    4.0       
41.741    5.0       
42.047    1.0       
42.348    2.0       
42.654    3.0       
42.971    4.0       
43.289    5.0       
43.62     1.0       
43.937    2.0       
44.24     3.0       
44.558    4.0       
44.864    5.0       
45.177    1.0       
45.487    2.0       
45.786    3.0       
46.111    4.0       
46.441    5.0       
46.746    1.0       
47.074    2.0       
47.387    3.0       
47.694    4.0       
48.013    5.0       
48.334    1.0       
48.641    2.0       
48.943    3.0       
49.27     4.0       
49.595    5.0       
49.909    1.0       
50.228    2.0       
50.543    3.0       
50.864    4.0       
51.195    5.0       
51.522    1.0       
51.851    2.0       
52.159    3.0       
52.486    4.0       
52.808    5.0       
53.117    1.0       
53.437    2.0       
53.738    3.0       
54.05     4.0       
54.359    5.0       
54.684    1.0       
54.985    2.0       
55.287    3.0       
55.618    4.0       
55.947    5.0       
56.257    1.0       
56.586    2.0       
56.914    3.0       
57.24     4.0       
57.542    5.0       
57.844    1.0       
58.15     2.0       
58.465    3.0       
58.793    4.0       
59.092    5.0       
59.423    1.0       
59.727    2.0       
60.031    3.0       
60.362    4.0       
60.692    5.0       
61.001    1.0       
61.307    2.0       
61.613    3.0       
61.931    4.0       
62.236    5.0       
62.56     1.0       
62.873    2.0       
63.197    3.0       
63.503    4.0       
63.806    5.0       
64.107    1.0       
64.433    2.0       
64.759    3.0       
65.065    4.0       
65.389    5.0       
65.704    1.0       
66.029    2.0       
66.337    3.0       
66.639    4.0       
66.966    5.0       
67.294    1.0       
67.606    2.0       
67.912    3.0       
68.23     4.0       
68.54     5.0       
68.865    1.0       
69.184    2.0       
69.504    3.0       
69.829    4.0       
70.16     5.0       
70.49     1.0       
70.818    2.0       
71.132    3.0       
71.446    4.0       
71.764    5.0       
