0.115     1.0       
0.422     2.0       
0.723     3.0       
1.009     4.0       
1.298     1.0       
1.598     2.0       
1.892     3.0       
2.206     4.0       
2.505     1.0       
2.808     2.0       
3.109     3.0       
3.413     4.0       
3.72      1.0       
4.023     2.0       
4.336     3.0       
4.621     4.0       
4.928     1.0       
5.217     2.0       
5.513     3.0       
5.811     4.0       
6.115     1.0       
6.403     2.0       
6.688     3.0       
6.978     4.0       
7.261     1.0       
7.562     2.0       
7.863     3.0       
8.172     4.0       
8.465     1.0       
8.768     2.0       
9.074     3.0       
9.368     4.0       
9.665     1.0       
9.96      2.0       
10.257    3.0       
10.54     4.0       
10.839    1.0       
11.128    2.0       
11.421    3.0       
11.723    4.0       
12.016    1.0       
12.31     2.0       
12.607    3.0       
12.899    4.0       
13.182    1.0       
13.467    2.0       
13.757    3.0       
14.052    4.0       
14.354    1.0       
14.643    2.0       
14.928    3.0       
15.238    4.0       
15.541    5.0       
15.854    1.0       
16.157    2.0       
16.446    3.0       
16.743    4.0       
17.049    5.0       
17.361    1.0       
17.66     2.0       
17.969    3.0       
18.279    4.0       
18.572    5.0       
18.879    1.0       
19.173    2.0       
19.475    3.0       
19.78     4.0       
20.07     5.0       
20.352    1.0       
20.635    2.0       
20.92     3.0       
21.21     4.0       
21.52     5.0       
21.828    1.0       
22.127    2.0       
22.423    3.0       
22.737    4.0       
23.038    5.0       
23.346    1.0       
23.66     2.0       
23.942    3.0       
24.227    4.0       
24.533    5.0       
24.837    1.0       
25.137    2.0       
25.449    3.0       
25.758    4.0       
26.068    5.0       
26.375    1.0       
26.689    2.0       
26.993    3.0       
27.276    4.0       
27.578    5.0       
27.891    1.0       
28.183    2.0       
28.472    3.0       
28.774    4.0       
29.08     5.0       
29.373    1.0       
29.662    2.0       
29.963    3.0       
30.258    4.0       
30.557    5.0       
30.841    1.0       
31.149    2.0       
31.453    3.0       
31.747    4.0       
32.058    5.0       
