0.204     1.0       
0.488     2.0       
0.775     3.0       
1.071     4.0       
1.36      1.0       
1.656     2.0       
1.961     3.0       
2.236     4.0       
2.53      1.0       
2.812     2.0       
3.089     3.0       
3.371     4.0       
3.668     1.0       
3.943     2.0       
4.23      3.0       
4.535     4.0       
4.825     1.0       
5.105     2.0       
5.4       3.0       
5.678     4.0       
5.98      1.0       
6.258     2.0       
6.539     3.0       
6.835     4.0       
7.116     1.0       
7.403     2.0       
7.699     3.0       
8.004     4.0       
8.309     1.0       
8.587     2.0       
8.881     3.0       
9.172     4.0       
9.457     1.0       
9.741     2.0       
10.031    3.0       
10.309    4.0       
10.598    1.0       
10.872    2.0       
11.151    3.0       
11.451    4.0       
11.726    1.0       
12.008    2.0       
12.313    3.0       
12.595    4.0       
12.87     1.0       
13.174    2.0       
13.468    3.0       
13.768    4.0       
14.056    1.0       
14.346    2.0       
14.643    3.0       
14.949    4.0       
15.228    1.0       
15.531    2.0       
15.836    3.0       
16.11     4.0       
16.395    1.0       
16.677    2.0       
16.977    3.0       
17.266    4.0       
17.548    1.0       
17.841    2.0       
18.138    3.0       
18.42     4.0       
18.725    1.0       
19.02     2.0       
19.313    3.0       
19.603    4.0       
19.884    1.0       
20.171    2.0       
20.449    3.0       
20.727    4.0       
21.015    1.0       
21.31     2.0       
21.613    3.0       
21.919    4.0       
22.205    1.0       
22.498    2.0       
22.799    3.0       
23.094    4.0       
23.4      1.0       
23.685    2.0       
23.971    3.0       
24.276    4.0       
24.563    1.0       
24.869    2.0       
25.159    3.0       
25.453    4.0       
25.747    1.0       
26.036    2.0       
26.338    3.0       
26.641    4.0       
26.925    1.0       
27.229    2.0       
27.514    3.0       
27.812    4.0       
28.105    1.0       
28.393    2.0       
28.698    3.0       
28.98     4.0       
29.262    1.0       
29.549    2.0       
29.853    3.0       
30.147    4.0       
30.43     1.0       
30.709    2.0       
31.004    3.0       
31.282    4.0       
31.561    1.0       
31.855    2.0       
32.156    3.0       
32.444    4.0       
32.729    1.0       
33.017    2.0       
33.318    3.0       
33.611    4.0       
33.892    1.0       
34.187    2.0       
34.465    3.0       
34.762    4.0       
35.036    1.0       
35.311    2.0       
35.589    3.0       
35.874    4.0       
36.176    1.0       
36.471    2.0       
36.755    3.0       
37.054    4.0       
37.332    1.0       
37.619    2.0       
37.917    3.0       
38.205    4.0       
38.479    5.0       
38.784    1.0       
39.072    2.0       
39.372    3.0       
39.674    4.0       
39.976    5.0       
40.279    1.0       
40.568    2.0       
40.868    3.0       
41.152    4.0       
41.446    5.0       
41.745    1.0       
42.02     2.0       
42.324    3.0       
42.608    4.0       
42.9      5.0       
43.18     1.0       
43.472    2.0       
43.768    3.0       
44.051    4.0       
44.353    5.0       
44.635    1.0       
44.94     2.0       
45.225    3.0       
45.524    4.0       
45.798    5.0       
46.072    1.0       
46.355    2.0       
46.659    3.0       
46.957    4.0       
47.261    5.0       
47.545    1.0       
47.831    2.0       
48.136    3.0       
48.433    4.0       
48.708    5.0       
49.014    1.0       
49.308    2.0       
49.614    3.0       
49.903    4.0       
50.184    5.0       
50.487    1.0       
50.77     2.0       
51.065    3.0       
51.37     4.0       
51.644    5.0       
51.949    1.0       
52.242    2.0       
52.523    3.0       
52.804    4.0       
53.09     5.0       
53.394    1.0       
53.679    2.0       
53.96     3.0       
54.254    4.0       
54.534    5.0       
54.817    1.0       
55.095    2.0       
55.397    3.0       
55.696    4.0       
56.002    5.0       
56.276    1.0       
56.573    2.0       
56.862    3.0       
57.156    4.0       
57.438    5.0       
57.744    1.0       
58.024    2.0       
58.3      3.0       
58.606    4.0       
58.902    5.0       
59.176    1.0       
59.467    2.0       
59.769    3.0       
60.048    4.0       
60.354    5.0       
60.641    1.0       
60.939    2.0       
61.217    3.0       
61.493    4.0       
61.779    5.0       
62.084    1.0       
62.369    2.0       
62.662    3.0       
62.947    4.0       
63.23     5.0       
63.52     1.0       
63.805    2.0       
64.086    3.0       
64.38     4.0       
64.672    5.0       
64.968    1.0       
65.247    2.0       
65.542    3.0       
65.831    4.0       
66.109    5.0       
66.409    1.0       
66.704    2.0       
66.994    3.0       
67.273    4.0       
67.566    5.0       
67.841    1.0       
68.146    2.0       
68.443    3.0       
68.748    4.0       
69.04     5.0       
69.33     1.0       
69.613    2.0       
69.903    3.0       
70.181    4.0       
70.487    5.0       
70.784    1.0       
71.084    2.0       
71.363    3.0       
71.653    4.0       
71.947    5.0       
72.234    1.0       
72.519    2.0       
72.82     3.0       
73.115    4.0       
73.421    5.0       
73.718    1.0       
74.021    2.0       
74.302    3.0       
74.601    4.0       
74.9      5.0       
75.194    1.0       
75.474    2.0       
75.758    3.0       
76.045    4.0       
76.327    5.0       
76.624    1.0       
76.924    2.0       
77.218    3.0       
77.496    4.0       
77.789    5.0       
