0.144     1.0       
0.395     2.0       
0.656     3.0       
0.907     4.0       
1.16      1.0       
1.423     2.0       
1.67      3.0       
1.918     4.0       
2.155     1.0       
2.422     2.0       
2.658     3.0       
2.91      4.0       
3.167     1.0       
3.43      2.0       
3.679     3.0       
3.946     4.0       
4.183     1.0       
4.43      2.0       
4.695     3.0       
4.941     4.0       
5.188     1.0       
5.441     2.0       
5.706     3.0       
5.943     4.0       
6.208     1.0       
6.463     2.0       
6.714     3.0       
6.959     4.0       
7.204     1.0       
7.441     2.0       
7.678     3.0       
7.938     4.0       
8.184     1.0       
8.427     2.0       
8.664     3.0       
8.911     4.0       
9.173     1.0       
9.435     2.0       
9.677     3.0       
9.933     4.0       
10.185    1.0       
10.446    2.0       
10.69     3.0       
10.946    4.0       
11.185    1.0       
11.442    2.0       
11.68     3.0       
11.918    4.0       
12.174    1.0       
12.429    2.0       
12.694    3.0       
12.943    4.0       
13.198    1.0       
13.447    2.0       
13.684    3.0       
13.924    4.0       
14.169    1.0       
14.427    2.0       
14.674    3.0       
14.927    4.0       
15.19     1.0       
15.425    2.0       
15.684    3.0       
15.94     4.0       
16.207    1.0       
16.449    2.0       
16.708    3.0       
16.967    4.0       
17.214    1.0       
17.471    2.0       
17.708    3.0       
17.946    4.0       
18.182    1.0       
18.425    2.0       
18.66     3.0       
18.902    4.0       
19.154    1.0       
19.398    2.0       
19.641    3.0       
19.896    4.0       
20.158    1.0       
20.425    2.0       
20.681    3.0       
20.948    4.0       
21.189    1.0       
21.454    2.0       
21.69     3.0       
21.935    4.0       
22.182    1.0       
22.431    2.0       
22.674    3.0       
22.912    4.0       
23.152    1.0       
23.407    2.0       
23.663    3.0       
23.903    4.0       
24.139    1.0       
24.401    2.0       
24.646    3.0       
24.89     4.0       
25.138    5.0       
25.378    1.0       
25.636    2.0       
25.893    3.0       
26.154    4.0       
26.402    5.0       
26.656    1.0       
26.898    2.0       
27.163    3.0       
27.404    4.0       
27.659    5.0       
27.906    1.0       
28.17     2.0       
28.433    3.0       
28.673    4.0       
28.934    5.0       
29.189    1.0       
29.434    2.0       
29.698    3.0       
29.934    4.0       
30.18     5.0       
30.437    1.0       
30.673    2.0       
30.919    3.0       
31.184    4.0       
31.439    5.0       
31.702    1.0       
31.961    2.0       
32.2      3.0       
32.442    4.0       
32.698    5.0       
32.948    1.0       
33.193    2.0       
33.445    3.0       
33.702    4.0       
33.948    5.0       
34.192    1.0       
34.435    2.0       
34.684    3.0       
34.926    4.0       
35.184    5.0       
35.433    1.0       
35.683    2.0       
35.94     3.0       
36.207    4.0       
36.47     5.0       
36.716    1.0       
36.967    2.0       
37.231    3.0       
37.484    4.0       
37.745    5.0       
37.981    1.0       
38.224    2.0       
38.478    3.0       
38.727    4.0       
38.988    5.0       
39.231    1.0       
39.488    2.0       
39.736    3.0       
39.993    4.0       
40.24     5.0       
40.48     1.0       
40.716    2.0       
40.97     3.0       
41.206    4.0       
41.47     5.0       
41.718    1.0       
41.961    2.0       
42.227    3.0       
42.483    4.0       
42.743    5.0       
43.007    1.0       
43.254    2.0       
43.496    3.0       
43.75     4.0       
44.005    5.0       
