0.276     1.0       
0.622     2.0       
0.944     3.0       
1.275     4.0       
1.609     1.0       
1.958     2.0       
2.28      3.0       
2.622     4.0       
2.965     1.0       
3.291     2.0       
3.629     3.0       
3.964     4.0       
4.3       1.0       
4.62      2.0       
4.947     3.0       
5.272     4.0       
5.596     1.0       
5.922     2.0       
6.239     3.0       
6.581     4.0       
6.899     1.0       
7.234     2.0       
7.571     3.0       
7.902     4.0       
8.234     1.0       
8.567     2.0       
8.89      3.0       
9.217     4.0       
9.547     1.0       
9.871     2.0       
10.193    3.0       
10.526    4.0       
10.871    1.0       
11.189    2.0       
11.516    3.0       
11.843    4.0       
12.172    1.0       
12.494    2.0       
12.83     3.0       
13.178    4.0       
13.506    1.0       
13.828    2.0       
14.16     3.0       
14.497    4.0       
14.831    1.0       
15.158    2.0       
15.497    3.0       
15.828    4.0       
16.164    1.0       
16.496    2.0       
16.832    3.0       
17.166    4.0       
17.496    1.0       
17.821    2.0       
18.164    3.0       
18.512    4.0       
18.842    1.0       
19.163    2.0       
19.497    3.0       
19.814    4.0       
20.137    1.0       
20.483    2.0       
20.825    3.0       
21.145    4.0       
21.47     1.0       
21.798    2.0       
22.144    3.0       
22.485    4.0       
22.803    5.0       
23.151    1.0       
23.482    2.0       
23.806    3.0       
24.15     4.0       
24.479    5.0       
24.809    1.0       
25.126    2.0       
25.467    3.0       
25.801    4.0       
26.138    5.0       
26.459    1.0       
26.786    2.0       
27.106    3.0       
27.438    4.0       
27.772    5.0       
28.118    1.0       
28.439    2.0       
28.761    3.0       
29.079    4.0       
29.411    5.0       
29.753    1.0       
30.08     2.0       
30.421    3.0       
30.76     4.0       
31.094    5.0       
31.419    1.0       
31.739    2.0       
32.062    3.0       
32.398    4.0       
32.741    5.0       
33.083    1.0       
33.405    2.0       
33.748    3.0       
34.088    4.0       
34.428    5.0       
34.746    1.0       
35.081    2.0       
35.402    3.0       
35.727    4.0       
36.05     5.0       
36.389    1.0       
36.728    2.0       
37.071    3.0       
37.399    4.0       
37.748    5.0       
38.065    1.0       
38.401    2.0       
38.743    3.0       
39.075    4.0       
39.398    5.0       
39.747    1.0       
40.068    2.0       
40.415    3.0       
40.738    4.0       
41.077    5.0       
