0.218     1.0       
0.509     2.0       
0.818     3.0       
1.104     4.0       
1.409     1.0       
1.7       2.0       
1.996     3.0       
2.292     4.0       
2.581     1.0       
2.889     2.0       
3.197     3.0       
3.49      4.0       
3.796     1.0       
4.094     2.0       
4.411     3.0       
4.714     4.0       
5.022     1.0       
5.322     2.0       
5.629     3.0       
5.924     4.0       
6.23      1.0       
6.545     2.0       
6.857     3.0       
7.158     4.0       
7.466     1.0       
7.757     2.0       
8.054     3.0       
8.359     4.0       
8.66      1.0       
8.968     2.0       
9.27      3.0       
9.561     4.0       
9.875     1.0       
10.187    2.0       
10.474    3.0       
10.78     4.0       
11.091    1.0       
11.378    2.0       
11.691    3.0       
11.999    4.0       
12.292    1.0       
12.587    2.0       
12.898    3.0       
13.215    4.0       
13.512    1.0       
13.808    2.0       
14.116    3.0       
14.43     4.0       
14.729    1.0       
15.021    2.0       
15.316    3.0       
15.63     4.0       
15.936    1.0       
16.23     2.0       
16.52     3.0       
16.834    4.0       
17.147    1.0       
17.447    2.0       
17.753    3.0       
18.042    4.0       
18.359    1.0       
18.676    2.0       
18.979    3.0       
19.265    4.0       
19.561    1.0       
19.852    2.0       
20.155    3.0       
20.452    4.0       
20.756    1.0       
21.071    2.0       
21.388    3.0       
21.694    4.0       
22.008    1.0       
22.321    2.0       
22.62     3.0       
22.913    4.0       
23.224    1.0       
23.532    2.0       
23.833    3.0       
24.128    4.0       
24.418    1.0       
24.709    2.0       
25.018    3.0       
25.333    4.0       
25.63     1.0       
25.946    2.0       
26.262    3.0       
26.574    4.0       
26.886    1.0       
27.194    2.0       
27.502    3.0       
27.812    4.0       
28.124    1.0       
28.412    2.0       
28.707    3.0       
29.022    4.0       
29.329    1.0       
29.644    2.0       
29.958    3.0       
30.246    4.0       
30.564    1.0       
30.869    2.0       
31.163    3.0       
31.472    4.0       
31.787    1.0       
32.1      2.0       
32.418    3.0       
32.715    4.0       
33.019    1.0       
33.324    2.0       
33.613    3.0       
33.899    4.0       
34.199    1.0       
34.49     2.0       
34.799    3.0       
35.112    4.0       
35.417    1.0       
35.732    2.0       
36.035    3.0       
36.325    4.0       
36.616    1.0       
36.912    2.0       
37.205    3.0       
37.502    4.0       
37.817    1.0       
38.131    2.0       
38.426    3.0       
38.716    4.0       
39.028    1.0       
39.335    2.0       
39.641    3.0       
39.93     4.0       
40.233    5.0       
40.532    1.0       
40.85     2.0       
41.164    3.0       
41.467    4.0       
41.782    5.0       
42.077    1.0       
42.392    2.0       
42.704    3.0       
43.006    4.0       
43.318    5.0       
43.621    1.0       
43.925    2.0       
44.215    3.0       
44.524    4.0       
44.838    5.0       
45.13     1.0       
45.418    2.0       
45.714    3.0       
46.025    4.0       
46.329    5.0       
46.638    1.0       
46.949    2.0       
47.254    3.0       
47.551    4.0       
47.864    5.0       
48.16     1.0       
48.474    2.0       
48.766    3.0       
49.07     4.0       
49.377    5.0       
49.673    1.0       
49.986    2.0       
50.288    3.0       
50.574    4.0       
50.875    5.0       
51.167    1.0       
51.479    2.0       
51.795    3.0       
52.104    4.0       
52.415    5.0       
52.711    1.0       
53.025    2.0       
53.341    3.0       
53.629    4.0       
53.927    5.0       
54.216    1.0       
54.532    2.0       
54.825    3.0       
55.113    4.0       
55.421    5.0       
55.716    1.0       
56.014    2.0       
56.328    3.0       
56.646    4.0       
56.939    5.0       
57.241    1.0       
57.552    2.0       
57.854    3.0       
58.157    4.0       
58.456    5.0       
58.772    1.0       
59.082    2.0       
59.376    3.0       
59.679    4.0       
59.979    5.0       
60.282    1.0       
60.592    2.0       
60.883    3.0       
61.175    4.0       
61.492    5.0       
61.804    1.0       
62.09     2.0       
62.407    3.0       
62.713    4.0       
63.019    5.0       
63.312    1.0       
63.627    2.0       
63.934    3.0       
64.227    4.0       
64.536    5.0       
64.831    1.0       
65.13     2.0       
65.425    3.0       
65.723    4.0       
66.033    5.0       
66.324    1.0       
66.633    2.0       
66.925    3.0       
67.232    4.0       
67.519    5.0       
67.814    1.0       
68.116    2.0       
68.422    3.0       
68.737    4.0       
69.025    5.0       
69.333    1.0       
69.647    2.0       
69.965    3.0       
70.251    4.0       
70.548    5.0       
70.858    1.0       
71.167    2.0       
71.457    3.0       
71.763    4.0       
72.06     5.0       
72.354    1.0       
72.658    2.0       
72.969    3.0       
73.273    4.0       
73.568    5.0       
73.871    1.0       
74.181    2.0       
74.499    3.0       
74.788    4.0       
75.095    5.0       
