0.254     1.0       
0.581     2.0       
0.9       3.0       
1.24      4.0       
1.575     1.0       
1.924     2.0       
2.265     3.0       
2.605     4.0       
2.931     1.0       
3.255     2.0       
3.598     3.0       
3.919     4.0       
4.254     1.0       
4.579     2.0       
4.927     3.0       
5.258     4.0       
5.608     1.0       
5.928     2.0       
6.261     3.0       
6.599     4.0       
6.939     1.0       
7.273     2.0       
7.617     3.0       
7.943     4.0       
8.294     1.0       
8.636     2.0       
8.987     3.0       
9.315     4.0       
9.656     1.0       
9.986     2.0       
10.322    3.0       
10.641    4.0       
10.97     1.0       
11.301    2.0       
11.628    3.0       
11.956    4.0       
12.288    1.0       
12.637    2.0       
12.965    3.0       
13.302    4.0       
13.632    1.0       
13.957    2.0       
14.282    3.0       
14.631    4.0       
14.953    1.0       
15.284    2.0       
15.615    3.0       
15.943    4.0       
16.285    1.0       
16.618    2.0       
16.946    3.0       
17.278    4.0       
17.619    1.0       
17.948    2.0       
18.282    3.0       
18.608    4.0       
18.937    1.0       
19.282    2.0       
19.624    3.0       
19.959    4.0       
20.309    1.0       
20.63     2.0       
20.956    3.0       
21.28     4.0       
21.624    1.0       
21.953    2.0       
22.277    3.0       
22.607    4.0       
22.948    5.0       
23.298    1.0       
23.646    2.0       
23.986    3.0       
24.31     4.0       
24.651    5.0       
24.981    1.0       
25.302    2.0       
25.627    3.0       
25.968    4.0       
26.303    5.0       
26.649    1.0       
26.981    2.0       
27.327    3.0       
27.668    4.0       
28.016    5.0       
28.349    1.0       
28.679    2.0       
29.008    3.0       
29.332    4.0       
29.678    5.0       
29.997    1.0       
30.345    2.0       
30.693    3.0       
31.025    4.0       
31.356    5.0       
31.703    1.0       
32.045    2.0       
32.382    3.0       
32.704    4.0       
33.028    5.0       
33.352    1.0       
33.686    2.0       
34.009    3.0       
34.343    4.0       
34.662    5.0       
35.004    1.0       
35.325    2.0       
35.655    3.0       
36.005    4.0       
36.349    5.0       
36.693    1.0       
37.015    2.0       
37.351    3.0       
37.699    4.0       
38.046    5.0       
38.392    1.0       
38.713    2.0       
39.053    3.0       
39.402    4.0       
39.741    5.0       
40.066    1.0       
40.404    2.0       
40.745    3.0       
41.085    4.0       
41.41     5.0       
41.756    1.0       
42.077    2.0       
42.423    3.0       
42.763    4.0       
43.094    5.0       
43.429    1.0       
43.754    2.0       
44.096    3.0       
44.434    4.0       
44.761    5.0       
45.104    1.0       
45.433    2.0       
45.752    3.0       
46.071    4.0       
46.404    5.0       
46.754    1.0       
47.085    2.0       
47.435    3.0       
47.756    4.0       
48.095    5.0       
48.427    1.0       
48.756    2.0       
49.101    3.0       
49.435    4.0       
49.784    5.0       
50.107    1.0       
50.43     2.0       
50.752    3.0       
51.089    4.0       
51.42     5.0       
51.761    1.0       
52.102    2.0       
52.435    3.0       
52.779    4.0       
53.124    5.0       
53.465    1.0       
53.815    2.0       
54.146    3.0       
54.495    4.0       
54.821    5.0       
55.159    1.0       
55.507    2.0       
55.828    3.0       
56.166    4.0       
56.485    5.0       
56.81     1.0       
57.135    2.0       
57.461    3.0       
57.787    4.0       
58.106    5.0       
58.431    1.0       
58.756    2.0       
59.104    3.0       
59.432    4.0       
59.773    5.0       
60.094    1.0       
60.442    2.0       
60.781    3.0       
61.109    4.0       
61.457    5.0       
61.791    1.0       
62.142    2.0       
62.491    3.0       
62.826    4.0       
63.152    5.0       
63.482    1.0       
63.822    2.0       
64.173    3.0       
64.523    4.0       
64.874    5.0       
65.204    1.0       
65.539    2.0       
65.864    3.0       
66.194    4.0       
66.524    5.0       
66.85     1.0       
67.185    2.0       
67.532    3.0       
67.876    4.0       
68.208    5.0       
68.536    1.0       
68.872    2.0       
69.201    3.0       
69.532    4.0       
69.875    5.0       
70.205    1.0       
70.536    2.0       
70.877    3.0       
71.211    4.0       
71.546    5.0       
71.889    1.0       
72.209    2.0       
72.539    3.0       
72.873    4.0       
73.203    5.0       
73.531    1.0       
73.855    2.0       
74.183    3.0       
74.533    4.0       
74.882    5.0       
