0.257     1.0       
0.516     2.0       
0.772     3.0       
1.038     4.0       
1.305     1.0       
1.571     2.0       
1.83      3.0       
2.096     4.0       
2.352     1.0       
2.625     2.0       
2.902     3.0       
3.163     4.0       
3.411     1.0       
3.661     2.0       
3.937     3.0       
4.197     4.0       
4.45      1.0       
4.7       2.0       
4.968     3.0       
5.236     4.0       
5.503     1.0       
5.779     2.0       
6.029     3.0       
6.3       4.0       
6.548     1.0       
6.827     2.0       
7.08      3.0       
7.339     4.0       
7.606     1.0       
7.853     2.0       
8.119     3.0       
8.394     4.0       
8.644     1.0       
8.901     2.0       
9.153     3.0       
9.415     4.0       
9.681     5.0       
9.953     1.0       
10.231    2.0       
10.487    3.0       
10.754    4.0       
11.013    5.0       
11.271    1.0       
11.534    2.0       
11.798    3.0       
12.061    4.0       
12.33     5.0       
12.603    1.0       
12.879    2.0       
13.131    3.0       
13.381    4.0       
13.658    5.0       
13.911    1.0       
14.171    2.0       
14.43     3.0       
14.696    4.0       
14.952    5.0       
15.224    1.0       
15.475    2.0       
15.75     3.0       
15.997    4.0       
16.251    5.0       
16.511    1.0       
16.776    2.0       
17.046    3.0       
17.302    4.0       
17.565    5.0       
17.823    1.0       
18.102    2.0       
18.359    3.0       
18.609    4.0       
18.867    5.0       
