0.189     1.0       
0.414     2.0       
0.662     3.0       
0.882     4.0       
1.121     1.0       
1.352     2.0       
1.59      3.0       
1.809     4.0       
2.029     1.0       
2.279     2.0       
2.52      3.0       
2.756     4.0       
3.003     1.0       
3.243     2.0       
3.481     3.0       
3.731     4.0       
3.97      1.0       
4.201     2.0       
4.447     3.0       
4.677     4.0       
4.896     1.0       
5.118     2.0       
5.361     3.0       
5.592     4.0       
5.831     1.0       
6.054     2.0       
6.304     3.0       
6.547     4.0       
6.795     1.0       
7.039     2.0       
7.264     3.0       
7.512     4.0       
7.76      1.0       
7.983     2.0       
8.205     3.0       
8.436     4.0       
8.681     1.0       
8.929     2.0       
9.148     3.0       
9.383     4.0       
9.624     1.0       
9.862     2.0       
10.093    3.0       
10.341    4.0       
10.583    1.0       
10.834    2.0       
11.062    3.0       
11.305    4.0       
11.533    1.0       
11.78     2.0       
12.014    3.0       
12.251    4.0       
12.496    1.0       
12.72     2.0       
12.954    3.0       
13.201    4.0       
13.421    1.0       
13.655    2.0       
13.904    3.0       
14.135    4.0       
14.373    1.0       
14.599    2.0       
14.829    3.0       
15.05     4.0       
15.276    1.0       
15.497    2.0       
15.721    3.0       
15.959    4.0       
16.208    1.0       
16.455    2.0       
16.674    3.0       
16.912    4.0       
17.163    1.0       
17.403    2.0       
17.651    3.0       
17.889    4.0       
18.108    1.0       
18.329    2.0       
18.564    3.0       
18.798    4.0       
19.039    1.0       
19.263    2.0       
19.511    3.0       
19.753    4.0       
19.999    1.0       
20.22     2.0       
20.461    3.0       
20.709    4.0       
20.94     1.0       
21.182    2.0       
21.418    3.0       
21.641    4.0       
21.862    1.0       
22.09     2.0       
22.337    3.0       
22.576    4.0       
22.795    1.0       
23.018    2.0       
23.26     3.0       
23.495    4.0       
23.733    1.0       
23.952    2.0       
24.193    3.0       
24.415    4.0       
24.651    1.0       
24.902    2.0       
25.147    3.0       
25.367    4.0       
25.601    1.0       
25.827    2.0       
26.067    3.0       
26.298    4.0       
26.531    1.0       
26.752    2.0       
26.99     3.0       
27.226    4.0       
27.477    1.0       
27.705    2.0       
27.948    3.0       
28.179    4.0       
28.406    1.0       
28.654    2.0       
28.873    3.0       
29.11     4.0       
29.357    1.0       
29.607    2.0       
29.852    3.0       
30.084    4.0       
30.321    1.0       
30.567    2.0       
30.813    3.0       
31.034    4.0       
31.269    5.0       
31.489    1.0       
31.715    2.0       
31.966    3.0       
32.21     4.0       
32.452    5.0       
32.702    1.0       
32.94     2.0       
33.162    3.0       
33.407    4.0       
33.654    5.0       
33.901    1.0       
34.125    2.0       
34.348    3.0       
34.592    4.0       
34.823    5.0       
35.064    1.0       
35.303    2.0       
35.541    3.0       
35.773    4.0       
35.993    5.0       
36.241    1.0       
36.481    2.0       
36.722    3.0       
36.964    4.0       
37.212    5.0       
37.437    1.0       
37.659    2.0       
37.898    3.0       
38.13     4.0       
38.361    5.0       
38.597    1.0       
38.831    2.0       
39.064    3.0       
39.306    4.0       
39.538    5.0       
39.783    1.0       
40.003    2.0       
40.246    3.0       
40.493    4.0       
40.73     5.0       
40.951    1.0       
41.188    2.0       
41.431    3.0       
41.664    4.0       
41.911    5.0       
42.159    1.0       
42.404    2.0       
42.631    3.0       
42.881    4.0       
43.116    5.0       
43.355    1.0       
43.575    2.0       
43.819    3.0       
44.055    4.0       
44.301    5.0       
44.525    1.0       
44.755    2.0       
44.994    3.0       
45.233    4.0       
45.464    5.0       
45.696    1.0       
45.946    2.0       
46.184    3.0       
46.429    4.0       
46.653    5.0       
46.875    1.0       
47.119    2.0       
47.361    3.0       
47.6      4.0       
47.842    5.0       
48.074    1.0       
48.314    2.0       
48.547    3.0       
48.77     4.0       
48.993    5.0       
49.215    1.0       
49.449    2.0       
49.686    3.0       
49.921    4.0       
50.141    5.0       
50.386    1.0       
50.609    2.0       
50.839    3.0       
51.066    4.0       
51.3      5.0       
51.529    1.0       
51.775    2.0       
52.001    3.0       
52.227    4.0       
52.477    5.0       
52.713    1.0       
52.961    2.0       
53.209    3.0       
53.43     4.0       
53.67     5.0       
53.897    1.0       
54.12     2.0       
54.354    3.0       
54.6      4.0       
54.844    5.0       
55.077    1.0       
55.296    2.0       
55.547    3.0       
55.766    4.0       
56.006    5.0       
56.25     1.0       
56.477    2.0       
56.712    3.0       
56.962    4.0       
57.202    5.0       
57.439    1.0       
57.681    2.0       
57.922    3.0       
58.171    4.0       
58.396    5.0       
58.626    1.0       
58.858    2.0       
59.106    3.0       
59.343    4.0       
59.563    5.0       
59.789    1.0       
60.022    2.0       
60.246    3.0       
60.48     4.0       
60.706    5.0       
60.948    1.0       
61.193    2.0       
61.433    3.0       
61.668    4.0       
61.914    5.0       
62.134    1.0       
62.383    2.0       
62.609    3.0       
62.86     4.0       
63.093    5.0       
63.331    1.0       
63.559    2.0       
63.797    3.0       
64.033    4.0       
64.275    5.0       
64.517    1.0       
64.747    2.0       
64.977    3.0       
65.198    4.0       
65.447    5.0       
65.684    1.0       
65.934    2.0       
66.178    3.0       
66.406    4.0       
66.625    5.0       
66.844    1.0       
67.073    2.0       
67.296    3.0       
67.546    4.0       
67.793    5.0       
