0.105     1.0       
0.363     2.0       
0.634     3.0       
0.889     4.0       
1.129     1.0       
1.388     2.0       
1.631     3.0       
1.873     4.0       
2.121     1.0       
2.391     2.0       
2.641     3.0       
2.892     4.0       
3.151     1.0       
3.405     2.0       
3.668     3.0       
3.909     4.0       
4.159     1.0       
4.4       2.0       
4.668     3.0       
4.932     4.0       
5.181     1.0       
5.446     2.0       
5.695     3.0       
5.94      4.0       
6.207     1.0       
6.45      2.0       
6.71      3.0       
6.952     4.0       
7.191     1.0       
7.459     2.0       
7.725     3.0       
7.982     4.0       
8.231     1.0       
8.486     2.0       
8.731     3.0       
8.986     4.0       
9.229     1.0       
9.478     2.0       
9.73      3.0       
9.984     4.0       
10.231    1.0       
10.478    2.0       
10.738    3.0       
11.003    4.0       
11.274    1.0       
11.536    2.0       
11.778    3.0       
12.04     4.0       
12.301    1.0       
12.561    2.0       
12.83     3.0       
13.092    4.0       
13.351    1.0       
13.608    2.0       
13.875    3.0       
14.145    4.0       
14.41     1.0       
14.678    2.0       
14.938    3.0       
15.197    4.0       
15.447    1.0       
15.689    2.0       
15.948    3.0       
16.215    4.0       
16.455    1.0       
16.722    2.0       
16.973    3.0       
17.216    4.0       
17.481    1.0       
17.748    2.0       
18.015    3.0       
18.264    4.0       
18.517    1.0       
18.757    2.0       
19.007    3.0       
19.259    4.0       
19.499    1.0       
19.757    2.0       
20.007    3.0       
20.265    4.0       
20.504    1.0       
20.759    2.0       
21.011    3.0       
21.26     4.0       
21.528    1.0       
21.794    2.0       
22.043    3.0       
22.298    4.0       
22.546    1.0       
22.791    2.0       
23.049    3.0       
23.298    4.0       
23.563    1.0       
23.804    2.0       
24.044    3.0       
24.291    4.0       
24.539    1.0       
24.798    2.0       
25.069    3.0       
25.324    4.0       
25.565    5.0       
25.812    1.0       
26.07     2.0       
26.309    3.0       
26.574    4.0       
26.837    5.0       
27.097    1.0       
27.341    2.0       
27.612    3.0       
27.86     4.0       
28.102    5.0       
28.344    1.0       
28.594    2.0       
28.842    3.0       
29.093    4.0       
29.332    5.0       
29.589    1.0       
29.829    2.0       
30.088    3.0       
30.331    4.0       
30.575    5.0       
30.826    1.0       
31.092    2.0       
31.353    3.0       
31.606    4.0       
31.874    5.0       
32.115    1.0       
32.355    2.0       
32.601    3.0       
32.872    4.0       
33.124    5.0       
33.365    1.0       
33.614    2.0       
33.863    3.0       
34.108    4.0       
34.376    5.0       
34.616    1.0       
34.879    2.0       
35.125    3.0       
35.387    4.0       
35.643    5.0       
35.908    1.0       
36.151    2.0       
36.413    3.0       
36.676    4.0       
36.943    5.0       
37.199    1.0       
37.46     2.0       
37.702    3.0       
37.943    4.0       
38.213    5.0       
38.452    1.0       
38.694    2.0       
38.955    3.0       
39.194    4.0       
39.449    5.0       
39.693    1.0       
39.96     2.0       
40.228    3.0       
40.475    4.0       
40.733    5.0       
41.002    1.0       
41.271    2.0       
41.523    3.0       
41.786    4.0       
42.052    5.0       
42.32     1.0       
42.581    2.0       
42.832    3.0       
43.073    4.0       
43.315    5.0       
43.578    1.0       
43.841    2.0       
44.105    3.0       
44.376    4.0       
44.623    5.0       
44.894    1.0       
45.145    2.0       
45.4      3.0       
45.662    4.0       
45.915    5.0       
46.173    1.0       
46.417    2.0       
46.67     3.0       
46.922    4.0       
47.189    5.0       
47.459    1.0       
47.718    2.0       
47.968    3.0       
48.211    4.0       
48.452    5.0       
48.702    1.0       
48.968    2.0       
49.232    3.0       
49.471    4.0       
49.726    5.0       
