0.193     1.0       
0.385     2.0       
0.587     3.0       
0.781     4.0       
0.987     1.0       
1.194     2.0       
1.381     3.0       
1.585     4.0       
1.792     1.0       
2.0       2.0       
2.208     3.0       
2.395     4.0       
2.591     1.0       
2.792     2.0       
2.979     3.0       
3.16      4.0       
3.342     1.0       
3.545     2.0       
3.748     3.0       
3.952     4.0       
4.161     1.0       
4.362     2.0       
4.57      3.0       
4.763     4.0       
4.944     1.0       
5.128     2.0       
5.33      3.0       
5.541     4.0       
5.752     1.0       
5.96      2.0       
6.152     3.0       
6.337     4.0       
6.543     1.0       
6.74      2.0       
6.921     3.0       
7.121     4.0       
7.302     1.0       
7.487     2.0       
7.673     3.0       
7.885     4.0       
8.084     1.0       
8.293     2.0       
8.497     3.0       
8.691     4.0       
8.873     1.0       
9.066     2.0       
9.254     3.0       
9.462     4.0       
9.654     1.0       
9.857     2.0       
10.051    3.0       
10.237    4.0       
10.428    1.0       
10.629    2.0       
10.825    3.0       
11.009    4.0       
11.205    1.0       
11.417    2.0       
11.619    3.0       
11.826    4.0       
12.031    1.0       
12.229    2.0       
12.409    3.0       
12.591    4.0       
12.782    1.0       
12.977    2.0       
13.169    3.0       
13.359    4.0       
13.552    1.0       
13.752    2.0       
13.934    3.0       
14.123    4.0       
14.327    1.0       
14.532    2.0       
14.74     3.0       
14.937    4.0       
15.13     1.0       
15.325    2.0       
15.525    3.0       
15.708    4.0       
15.92     1.0       
16.123    2.0       
16.308    3.0       
16.5      4.0       
16.683    1.0       
16.89     2.0       
17.088    3.0       
17.288    4.0       
17.489    1.0       
17.678    2.0       
17.89     3.0       
18.09     4.0       
18.274    1.0       
18.474    2.0       
18.658    3.0       
18.853    4.0       
19.047    1.0       
19.255    2.0       
19.456    3.0       
19.639    4.0       
19.843    1.0       
20.054    2.0       
20.261    3.0       
20.455    4.0       
20.663    1.0       
20.852    2.0       
21.036    3.0       
21.248    4.0       
21.431    1.0       
21.635    2.0       
21.828    3.0       
22.017    4.0       
22.21     1.0       
22.422    2.0       
22.634    3.0       
22.832    4.0       
23.037    5.0       
23.217    1.0       
23.421    2.0       
23.633    3.0       
23.825    4.0       
24.021    5.0       
24.206    1.0       
24.392    2.0       
24.593    3.0       
24.805    4.0       
24.987    5.0       
25.175    1.0       
25.383    2.0       
25.563    3.0       
25.752    4.0       
25.954    5.0       
26.163    1.0       
26.368    2.0       
26.557    3.0       
26.737    4.0       
26.947    5.0       
27.147    1.0       
27.343    2.0       
27.545    3.0       
27.738    4.0       
27.922    5.0       
28.109    1.0       
28.309    2.0       
28.498    3.0       
28.709    4.0       
28.917    5.0       
29.106    1.0       
29.309    2.0       
29.494    3.0       
29.697    4.0       
29.891    5.0       
30.071    1.0       
30.257    2.0       
30.467    3.0       
30.674    4.0       
30.879    5.0       
31.086    1.0       
31.29     2.0       
31.488    3.0       
31.683    4.0       
31.878    5.0       
32.062    1.0       
32.242    2.0       
32.444    3.0       
32.644    4.0       
32.824    5.0       
33.019    1.0       
33.21     2.0       
33.392    3.0       
33.603    4.0       
33.805    5.0       
34.007    1.0       
34.194    2.0       
34.39     3.0       
34.579    4.0       
34.78     5.0       
34.981    1.0       
35.187    2.0       
35.373    3.0       
35.558    4.0       
35.753    5.0       
35.933    1.0       
36.131    2.0       
36.341    3.0       
36.532    4.0       
36.738    5.0       
36.941    1.0       
37.132    2.0       
37.314    3.0       
37.512    4.0       
37.698    5.0       
37.903    1.0       
38.103    2.0       
38.285    3.0       
38.476    4.0       
38.665    5.0       
38.853    1.0       
39.051    2.0       
39.252    3.0       
39.443    4.0       
39.63     5.0       
39.83     1.0       
40.012    2.0       
40.214    3.0       
40.414    4.0       
40.606    5.0       
40.793    1.0       
40.991    2.0       
41.186    3.0       
41.369    4.0       
41.552    5.0       
41.754    1.0       
41.962    2.0       
42.156    3.0       
42.366    4.0       
42.573    5.0       
42.776    1.0       
42.964    2.0       
43.152    3.0       
43.362    4.0       
43.548    5.0       
43.73     1.0       
43.918    2.0       
44.102    3.0       
44.286    4.0       
44.492    5.0       
44.687    1.0       
44.895    2.0       
45.104    3.0       
45.284    4.0       
45.487    5.0       
45.692    1.0       
45.904    2.0       
46.085    3.0       
46.268    4.0       
46.474    5.0       
46.684    1.0       
46.879    2.0       
47.075    3.0       
47.259    4.0       
47.461    5.0       
47.643    1.0       
47.847    2.0       
48.05     3.0       
48.235    4.0       
48.441    5.0       
48.647    1.0       
48.838    2.0       
49.024    3.0       
49.213    4.0       
49.424    5.0       
49.615    1.0       
49.807    2.0       
49.987    3.0       
50.179    4.0       
50.381    5.0       
50.569    1.0       
50.781    2.0       
50.972    3.0       
51.163    4.0       
51.343    5.0       
51.553    1.0       
51.744    2.0       
51.952    3.0       
52.163    4.0       
52.372    5.0       
52.572    1.0       
52.754    2.0       
52.934    3.0       
53.128    4.0       
53.317    5.0       
