0.232     1.0       
0.501     2.0       
0.779     3.0       
1.047     4.0       
1.311     1.0       
1.589     2.0       
1.845     3.0       
2.107     4.0       
2.375     1.0       
2.64      2.0       
2.899     3.0       
3.177     4.0       
3.436     1.0       
3.718     2.0       
4.0       3.0       
4.26      4.0       
4.543     1.0       
4.817     2.0       
5.09      3.0       
5.368     4.0       
5.633     1.0       
5.904     2.0       
6.174     3.0       
6.459     4.0       
6.735     1.0       
6.993     2.0       
7.259     3.0       
7.532     4.0       
7.801     1.0       
8.06      2.0       
8.342     3.0       
8.63      4.0       
8.913     1.0       
9.199     2.0       
9.455     3.0       
9.722     4.0       
9.988     1.0       
10.254    2.0       
10.51     3.0       
10.779    4.0       
11.048    1.0       
11.329    2.0       
11.596    3.0       
11.865    4.0       
12.133    1.0       
12.406    2.0       
12.676    3.0       
12.948    4.0       
13.204    1.0       
13.487    2.0       
13.745    3.0       
14.028    4.0       
14.287    1.0       
14.544    2.0       
14.804    3.0       
15.092    4.0       
15.36     1.0       
15.643    2.0       
15.913    3.0       
16.189    4.0       
16.448    1.0       
16.724    2.0       
17.001    3.0       
17.28     4.0       
17.551    1.0       
17.812    2.0       
18.075    3.0       
18.333    4.0       
18.614    1.0       
18.88     2.0       
19.155    3.0       
19.436    4.0       
19.714    1.0       
19.998    2.0       
20.282    3.0       
20.544    4.0       
20.806    1.0       
21.064    2.0       
21.329    3.0       
21.591    4.0       
21.877    1.0       
22.14     2.0       
22.423    3.0       
22.685    4.0       
22.964    1.0       
23.232    2.0       
23.49     3.0       
23.754    4.0       
24.027    1.0       
24.312    2.0       
24.583    3.0       
24.868    4.0       
25.14     1.0       
25.404    2.0       
25.674    3.0       
25.936    4.0       
26.2      1.0       
26.486    2.0       
26.75     3.0       
27.028    4.0       
27.293    1.0       
27.567    2.0       
27.85     3.0       
28.113    4.0       
28.38     1.0       
28.647    2.0       
28.93     3.0       
29.217    4.0       
29.49     1.0       
29.753    2.0       
30.022    3.0       
30.278    4.0       
30.553    1.0       
30.826    2.0       
31.092    3.0       
31.363    4.0       
31.626    1.0       
31.895    2.0       
32.158    3.0       
32.435    4.0       
32.699    1.0       
32.987    2.0       
33.274    3.0       
33.534    4.0       
33.8      1.0       
34.084    2.0       
34.341    3.0       
34.625    4.0       
34.899    1.0       
35.169    2.0       
35.431    3.0       
35.714    4.0       
35.971    5.0       
36.228    1.0       
36.498    2.0       
36.766    3.0       
37.049    4.0       
37.321    5.0       
37.605    1.0       
37.873    2.0       
38.137    3.0       
38.418    4.0       
38.683    5.0       
38.968    1.0       
39.254    2.0       
39.523    3.0       
39.81     4.0       
40.067    5.0       
40.352    1.0       
40.623    2.0       
40.907    3.0       
41.177    4.0       
41.448    5.0       
41.708    1.0       
41.966    2.0       
42.226    3.0       
42.488    4.0       
42.775    5.0       
43.044    1.0       
43.331    2.0       
43.59     3.0       
43.867    4.0       
44.134    5.0       
44.4      1.0       
44.657    2.0       
44.915    3.0       
45.19     4.0       
45.475    5.0       
45.733    1.0       
46.006    2.0       
46.285    3.0       
46.563    4.0       
46.831    5.0       
47.112    1.0       
47.376    2.0       
47.656    3.0       
47.92     4.0       
48.193    5.0       
48.481    1.0       
48.763    2.0       
49.029    3.0       
49.304    4.0       
49.566    5.0       
49.826    1.0       
50.104    2.0       
50.362    3.0       
50.641    4.0       
50.903    5.0       
51.183    1.0       
51.471    2.0       
51.754    3.0       
52.022    4.0       
52.28     5.0       
52.562    1.0       
52.834    2.0       
53.1      3.0       
53.378    4.0       
53.657    5.0       
53.931    1.0       
54.211    2.0       
54.475    3.0       
54.736    4.0       
55.02     5.0       
55.292    1.0       
55.574    2.0       
55.854    3.0       
56.122    4.0       
56.406    5.0       
