0.207     1.0       
0.54      2.0       
0.891     3.0       
1.234     4.0       
1.577     1.0       
1.915     2.0       
2.261     3.0       
2.586     4.0       
2.914     1.0       
3.266     2.0       
3.589     3.0       
3.92      4.0       
4.252     1.0       
4.581     2.0       
4.926     3.0       
5.251     4.0       
5.6       1.0       
5.954     2.0       
6.297     3.0       
6.629     4.0       
6.957     1.0       
7.311     2.0       
7.646     3.0       
7.984     4.0       
8.321     1.0       
8.646     2.0       
8.988     3.0       
9.339     4.0       
9.668     1.0       
10.021    2.0       
10.366    3.0       
10.72     4.0       
11.074    1.0       
11.41     2.0       
11.748    3.0       
12.077    4.0       
12.428    1.0       
12.758    2.0       
13.092    3.0       
13.443    4.0       
13.792    1.0       
14.127    2.0       
14.474    3.0       
14.818    4.0       
15.164    1.0       
15.501    2.0       
15.847    3.0       
16.184    4.0       
16.516    1.0       
16.839    2.0       
17.179    3.0       
17.519    4.0       
17.872    1.0       
18.22     2.0       
18.56     3.0       
18.914    4.0       
19.254    1.0       
19.582    2.0       
19.928    3.0       
20.261    4.0       
20.601    1.0       
20.94     2.0       
21.291    3.0       
21.629    4.0       
21.97     1.0       
22.319    2.0       
22.661    3.0       
23.002    4.0       
23.355    1.0       
23.68     2.0       
24.01     3.0       
24.364    4.0       
24.702    1.0       
25.024    2.0       
25.36     3.0       
25.703    4.0       
26.048    1.0       
26.402    2.0       
26.731    3.0       
27.06     4.0       
27.413    1.0       
27.75     2.0       
28.095    3.0       
28.423    4.0       
28.766    1.0       
29.118    2.0       
29.451    3.0       
29.802    4.0       
30.141    1.0       
30.49     2.0       
30.818    3.0       
31.165    4.0       
31.502    1.0       
31.831    2.0       
32.181    3.0       
32.504    4.0       
32.827    1.0       
33.159    2.0       
33.493    3.0       
33.842    4.0       
34.18     1.0       
34.528    2.0       
34.855    3.0       
35.189    4.0       
35.541    1.0       
35.885    2.0       
36.234    3.0       
36.57     4.0       
36.919    1.0       
37.248    2.0       
37.587    3.0       
37.932    4.0       
38.279    1.0       
38.611    2.0       
38.941    3.0       
39.284    4.0       
39.634    1.0       
39.972    2.0       
40.325    3.0       
40.665    4.0       
40.996    1.0       
41.342    2.0       
41.671    3.0       
42.015    4.0       
42.369    1.0       
42.696    2.0       
43.049    3.0       
43.378    4.0       
43.716    1.0       
44.063    2.0       
44.387    3.0       
44.725    4.0       
45.068    5.0       
45.398    1.0       
45.73     2.0       
46.084    3.0       
46.431    4.0       
46.759    5.0       
47.099    1.0       
47.45     2.0       
47.793    3.0       
48.144    4.0       
48.468    5.0       
48.805    1.0       
49.129    2.0       
49.456    3.0       
49.778    4.0       
50.105    5.0       
50.438    1.0       
50.767    2.0       
51.091    3.0       
51.44     4.0       
51.788    5.0       
52.129    1.0       
52.482    2.0       
52.823    3.0       
53.158    4.0       
53.509    5.0       
53.836    1.0       
54.177    2.0       
54.501    3.0       
54.837    4.0       
55.16     5.0       
55.503    1.0       
55.827    2.0       
56.175    3.0       
56.511    4.0       
56.862    5.0       
57.196    1.0       
57.529    2.0       
57.86     3.0       
58.19     4.0       
58.534    5.0       
58.876    1.0       
59.22     2.0       
59.543    3.0       
59.883    4.0       
60.207    5.0       
60.537    1.0       
60.872    2.0       
61.212    3.0       
61.565    4.0       
61.899    5.0       
62.231    1.0       
62.564    2.0       
62.911    3.0       
63.235    4.0       
63.581    5.0       
63.923    1.0       
64.277    2.0       
64.624    3.0       
64.952    4.0       
65.3      5.0       
65.652    1.0       
65.979    2.0       
66.322    3.0       
66.645    4.0       
66.989    5.0       
67.314    1.0       
67.654    2.0       
67.998    3.0       
68.347    4.0       
68.689    5.0       
69.039    1.0       
69.392    2.0       
69.73     3.0       
70.052    4.0       
70.404    5.0       
70.732    1.0       
71.077    2.0       
71.416    3.0       
71.744    4.0       
72.087    5.0       
72.425    1.0       
72.763    2.0       
73.088    3.0       
73.427    4.0       
73.771    5.0       
74.119    1.0       
74.453    2.0       
74.806    3.0       
75.154    4.0       
75.478    5.0       
75.82     1.0       
76.148    2.0       
76.483    3.0       
76.836    4.0       
77.188    5.0       
77.519    1.0       
77.847    2.0       
78.199    3.0       
78.532    4.0       
78.858    5.0       
79.187    1.0       
79.528    2.0       
79.863    3.0       
80.185    4.0       
80.538    5.0       
80.873    1.0       
81.197    2.0       
81.532    3.0       
81.856    4.0       
82.202    5.0       
82.526    1.0       
82.859    2.0       
83.209    3.0       
83.557    4.0       
83.904    5.0       
84.239    1.0       
84.585    2.0       
84.93     3.0       
85.275    4.0       
85.604    5.0       
85.941    1.0       
86.278    2.0       
86.621    3.0       
86.961    4.0       
87.309    5.0       
87.659    1.0       
88.008    2.0       
88.362    3.0       
88.71     4.0       
89.047    5.0       
89.385    1.0       
89.711    2.0       
90.047    3.0       
90.383    4.0       
90.721    5.0       
