0.21      1.0       
0.527     2.0       
0.823     3.0       
1.133     4.0       
1.429     1.0       
1.724     2.0       
2.027     3.0       
2.337     4.0       
2.641     1.0       
2.951     2.0       
3.254     3.0       
3.56      4.0       
3.868     1.0       
4.179     2.0       
4.493     3.0       
4.797     4.0       
5.108     1.0       
5.414     2.0       
5.734     3.0       
6.037     4.0       
6.349     1.0       
6.648     2.0       
6.94      3.0       
7.257     4.0       
7.578     1.0       
7.901     2.0       
8.204     3.0       
8.498     4.0       
8.809     1.0       
9.114     2.0       
9.416     3.0       
9.718     4.0       
10.013    1.0       
10.309    2.0       
10.601    3.0       
10.922    4.0       
11.239    1.0       
11.533    2.0       
11.833    3.0       
12.131    4.0       
12.432    1.0       
12.723    2.0       
13.023    3.0       
13.329    4.0       
13.649    1.0       
13.971    2.0       
14.285    3.0       
14.608    4.0       
14.924    1.0       
15.227    2.0       
15.542    3.0       
15.843    4.0       
16.166    5.0       
16.46     1.0       
16.78     2.0       
17.084    3.0       
17.381    4.0       
17.691    5.0       
17.995    1.0       
18.292    2.0       
18.6      3.0       
18.897    4.0       
19.202    5.0       
19.508    1.0       
19.819    2.0       
20.13     3.0       
20.447    4.0       
20.765    5.0       
21.072    1.0       
21.395    2.0       
21.693    3.0       
22.013    4.0       
22.311    5.0       
22.611    1.0       
22.933    2.0       
23.254    3.0       
23.559    4.0       
23.856    5.0       
24.168    1.0       
24.49     2.0       
24.785    3.0       
25.09     4.0       
25.409    5.0       
25.723    1.0       
26.035    2.0       
26.333    3.0       
26.647    4.0       
26.966    5.0       
27.268    1.0       
27.59     2.0       
27.91     3.0       
28.23     4.0       
28.522    5.0       
28.822    1.0       
29.13     2.0       
29.451    3.0       
29.761    4.0       
30.053    5.0       
30.368    1.0       
30.675    2.0       
30.991    3.0       
31.284    4.0       
31.599    5.0       
31.891    1.0       
32.19     2.0       
32.51     3.0       
32.831    4.0       
33.127    5.0       
