0.103     1.0       
0.424     2.0       
0.753     3.0       
1.082     4.0       
1.396     1.0       
1.74      2.0       
2.078     3.0       
2.408     4.0       
2.752     1.0       
3.095     2.0       
3.424     3.0       
3.758     4.0       
4.079     1.0       
4.402     2.0       
4.74      3.0       
5.08      4.0       
5.413     1.0       
5.749     2.0       
6.088     3.0       
6.403     4.0       
6.716     1.0       
7.041     2.0       
7.354     3.0       
7.692     4.0       
8.035     1.0       
8.374     2.0       
8.704     3.0       
9.033     4.0       
9.356     1.0       
9.701     2.0       
10.026    3.0       
10.348    4.0       
10.676    1.0       
10.99     2.0       
11.331    3.0       
11.652    4.0       
11.968    1.0       
12.302    2.0       
12.631    3.0       
12.946    4.0       
13.291    1.0       
13.613    2.0       
13.938    3.0       
14.278    4.0       
14.623    1.0       
14.966    2.0       
15.309    3.0       
15.653    4.0       
15.974    1.0       
16.303    2.0       
16.623    3.0       
16.942    4.0       
17.278    1.0       
17.616    2.0       
17.938    3.0       
18.264    4.0       
18.589    1.0       
18.905    2.0       
19.249    3.0       
19.585    4.0       
19.902    1.0       
20.236    2.0       
20.553    3.0       
20.891    4.0       
21.214    1.0       
21.542    2.0       
21.856    3.0       
22.184    4.0       
22.527    1.0       
22.85     2.0       
23.189    3.0       
23.524    4.0       
23.865    1.0       
24.186    2.0       
24.512    3.0       
24.845    4.0       
25.17     1.0       
25.496    2.0       
25.835    3.0       
26.152    4.0       
26.475    1.0       
26.795    2.0       
27.136    3.0       
27.458    4.0       
27.801    1.0       
28.117    2.0       
28.44     3.0       
28.776    4.0       
29.118    1.0       
29.437    2.0       
29.754    3.0       
30.083    4.0       
30.408    1.0       
30.742    2.0       
31.08     3.0       
31.405    4.0       
31.73     1.0       
32.062    2.0       
32.406    3.0       
32.73     4.0       
33.052    1.0       
33.371    2.0       
33.695    3.0       
34.031    4.0       
34.366    1.0       
34.696    2.0       
35.035    3.0       
35.374    4.0       
35.687    1.0       
36.017    2.0       
36.33     3.0       
36.665    4.0       
36.986    1.0       
37.312    2.0       
37.625    3.0       
37.954    4.0       
38.269    5.0       
38.612    1.0       
38.927    2.0       
39.245    3.0       
39.572    4.0       
39.895    5.0       
40.23     1.0       
40.566    2.0       
40.887    3.0       
41.205    4.0       
41.539    5.0       
41.853    1.0       
42.191    2.0       
42.535    3.0       
42.851    4.0       
43.164    5.0       
43.491    1.0       
43.81     2.0       
44.143    3.0       
44.466    4.0       
44.78     5.0       
45.109    1.0       
45.438    2.0       
45.765    3.0       
46.107    4.0       
46.436    5.0       
46.769    1.0       
47.1      2.0       
47.423    3.0       
47.761    4.0       
48.078    5.0       
48.42     1.0       
48.752    2.0       
49.078    3.0       
49.391    4.0       
49.721    5.0       
50.035    1.0       
50.378    2.0       
50.703    3.0       
51.035    4.0       
51.371    5.0       
51.686    1.0       
52.006    2.0       
52.34     3.0       
52.653    4.0       
52.978    5.0       
53.314    1.0       
53.64     2.0       
53.965    3.0       
54.305    4.0       
54.631    5.0       
54.97     1.0       
55.283    2.0       
55.619    3.0       
55.955    4.0       
56.28     5.0       
56.622    1.0       
56.966    2.0       
57.283    3.0       
57.601    4.0       
57.923    5.0       
58.244    1.0       
58.563    2.0       
58.881    3.0       
59.222    4.0       
59.55     5.0       
59.879    1.0       
60.211    2.0       
60.555    3.0       
60.899    4.0       
61.229    5.0       
61.557    1.0       
61.897    2.0       
62.219    3.0       
62.555    4.0       
62.885    5.0       
63.215    1.0       
63.545    2.0       
63.869    3.0       
64.188    4.0       
64.504    5.0       
64.819    1.0       
65.152    2.0       
65.49     3.0       
65.814    4.0       
66.128    5.0       
66.441    1.0       
66.785    2.0       
67.13     3.0       
67.472    4.0       
67.805    5.0       
68.137    1.0       
68.481    2.0       
68.808    3.0       
69.146    4.0       
69.48     5.0       
