0.266     1.0       
0.523     2.0       
0.794     3.0       
1.071     4.0       
1.336     1.0       
1.602     2.0       
1.879     3.0       
2.164     4.0       
2.445     1.0       
2.709     2.0       
2.986     3.0       
3.268     4.0       
3.524     1.0       
3.798     2.0       
4.064     3.0       
4.32      4.0       
4.575     1.0       
4.839     2.0       
5.1       3.0       
5.365     4.0       
5.626     1.0       
5.881     2.0       
6.156     3.0       
6.412     4.0       
6.669     1.0       
6.924     2.0       
7.196     3.0       
7.47      4.0       
7.752     1.0       
8.033     2.0       
8.295     3.0       
8.569     4.0       
8.827     1.0       
9.095     2.0       
9.378     3.0       
9.647     4.0       
9.922     1.0       
10.176    2.0       
10.449    3.0       
10.711    4.0       
10.994    1.0       
11.277    2.0       
11.55     3.0       
11.834    4.0       
12.104    1.0       
12.384    2.0       
12.66     3.0       
12.937    4.0       
13.2      1.0       
13.473    2.0       
13.739    3.0       
14.001    4.0       
14.261    1.0       
14.518    2.0       
14.78     3.0       
15.063    4.0       
15.325    1.0       
15.593    2.0       
15.877    3.0       
16.143    4.0       
16.411    1.0       
16.687    2.0       
16.966    3.0       
17.233    4.0       
17.502    1.0       
17.78     2.0       
18.036    3.0       
18.319    4.0       
18.572    1.0       
18.843    2.0       
19.101    3.0       
19.385    4.0       
19.653    1.0       
19.928    2.0       
20.21     3.0       
20.471    4.0       
20.738    1.0       
20.995    2.0       
21.262    3.0       
21.521    4.0       
21.789    1.0       
22.054    2.0       
22.328    3.0       
22.612    4.0       
22.886    1.0       
23.162    2.0       
23.425    3.0       
23.694    4.0       
23.954    1.0       
24.226    2.0       
24.481    3.0       
24.765    4.0       
25.022    1.0       
25.284    2.0       
25.552    3.0       
25.823    4.0       
26.094    1.0       
26.354    2.0       
26.639    3.0       
26.907    4.0       
27.189    1.0       
27.463    2.0       
27.743    3.0       
28.02     4.0       
28.296    1.0       
28.552    2.0       
28.833    3.0       
29.102    4.0       
29.375    1.0       
29.639    2.0       
29.907    3.0       
30.163    4.0       
30.441    1.0       
30.694    2.0       
30.954    3.0       
31.224    4.0       
31.493    1.0       
31.776    2.0       
32.061    3.0       
32.337    4.0       
32.607    1.0       
32.889    2.0       
33.147    3.0       
33.419    4.0       
33.689    1.0       
33.963    2.0       
34.228    3.0       
34.501    4.0       
34.77     1.0       
35.047    2.0       
35.318    3.0       
35.596    4.0       
35.85     5.0       
36.11     1.0       
36.393    2.0       
36.678    3.0       
36.955    4.0       
37.235    5.0       
37.513    1.0       
37.785    2.0       
38.049    3.0       
38.306    4.0       
38.587    5.0       
38.862    1.0       
39.137    2.0       
39.407    3.0       
39.669    4.0       
39.942    5.0       
40.209    1.0       
40.488    2.0       
40.757    3.0       
41.011    4.0       
41.279    5.0       
41.533    1.0       
41.799    2.0       
42.06     3.0       
42.326    4.0       
42.588    5.0       
42.855    1.0       
43.139    2.0       
43.413    3.0       
43.666    4.0       
43.942    5.0       
44.213    1.0       
44.493    2.0       
44.755    3.0       
45.034    4.0       
45.318    5.0       
45.603    1.0       
45.888    2.0       
46.149    3.0       
46.434    4.0       
46.702    5.0       
46.961    1.0       
47.226    2.0       
47.491    3.0       
47.772    4.0       
48.055    5.0       
48.332    1.0       
48.606    2.0       
48.873    3.0       
49.126    4.0       
49.398    5.0       
49.669    1.0       
49.931    2.0       
50.211    3.0       
50.493    4.0       
50.756    5.0       
