0.205     1.0       
0.397     2.0       
0.615     3.0       
0.815     4.0       
1.032     1.0       
1.248     2.0       
1.451     3.0       
1.643     4.0       
1.842     1.0       
2.05      2.0       
2.247     3.0       
2.448     4.0       
2.639     1.0       
2.833     2.0       
3.028     3.0       
3.231     4.0       
3.421     1.0       
3.622     2.0       
3.84      3.0       
4.039     4.0       
4.233     1.0       
4.42      2.0       
4.629     3.0       
4.818     4.0       
5.016     1.0       
5.204     2.0       
5.405     3.0       
5.612     4.0       
5.801     1.0       
6.018     2.0       
6.23      3.0       
6.436     4.0       
6.637     1.0       
6.825     2.0       
7.042     3.0       
7.245     4.0       
7.446     1.0       
7.652     2.0       
7.864     3.0       
8.083     4.0       
8.274     1.0       
8.482     2.0       
8.701     3.0       
8.897     4.0       
9.084     1.0       
9.303     2.0       
9.522     3.0       
9.71      4.0       
9.915     1.0       
10.119    2.0       
10.33     3.0       
10.541    4.0       
10.747    1.0       
10.966    2.0       
11.177    3.0       
11.382    4.0       
11.598    1.0       
11.794    2.0       
11.987    3.0       
12.195    4.0       
12.411    1.0       
12.624    2.0       
12.82     3.0       
13.014    4.0       
13.222    1.0       
13.419    2.0       
13.612    3.0       
13.806    4.0       
13.997    1.0       
14.216    2.0       
14.434    3.0       
14.65     4.0       
14.86     1.0       
15.061    2.0       
15.277    3.0       
15.479    4.0       
15.669    1.0       
15.87     2.0       
16.088    3.0       
16.289    4.0       
16.498    1.0       
16.706    2.0       
16.925    3.0       
17.13     4.0       
17.336    1.0       
17.543    2.0       
17.733    3.0       
17.933    4.0       
18.121    1.0       
18.32     2.0       
18.524    3.0       
18.715    4.0       
18.92     1.0       
19.138    2.0       
19.351    3.0       
19.542    4.0       
19.749    1.0       
19.94     2.0       
20.128    3.0       
20.321    4.0       
20.533    5.0       
20.736    1.0       
20.945    2.0       
21.145    3.0       
21.354    4.0       
21.566    5.0       
21.77     1.0       
21.985    2.0       
22.188    3.0       
22.392    4.0       
22.599    5.0       
22.795    1.0       
22.999    2.0       
23.188    3.0       
23.401    4.0       
23.62     5.0       
23.808    1.0       
24.005    2.0       
24.218    3.0       
24.415    4.0       
24.625    5.0       
24.844    1.0       
25.046    2.0       
25.259    3.0       
25.471    4.0       
25.683    5.0       
25.881    1.0       
26.093    2.0       
26.301    3.0       
26.507    4.0       
26.714    5.0       
26.912    1.0       
27.125    2.0       
27.312    3.0       
27.524    4.0       
27.72     5.0       
27.909    1.0       
28.1      2.0       
28.293    3.0       
28.507    4.0       
28.705    5.0       
28.893    1.0       
29.09     2.0       
29.288    3.0       
29.479    4.0       
29.666    5.0       
29.885    1.0       
30.103    2.0       
30.297    3.0       
30.509    4.0       
30.707    5.0       
30.923    1.0       
31.127    2.0       
31.325    3.0       
31.526    4.0       
31.723    5.0       
31.932    1.0       
32.132    2.0       
32.334    3.0       
32.543    4.0       
32.734    5.0       
32.925    1.0       
33.127    2.0       
33.339    3.0       
33.555    4.0       
33.747    5.0       
33.937    1.0       
34.14     2.0       
34.346    3.0       
34.534    4.0       
34.741    5.0       
34.939    1.0       
35.153    2.0       
35.352    3.0       
35.54     4.0       
35.729    5.0       
35.923    1.0       
36.142    2.0       
36.337    3.0       
36.553    4.0       
36.745    5.0       
36.961    1.0       
37.161    2.0       
37.377    3.0       
37.583    4.0       
37.778    5.0       
37.997    1.0       
38.191    2.0       
38.378    3.0       
38.575    4.0       
38.79     5.0       
38.981    1.0       
39.19     2.0       
39.405    3.0       
39.622    4.0       
39.835    5.0       
40.045    1.0       
40.242    2.0       
40.434    3.0       
40.65     4.0       
40.845    5.0       
41.053    1.0       
41.24     2.0       
41.438    3.0       
41.652    4.0       
41.851    5.0       
42.066    1.0       
42.283    2.0       
42.493    3.0       
42.691    4.0       
42.908    5.0       
43.103    1.0       
43.307    2.0       
43.501    3.0       
43.691    4.0       
43.906    5.0       
