0.136     1.0       
0.324     2.0       
0.541     3.0       
0.756     4.0       
0.967     1.0       
1.173     2.0       
1.366     3.0       
1.562     4.0       
1.764     1.0       
1.969     2.0       
2.177     3.0       
2.365     4.0       
2.557     1.0       
2.747     2.0       
2.949     3.0       
3.162     4.0       
3.348     1.0       
3.537     2.0       
3.725     3.0       
3.923     4.0       
4.129     1.0       
4.315     2.0       
4.524     3.0       
4.717     4.0       
4.929     1.0       
5.12      2.0       
5.332     3.0       
5.519     4.0       
5.735     1.0       
5.935     2.0       
6.152     3.0       
6.351     4.0       
6.543     1.0       
6.744     2.0       
6.958     3.0       
7.145     4.0       
7.341     1.0       
7.556     2.0       
7.756     3.0       
7.954     4.0       
8.163     1.0       
8.357     2.0       
8.551     3.0       
8.747     4.0       
8.937     1.0       
9.125     2.0       
9.317     3.0       
9.519     4.0       
9.728     1.0       
9.916     2.0       
10.104    3.0       
10.303    4.0       
10.496    1.0       
10.699    2.0       
10.896    3.0       
11.1      4.0       
11.291    1.0       
11.483    2.0       
11.692    3.0       
11.899    4.0       
12.085    1.0       
12.299    2.0       
12.489    3.0       
12.691    4.0       
12.894    1.0       
13.083    2.0       
13.269    3.0       
13.459    4.0       
13.664    1.0       
13.86     2.0       
14.077    3.0       
14.288    4.0       
14.5      1.0       
14.709    2.0       
14.898    3.0       
15.085    4.0       
15.273    1.0       
15.483    2.0       
15.685    3.0       
15.88     4.0       
16.071    1.0       
16.262    2.0       
16.48     3.0       
16.676    4.0       
16.868    1.0       
17.074    2.0       
17.271    3.0       
17.486    4.0       
17.686    1.0       
17.901    2.0       
18.088    3.0       
18.306    4.0       
18.515    1.0       
18.726    2.0       
18.914    3.0       
19.13     4.0       
19.323    1.0       
19.541    2.0       
19.747    3.0       
19.96     4.0       
20.171    1.0       
20.367    2.0       
20.576    3.0       
20.767    4.0       
20.976    1.0       
21.169    2.0       
21.357    3.0       
21.544    4.0       
21.734    1.0       
21.934    2.0       
22.15     3.0       
22.343    4.0       
22.529    1.0       
22.744    2.0       
22.949    3.0       
23.16     4.0       
23.365    5.0       
23.564    1.0       
23.773    2.0       
23.966    3.0       
24.179    4.0       
24.369    5.0       
24.555    1.0       
24.754    2.0       
24.971    3.0       
25.187    4.0       
25.373    5.0       
25.567    1.0       
25.762    2.0       
25.962    3.0       
26.167    4.0       
26.38     5.0       
26.583    1.0       
26.79     2.0       
27.005    3.0       
27.206    4.0       
27.405    5.0       
27.601    1.0       
27.797    2.0       
27.996    3.0       
28.185    4.0       
28.387    5.0       
28.604    1.0       
28.809    2.0       
29.012    3.0       
29.199    4.0       
29.39     5.0       
29.585    1.0       
29.777    2.0       
29.973    3.0       
30.185    4.0       
30.374    5.0       
30.579    1.0       
30.783    2.0       
30.969    3.0       
31.177    4.0       
31.373    5.0       
31.567    1.0       
31.773    2.0       
31.959    3.0       
32.169    4.0       
32.374    5.0       
32.565    1.0       
32.768    2.0       
32.956    3.0       
33.173    4.0       
33.369    5.0       
33.586    1.0       
33.775    2.0       
33.991    3.0       
34.207    4.0       
34.418    5.0       
34.607    1.0       
34.814    2.0       
35.031    3.0       
35.222    4.0       
35.438    5.0       
35.624    1.0       
35.821    2.0       
36.031    3.0       
36.218    4.0       
36.42     5.0       
36.624    1.0       
36.838    2.0       
37.055    3.0       
37.263    4.0       
37.48     5.0       
37.672    1.0       
37.859    2.0       
38.076    3.0       
38.288    4.0       
38.492    5.0       
38.696    1.0       
38.895    2.0       
39.101    3.0       
39.306    4.0       
39.498    5.0       
39.712    1.0       
39.901    2.0       
40.098    3.0       
40.297    4.0       
40.486    5.0       
40.7      1.0       
40.898    2.0       
41.116    3.0       
41.314    4.0       
41.511    5.0       
41.701    1.0       
41.892    2.0       
42.097    3.0       
42.311    4.0       
42.501    5.0       
42.706    1.0       
42.902    2.0       
43.117    3.0       
43.318    4.0       
43.529    5.0       
43.717    1.0       
43.906    2.0       
44.102    3.0       
44.293    4.0       
44.489    5.0       
44.681    1.0       
44.888    2.0       
45.093    3.0       
45.299    4.0       
45.505    5.0       
45.697    1.0       
45.887    2.0       
46.074    3.0       
46.286    4.0       
46.482    5.0       
46.697    1.0       
46.887    2.0       
47.079    3.0       
47.27     4.0       
47.483    5.0       
47.672    1.0       
47.888    2.0       
48.074    3.0       
48.285    4.0       
48.496    5.0       
48.708    1.0       
48.922    2.0       
49.113    3.0       
49.327    4.0       
49.532    5.0       
49.742    1.0       
49.934    2.0       
50.152    3.0       
50.367    4.0       
50.558    5.0       
