0.198     1.0       
0.439     2.0       
0.667     3.0       
0.891     4.0       
1.127     1.0       
1.375     2.0       
1.604     3.0       
1.831     4.0       
2.075     1.0       
2.302     2.0       
2.52      3.0       
2.758     4.0       
2.981     1.0       
3.211     2.0       
3.43      3.0       
3.654     4.0       
3.881     1.0       
4.109     2.0       
4.336     3.0       
4.567     4.0       
4.81      1.0       
5.05      2.0       
5.284     3.0       
5.515     4.0       
5.744     1.0       
5.975     2.0       
6.208     3.0       
6.427     4.0       
6.667     1.0       
6.914     2.0       
7.158     3.0       
7.398     4.0       
7.639     1.0       
7.874     2.0       
8.106     3.0       
8.327     4.0       
8.56      1.0       
8.783     2.0       
9.003     3.0       
9.247     4.0       
9.486     1.0       
9.712     2.0       
9.93      3.0       
10.162    4.0       
10.411    1.0       
10.657    2.0       
10.889    3.0       
11.118    4.0       
11.36     1.0       
11.586    2.0       
11.819    3.0       
12.049    4.0       
12.267    5.0       
12.487    1.0       
12.714    2.0       
12.933    3.0       
13.168    4.0       
13.402    5.0       
13.642    1.0       
13.872    2.0       
14.097    3.0       
14.324    4.0       
14.544    5.0       
14.793    1.0       
15.013    2.0       
15.252    3.0       
15.486    4.0       
15.735    5.0       
15.98     1.0       
16.218    2.0       
16.436    3.0       
16.674    4.0       
16.908    5.0       
17.152    1.0       
17.38     2.0       
17.599    3.0       
17.845    4.0       
18.078    5.0       
18.304    1.0       
18.537    2.0       
18.773    3.0       
18.998    4.0       
19.22     5.0       
19.46     1.0       
19.69     2.0       
19.919    3.0       
20.149    4.0       
20.367    5.0       
20.605    1.0       
20.852    2.0       
21.072    3.0       
21.299    4.0       
21.535    5.0       
21.763    1.0       
21.995    2.0       
22.234    3.0       
22.461    4.0       
22.69     5.0       
22.916    1.0       
23.149    2.0       
23.395    3.0       
23.631    4.0       
23.872    5.0       
24.097    1.0       
24.33     2.0       
24.555    3.0       
24.804    4.0       
25.036    5.0       
25.271    1.0       
25.49     2.0       
25.74     3.0       
25.986    4.0       
26.216    5.0       
26.453    1.0       
26.685    2.0       
26.926    3.0       
27.166    4.0       
27.397    5.0       
27.618    1.0       
27.868    2.0       
28.098    3.0       
28.317    4.0       
28.543    5.0       
28.767    1.0       
29.009    2.0       
29.255    3.0       
29.502    4.0       
29.721    5.0       
29.957    1.0       
30.206    2.0       
30.452    3.0       
30.676    4.0       
30.895    5.0       
31.117    1.0       
31.356    2.0       
31.597    3.0       
31.825    4.0       
32.052    5.0       
32.279    1.0       
32.511    2.0       
32.731    3.0       
32.975    4.0       
33.21     5.0       
33.448    1.0       
33.672    2.0       
33.905    3.0       
34.145    4.0       
34.386    5.0       
34.634    1.0       
34.872    2.0       
35.092    3.0       
35.313    4.0       
35.56     5.0       
35.784    1.0       
36.031    2.0       
36.268    3.0       
36.496    4.0       
36.741    5.0       
36.965    1.0       
37.2      2.0       
37.424    3.0       
37.645    4.0       
37.864    5.0       
38.09     1.0       
38.309    2.0       
38.53     3.0       
38.761    4.0       
38.982    5.0       
39.223    1.0       
39.456    2.0       
39.702    3.0       
39.936    4.0       
40.163    5.0       
40.395    1.0       
40.628    2.0       
40.848    3.0       
41.09     4.0       
41.311    5.0       
41.552    1.0       
41.775    2.0       
41.996    3.0       
42.239    4.0       
42.487    5.0       
42.721    1.0       
42.944    2.0       
43.172    3.0       
43.403    4.0       
43.626    5.0       
43.857    1.0       
44.088    2.0       
44.315    3.0       
44.538    4.0       
44.769    5.0       
44.998    1.0       
45.22     2.0       
45.457    3.0       
45.687    4.0       
45.913    5.0       
46.153    1.0       
46.392    2.0       
46.625    3.0       
46.86     4.0       
47.083    5.0       
47.318    1.0       
47.558    2.0       
47.795    3.0       
48.028    4.0       
48.267    5.0       
