0.267     1.0       
0.509     2.0       
0.727     3.0       
0.95      4.0       
1.183     1.0       
1.395     2.0       
1.633     3.0       
1.86      4.0       
2.081     1.0       
2.308     2.0       
2.541     3.0       
2.781     4.0       
3.024     1.0       
3.267     2.0       
3.49      3.0       
3.706     4.0       
3.948     1.0       
4.191     2.0       
4.431     3.0       
4.66      4.0       
4.903     1.0       
5.124     2.0       
5.366     3.0       
5.609     4.0       
5.845     1.0       
6.069     2.0       
6.293     3.0       
6.529     4.0       
6.741     1.0       
6.975     2.0       
7.194     3.0       
7.408     4.0       
7.65      1.0       
7.887     2.0       
8.105     3.0       
8.331     4.0       
8.551     1.0       
8.772     2.0       
8.999     3.0       
9.24      4.0       
9.473     1.0       
9.692     2.0       
9.912     3.0       
10.138    4.0       
10.361    1.0       
10.572    2.0       
10.801    3.0       
11.037    4.0       
11.261    1.0       
11.472    2.0       
11.715    3.0       
11.939    4.0       
12.169    1.0       
12.381    2.0       
12.597    3.0       
12.811    4.0       
13.046    1.0       
13.257    2.0       
13.48     3.0       
13.722    4.0       
13.962    1.0       
14.186    2.0       
14.399    3.0       
14.639    4.0       
14.871    1.0       
15.094    2.0       
15.316    3.0       
15.538    4.0       
15.774    1.0       
16.001    2.0       
16.22     3.0       
16.441    4.0       
16.675    1.0       
16.9      2.0       
17.134    3.0       
17.372    4.0       
17.611    1.0       
17.848    2.0       
18.064    3.0       
18.276    4.0       
18.511    1.0       
18.739    2.0       
18.981    3.0       
19.211    4.0       
19.424    1.0       
19.665    2.0       
19.905    3.0       
20.13     4.0       
20.36     1.0       
20.58     2.0       
20.815    3.0       
21.044    4.0       
21.279    1.0       
21.514    2.0       
21.744    3.0       
21.982    4.0       
22.207    1.0       
22.431    2.0       
22.657    3.0       
22.878    4.0       
23.092    5.0       
23.324    1.0       
23.539    2.0       
23.781    3.0       
24.008    4.0       
24.226    5.0       
24.437    1.0       
24.668    2.0       
24.885    3.0       
25.128    4.0       
25.344    5.0       
25.586    1.0       
25.809    2.0       
26.049    3.0       
26.291    4.0       
26.509    5.0       
26.736    1.0       
26.971    2.0       
27.206    3.0       
27.42     4.0       
27.637    5.0       
27.876    1.0       
28.11     2.0       
28.351    3.0       
28.593    4.0       
28.834    5.0       
29.072    1.0       
29.301    2.0       
29.538    3.0       
29.778    4.0       
30.0      5.0       
30.231    1.0       
30.457    2.0       
30.685    3.0       
30.922    4.0       
31.16     5.0       
31.392    1.0       
31.613    2.0       
31.828    3.0       
32.051    4.0       
32.273    5.0       
32.512    1.0       
32.738    2.0       
32.969    3.0       
33.2      4.0       
33.429    5.0       
33.661    1.0       
33.878    2.0       
34.118    3.0       
34.333    4.0       
34.575    5.0       
34.798    1.0       
35.017    2.0       
35.24     3.0       
35.456    4.0       
35.691    5.0       
35.913    1.0       
36.15     2.0       
36.386    3.0       
36.629    4.0       
36.841    5.0       
37.074    1.0       
37.313    2.0       
37.547    3.0       
37.758    4.0       
37.99     5.0       
38.208    1.0       
38.45     2.0       
38.67     3.0       
38.896    4.0       
39.116    5.0       
39.359    1.0       
39.573    2.0       
39.812    3.0       
40.027    4.0       
40.27     5.0       
40.513    1.0       
40.749    2.0       
40.969    3.0       
41.208    4.0       
41.447    5.0       
41.684    1.0       
41.898    2.0       
42.127    3.0       
42.341    4.0       
42.571    5.0       
42.784    1.0       
42.995    2.0       
43.217    3.0       
43.45     4.0       
43.666    5.0       
43.884    1.0       
44.115    2.0       
44.326    3.0       
44.547    4.0       
44.761    5.0       
44.987    1.0       
45.212    2.0       
45.436    3.0       
45.67     4.0       
45.898    5.0       
46.125    1.0       
46.353    2.0       
46.574    3.0       
46.802    4.0       
47.015    5.0       
47.239    1.0       
47.476    2.0       
47.694    3.0       
47.934    4.0       
48.149    5.0       
48.364    1.0       
48.6      2.0       
48.838    3.0       
49.067    4.0       
49.296    5.0       
49.534    1.0       
49.774    2.0       
49.994    3.0       
50.208    4.0       
50.427    5.0       
50.667    1.0       
50.881    2.0       
51.124    3.0       
51.357    4.0       
51.572    5.0       
51.791    1.0       
52.015    2.0       
52.239    3.0       
52.472    4.0       
52.704    5.0       
52.934    1.0       
53.163    2.0       
53.4      3.0       
53.628    4.0       
53.869    5.0       
