0.169     1.0       
0.395     2.0       
0.626     3.0       
0.829     4.0       
1.048     1.0       
1.275     2.0       
1.505     3.0       
1.727     4.0       
1.952     1.0       
2.16      2.0       
2.39      3.0       
2.617     4.0       
2.835     1.0       
3.034     2.0       
3.262     3.0       
3.484     4.0       
3.689     1.0       
3.891     2.0       
4.095     3.0       
4.316     4.0       
4.531     1.0       
4.739     2.0       
4.963     3.0       
5.177     4.0       
5.38      1.0       
5.605     2.0       
5.809     3.0       
6.01      4.0       
6.218     1.0       
6.427     2.0       
6.647     3.0       
6.878     4.0       
7.09      1.0       
7.304     2.0       
7.516     3.0       
7.721     4.0       
7.921     1.0       
8.132     2.0       
8.347     3.0       
8.554     4.0       
8.784     1.0       
8.987     2.0       
9.214     3.0       
9.429     4.0       
9.657     1.0       
9.884     2.0       
10.103    3.0       
10.314    4.0       
10.539    1.0       
10.759    2.0       
10.966    3.0       
11.196    4.0       
11.41     1.0       
11.624    2.0       
11.844    3.0       
12.061    4.0       
12.282    1.0       
12.491    2.0       
12.721    3.0       
12.936    4.0       
13.144    1.0       
13.361    2.0       
13.561    3.0       
13.767    4.0       
13.994    1.0       
14.201    2.0       
14.43     3.0       
14.639    4.0       
14.868    1.0       
15.088    2.0       
15.308    3.0       
15.526    4.0       
15.73     1.0       
15.947    2.0       
16.155    3.0       
16.384    4.0       
16.601    1.0       
16.815    2.0       
17.046    3.0       
17.248    4.0       
17.45     1.0       
17.652    2.0       
17.851    3.0       
18.068    4.0       
18.291    1.0       
18.5      2.0       
18.726    3.0       
18.957    4.0       
19.181    1.0       
19.389    2.0       
19.617    3.0       
19.816    4.0       
20.022    1.0       
20.248    2.0       
20.454    3.0       
20.666    4.0       
20.892    1.0       
21.123    2.0       
21.343    3.0       
21.56     4.0       
21.782    1.0       
21.999    2.0       
22.216    3.0       
22.433    4.0       
22.648    1.0       
22.851    2.0       
23.068    3.0       
23.279    4.0       
23.481    1.0       
23.711    2.0       
23.914    3.0       
24.115    4.0       
24.323    1.0       
24.539    2.0       
24.769    3.0       
24.985    4.0       
25.192    1.0       
25.412    2.0       
25.628    3.0       
25.857    4.0       
26.076    1.0       
26.275    2.0       
26.488    3.0       
26.695    4.0       
26.899    1.0       
27.108    2.0       
27.316    3.0       
27.544    4.0       
27.759    1.0       
27.988    2.0       
28.187    3.0       
28.393    4.0       
28.613    5.0       
28.825    1.0       
29.035    2.0       
29.257    3.0       
29.47     4.0       
29.677    5.0       
29.891    1.0       
30.102    2.0       
30.304    3.0       
30.524    4.0       
30.755    5.0       
30.956    1.0       
31.162    2.0       
31.375    3.0       
31.595    4.0       
31.804    5.0       
32.03     1.0       
32.244    2.0       
32.469    3.0       
32.679    4.0       
32.878    5.0       
33.1      1.0       
33.319    2.0       
33.534    3.0       
33.763    4.0       
33.977    5.0       
34.186    1.0       
34.399    2.0       
34.608    3.0       
34.821    4.0       
35.021    5.0       
35.224    1.0       
35.448    2.0       
35.666    3.0       
35.89     4.0       
36.105    5.0       
