0.204     1.0       
0.531     2.0       
0.854     3.0       
1.15      4.0       
1.45      1.0       
1.77      2.0       
2.091     3.0       
2.4       4.0       
2.712     1.0       
3.038     2.0       
3.36      3.0       
3.678     4.0       
3.983     1.0       
4.291     2.0       
4.612     3.0       
4.912     4.0       
5.234     1.0       
5.555     2.0       
5.867     3.0       
6.174     4.0       
6.481     1.0       
6.796     2.0       
7.091     3.0       
7.413     4.0       
7.728     1.0       
8.051     2.0       
8.375     3.0       
8.687     4.0       
9.008     1.0       
9.304     2.0       
9.62      3.0       
9.928     4.0       
10.228    1.0       
10.535    2.0       
10.831    3.0       
11.146    4.0       
11.452    1.0       
11.779    2.0       
12.092    3.0       
12.398    4.0       
12.724    1.0       
13.039    2.0       
13.364    3.0       
13.674    4.0       
13.991    1.0       
14.29     2.0       
14.611    3.0       
14.912    4.0       
15.209    1.0       
15.526    2.0       
15.851    3.0       
16.148    4.0       
16.453    1.0       
16.76     2.0       
17.075    3.0       
17.38     4.0       
17.686    1.0       
18.0      2.0       
18.318    3.0       
18.621    4.0       
18.932    1.0       
19.229    2.0       
19.55     3.0       
19.874    4.0       
20.182    1.0       
20.509    2.0       
20.836    3.0       
21.133    4.0       
21.43     1.0       
21.755    2.0       
22.082    3.0       
22.387    4.0       
22.705    1.0       
23.029    2.0       
23.329    3.0       
23.638    4.0       
23.956    1.0       
24.267    2.0       
24.578    3.0       
24.903    4.0       
25.208    1.0       
25.527    2.0       
25.833    3.0       
26.151    4.0       
26.478    1.0       
26.8      2.0       
27.103    3.0       
27.422    4.0       
27.736    1.0       
28.036    2.0       
28.34     3.0       
28.65     4.0       
28.971    1.0       
29.267    2.0       
29.594    3.0       
29.906    4.0       
30.218    1.0       
30.519    2.0       
30.828    3.0       
31.148    4.0       
31.475    5.0       
31.788    1.0       
32.092    2.0       
32.41     3.0       
32.716    4.0       
33.039    5.0       
33.348    1.0       
33.656    2.0       
33.963    3.0       
34.262    4.0       
34.572    5.0       
34.88     1.0       
35.175    2.0       
35.478    3.0       
35.798    4.0       
36.094    5.0       
36.404    1.0       
36.714    2.0       
37.021    3.0       
37.325    4.0       
37.633    5.0       
37.929    1.0       
38.23     2.0       
38.534    3.0       
38.841    4.0       
39.145    5.0       
39.469    1.0       
39.784    2.0       
40.081    3.0       
40.377    4.0       
40.697    5.0       
41.024    1.0       
41.332    2.0       
41.63     3.0       
41.941    4.0       
42.263    5.0       
42.589    1.0       
42.894    2.0       
43.216    3.0       
43.513    4.0       
43.812    5.0       
44.113    1.0       
44.418    2.0       
44.724    3.0       
45.034    4.0       
45.353    5.0       
45.676    1.0       
45.982    2.0       
46.292    3.0       
46.594    4.0       
46.909    5.0       
47.223    1.0       
47.52     2.0       
47.825    3.0       
48.139    4.0       
48.446    5.0       
48.759    1.0       
49.073    2.0       
49.386    3.0       
49.697    4.0       
50.016    5.0       
50.323    1.0       
50.624    2.0       
50.95     3.0       
51.269    4.0       
51.593    5.0       
51.889    1.0       
52.212    2.0       
52.528    3.0       
52.838    4.0       
53.144    5.0       
53.455    1.0       
53.768    2.0       
54.069    3.0       
54.385    4.0       
54.686    5.0       
55.005    1.0       
55.306    2.0       
55.606    3.0       
55.903    4.0       
56.23     5.0       
56.535    1.0       
56.832    2.0       
57.157    3.0       
57.453    4.0       
57.774    5.0       
58.081    1.0       
58.396    2.0       
58.701    3.0       
59.021    4.0       
59.339    5.0       
59.665    1.0       
59.983    2.0       
60.285    3.0       
60.589    4.0       
60.904    5.0       
