0.279     1.0       
0.516     2.0       
0.751     3.0       
0.989     4.0       
1.236     1.0       
1.47      2.0       
1.721     3.0       
1.965     4.0       
2.216     1.0       
2.456     2.0       
2.709     3.0       
2.959     4.0       
3.2       1.0       
3.457     2.0       
3.697     3.0       
3.924     4.0       
4.173     1.0       
4.407     2.0       
4.658     3.0       
4.887     4.0       
5.117     1.0       
5.372     2.0       
5.606     3.0       
5.853     4.0       
6.083     1.0       
6.335     2.0       
6.577     3.0       
6.807     4.0       
7.042     1.0       
7.293     2.0       
7.525     3.0       
7.752     4.0       
7.988     1.0       
8.229     2.0       
8.482     3.0       
8.711     4.0       
8.94      1.0       
9.171     2.0       
9.409     3.0       
9.657     4.0       
9.888     1.0       
10.136    2.0       
10.39     3.0       
10.628    4.0       
10.853    1.0       
11.085    2.0       
11.342    3.0       
11.595    4.0       
11.82     1.0       
12.064    2.0       
12.294    3.0       
12.548    4.0       
12.79     1.0       
13.035    2.0       
13.261    3.0       
13.493    4.0       
13.745    1.0       
13.984    2.0       
14.215    3.0       
14.455    4.0       
14.7      1.0       
14.932    2.0       
15.169    3.0       
15.415    4.0       
15.662    1.0       
15.919    2.0       
16.166    3.0       
16.398    4.0       
16.634    1.0       
16.886    2.0       
17.137    3.0       
17.39     4.0       
17.625    1.0       
17.855    2.0       
18.109    3.0       
18.361    4.0       
18.611    1.0       
18.843    2.0       
19.091    3.0       
19.328    4.0       
19.574    1.0       
19.806    2.0       
20.049    3.0       
20.295    4.0       
20.527    1.0       
20.757    2.0       
21.013    3.0       
21.254    4.0       
21.479    1.0       
21.729    2.0       
21.982    3.0       
22.226    4.0       
22.475    1.0       
22.709    2.0       
22.954    3.0       
23.179    4.0       
23.418    1.0       
23.663    2.0       
23.903    3.0       
24.141    4.0       
24.379    1.0       
24.619    2.0       
24.857    3.0       
25.114    4.0       
25.349    1.0       
25.581    2.0       
25.824    3.0       
26.065    4.0       
26.291    1.0       
26.524    2.0       
26.757    3.0       
27.002    4.0       
27.25     1.0       
27.49     2.0       
27.733    3.0       
27.97     4.0       
28.214    1.0       
28.44     2.0       
28.675    3.0       
28.91     4.0       
29.162    1.0       
29.388    2.0       
29.618    3.0       
29.875    4.0       
30.104    1.0       
30.35     2.0       
30.587    3.0       
30.821    4.0       
31.053    1.0       
31.286    2.0       
31.524    3.0       
31.754    4.0       
31.996    5.0       
32.243    1.0       
32.472    2.0       
32.714    3.0       
32.964    4.0       
33.213    5.0       
33.445    1.0       
33.68     2.0       
33.916    3.0       
34.149    4.0       
34.386    5.0       
34.634    1.0       
34.887    2.0       
35.13     3.0       
35.359    4.0       
35.608    5.0       
35.84     1.0       
36.069    2.0       
36.324    3.0       
36.55     4.0       
36.806    5.0       
37.037    1.0       
37.283    2.0       
37.529    3.0       
37.759    4.0       
38.009    5.0       
38.234    1.0       
38.473    2.0       
38.717    3.0       
38.96     4.0       
39.209    5.0       
39.453    1.0       
39.704    2.0       
39.95     3.0       
40.175    4.0       
40.416    5.0       
40.659    1.0       
40.891    2.0       
41.146    3.0       
41.388    4.0       
41.629    5.0       
41.864    1.0       
42.107    2.0       
42.363    3.0       
42.59     4.0       
42.816    5.0       
43.047    1.0       
43.281    2.0       
43.515    3.0       
43.749    4.0       
44.003    5.0       
44.238    1.0       
44.49     2.0       
44.735    3.0       
44.988    4.0       
45.217    5.0       
45.451    1.0       
45.702    2.0       
45.95     3.0       
46.193    4.0       
46.441    5.0       
46.684    1.0       
46.937    2.0       
47.18     3.0       
47.43     4.0       
47.679    5.0       
47.905    1.0       
48.149    2.0       
48.381    3.0       
48.623    4.0       
48.87     5.0       
49.11     1.0       
49.346    2.0       
49.593    3.0       
49.82     4.0       
50.054    5.0       
50.304    1.0       
50.537    2.0       
50.772    3.0       
51.0      4.0       
51.257    5.0       
51.496    1.0       
51.732    2.0       
51.986    3.0       
52.235    4.0       
52.49     5.0       
52.742    1.0       
52.975    2.0       
53.208    3.0       
53.443    4.0       
53.683    5.0       
53.94     1.0       
54.195    2.0       
54.452    3.0       
54.69     4.0       
54.92     5.0       
55.15     1.0       
55.384    2.0       
55.614    3.0       
55.856    4.0       
56.106    5.0       
56.337    1.0       
56.584    2.0       
56.814    3.0       
57.042    4.0       
57.267    5.0       
57.495    1.0       
57.724    2.0       
57.954    3.0       
58.197    4.0       
58.44     5.0       
58.668    1.0       
58.925    2.0       
59.164    3.0       
59.42     4.0       
59.669    5.0       
59.923    1.0       
60.165    2.0       
60.39     3.0       
60.619    4.0       
60.873    5.0       
61.101    1.0       
61.337    2.0       
61.57     3.0       
61.826    4.0       
62.08     5.0       
62.312    1.0       
62.55     2.0       
62.801    3.0       
63.028    4.0       
63.264    5.0       
63.52     1.0       
63.776    2.0       
64.013    3.0       
64.25     4.0       
64.489    5.0       
