0.188     1.0       
0.502     2.0       
0.806     3.0       
1.112     4.0       
1.43      1.0       
1.756     2.0       
2.069     3.0       
2.394     4.0       
2.713     1.0       
3.015     2.0       
3.309     3.0       
3.604     4.0       
3.916     1.0       
4.224     2.0       
4.549     3.0       
4.857     4.0       
5.181     1.0       
5.497     2.0       
5.823     3.0       
6.124     4.0       
6.426     1.0       
6.734     2.0       
7.058     3.0       
7.374     4.0       
7.697     1.0       
7.995     2.0       
8.295     3.0       
8.619     4.0       
8.929     1.0       
9.229     2.0       
9.54      3.0       
9.858     4.0       
10.153    1.0       
10.453    2.0       
10.756    3.0       
11.061    4.0       
11.366    5.0       
11.682    1.0       
11.977    2.0       
12.293    3.0       
12.589    4.0       
12.909    5.0       
13.21     1.0       
13.525    2.0       
13.845    3.0       
14.169    4.0       
14.478    5.0       
14.784    1.0       
15.107    2.0       
15.415    3.0       
15.709    4.0       
16.023    5.0       
16.326    1.0       
16.629    2.0       
16.948    3.0       
17.266    4.0       
17.573    5.0       
17.889    1.0       
18.215    2.0       
18.537    3.0       
18.854    4.0       
19.167    5.0       
19.486    1.0       
19.8      2.0       
20.115    3.0       
20.435    4.0       
20.756    5.0       
21.077    1.0       
21.378    2.0       
21.692    3.0       
21.995    4.0       
22.319    5.0       
22.624    1.0       
22.939    2.0       
23.241    3.0       
23.538    4.0       
23.857    5.0       
24.177    1.0       
24.476    2.0       
24.773    3.0       
25.094    4.0       
25.39     5.0       
25.692    1.0       
26.001    2.0       
26.3      3.0       
26.594    4.0       
26.888    5.0       
27.184    1.0       
27.487    2.0       
27.794    3.0       
28.117    4.0       
28.42     5.0       
