0.239     1.0       
0.5       2.0       
0.761     3.0       
1.011     4.0       
1.262     1.0       
1.518     2.0       
1.774     3.0       
2.03      4.0       
2.271     1.0       
2.529     2.0       
2.785     3.0       
3.042     4.0       
3.287     1.0       
3.543     2.0       
3.796     3.0       
4.037     4.0       
4.299     1.0       
4.549     2.0       
4.803     3.0       
5.046     4.0       
5.307     1.0       
5.565     2.0       
5.825     3.0       
6.068     4.0       
6.337     1.0       
6.594     2.0       
6.839     3.0       
7.077     4.0       
7.341     1.0       
7.588     2.0       
7.842     3.0       
8.081     4.0       
8.337     1.0       
8.598     2.0       
8.868     3.0       
9.118     4.0       
9.372     1.0       
9.638     2.0       
9.898     3.0       
10.158    4.0       
10.398    1.0       
10.663    2.0       
10.925    3.0       
11.168    4.0       
11.436    1.0       
11.693    2.0       
11.938    3.0       
12.18     4.0       
12.441    1.0       
12.705    2.0       
12.959    3.0       
13.215    4.0       
13.475    1.0       
13.716    2.0       
13.97     3.0       
14.212    4.0       
14.454    1.0       
14.721    2.0       
14.971    3.0       
15.211    4.0       
15.459    1.0       
15.722    2.0       
15.978    3.0       
16.243    4.0       
16.488    1.0       
16.749    2.0       
17.015    3.0       
17.284    4.0       
17.548    1.0       
17.815    2.0       
18.064    3.0       
18.334    4.0       
18.604    1.0       
18.861    2.0       
19.112    3.0       
19.369    4.0       
19.618    1.0       
19.862    2.0       
20.111    3.0       
20.357    4.0       
20.597    1.0       
20.856    2.0       
21.099    3.0       
21.342    4.0       
21.61     5.0       
21.855    1.0       
22.097    2.0       
22.358    3.0       
22.6      4.0       
22.861    5.0       
23.129    1.0       
23.38     2.0       
23.647    3.0       
23.913    4.0       
24.156    5.0       
24.396    1.0       
24.637    2.0       
24.9      3.0       
25.167    4.0       
25.425    5.0       
25.683    1.0       
25.948    2.0       
26.19     3.0       
26.439    4.0       
26.689    5.0       
26.927    1.0       
27.189    2.0       
27.458    3.0       
27.711    4.0       
27.977    5.0       
28.225    1.0       
28.47     2.0       
28.728    3.0       
28.995    4.0       
29.252    5.0       
29.515    1.0       
29.775    2.0       
30.018    3.0       
30.263    4.0       
30.504    5.0       
30.752    1.0       
30.998    2.0       
31.26     3.0       
31.501    4.0       
31.769    5.0       
32.036    1.0       
32.284    2.0       
32.536    3.0       
32.787    4.0       
33.033    5.0       
33.282    1.0       
33.522    2.0       
33.773    3.0       
34.015    4.0       
34.283    5.0       
34.549    1.0       
34.816    2.0       
35.06     3.0       
35.329    4.0       
35.578    5.0       
35.835    1.0       
36.082    2.0       
36.338    3.0       
36.58     4.0       
36.843    5.0       
37.106    1.0       
37.37     2.0       
37.617    3.0       
37.858    4.0       
38.118    5.0       
38.356    1.0       
38.596    2.0       
38.859    3.0       
39.121    4.0       
39.39     5.0       
39.659    1.0       
39.903    2.0       
40.163    3.0       
40.422    4.0       
40.674    5.0       
40.923    1.0       
41.191    2.0       
41.434    3.0       
41.694    4.0       
41.94     5.0       
42.193    1.0       
42.46     2.0       
42.729    3.0       
42.976    4.0       
43.227    5.0       
43.479    1.0       
43.724    2.0       
43.98     3.0       
44.229    4.0       
44.496    5.0       
44.763    1.0       
45.032    2.0       
45.293    3.0       
45.549    4.0       
45.808    5.0       
46.052    1.0       
46.322    2.0       
46.591    3.0       
46.856    4.0       
47.114    5.0       
47.368    1.0       
47.61     2.0       
47.859    3.0       
48.116    4.0       
48.357    5.0       
48.615    1.0       
48.86     2.0       
49.116    3.0       
49.355    4.0       
49.603    5.0       
49.872    1.0       
50.126    2.0       
50.39     3.0       
50.655    4.0       
50.923    5.0       
51.184    1.0       
51.445    2.0       
51.715    3.0       
51.975    4.0       
52.222    5.0       
52.48     1.0       
52.718    2.0       
52.969    3.0       
53.222    4.0       
53.492    5.0       
53.735    1.0       
53.979    2.0       
54.229    3.0       
54.499    4.0       
54.763    5.0       
55.005    1.0       
55.247    2.0       
55.511    3.0       
55.781    4.0       
56.037    5.0       
