0.116     1.0       
0.46      2.0       
0.798     3.0       
1.126     4.0       
1.45      1.0       
1.79      2.0       
2.121     3.0       
2.443     4.0       
2.792     1.0       
3.138     2.0       
3.458     3.0       
3.779     4.0       
4.128     1.0       
4.445     2.0       
4.793     3.0       
5.129     4.0       
5.452     1.0       
5.77      2.0       
6.117     3.0       
6.445     4.0       
6.768     1.0       
7.096     2.0       
7.424     3.0       
7.755     4.0       
8.096     1.0       
8.419     2.0       
8.765     3.0       
9.087     4.0       
9.408     1.0       
9.756     2.0       
10.093    3.0       
10.415    4.0       
10.747    1.0       
11.081    2.0       
11.418    3.0       
11.767    4.0       
12.106    5.0       
12.438    1.0       
12.785    2.0       
13.129    3.0       
13.448    4.0       
13.781    5.0       
14.117    1.0       
14.443    2.0       
14.785    3.0       
15.126    4.0       
15.458    5.0       
15.79     1.0       
16.122    2.0       
16.449    3.0       
16.793    4.0       
17.135    5.0       
17.478    1.0       
17.804    2.0       
18.146    3.0       
18.481    4.0       
18.8      5.0       
19.131    1.0       
19.453    2.0       
19.788    3.0       
20.128    4.0       
20.448    5.0       
20.784    1.0       
21.115    2.0       
21.459    3.0       
21.795    4.0       
22.14     5.0       
22.485    1.0       
22.81     2.0       
23.136    3.0       
23.454    4.0       
23.773    5.0       
