0.288     1.0       
0.506     2.0       
0.72      3.0       
0.93      4.0       
1.143     1.0       
1.363     2.0       
1.557     3.0       
1.779     4.0       
1.996     1.0       
2.214     2.0       
2.422     3.0       
2.618     4.0       
2.813     1.0       
3.011     2.0       
3.205     3.0       
3.416     4.0       
3.638     1.0       
3.85      2.0       
4.068     3.0       
4.277     4.0       
4.49      1.0       
4.692     2.0       
4.885     3.0       
5.102     4.0       
5.294     1.0       
5.508     2.0       
5.728     3.0       
5.92      4.0       
6.111     1.0       
6.308     2.0       
6.502     3.0       
6.709     4.0       
6.916     1.0       
7.111     2.0       
7.331     3.0       
7.527     4.0       
7.724     1.0       
7.944     2.0       
8.142     3.0       
8.339     4.0       
8.554     1.0       
8.748     2.0       
8.944     3.0       
9.147     4.0       
9.34      1.0       
9.554     2.0       
9.745     3.0       
9.944     4.0       
10.151    1.0       
10.372    2.0       
10.585    3.0       
10.795    4.0       
11.014    1.0       
11.232    2.0       
11.451    3.0       
11.665    4.0       
11.865    1.0       
12.065    2.0       
12.284    3.0       
12.497    4.0       
12.719    1.0       
12.931    2.0       
13.145    3.0       
13.34     4.0       
13.535    1.0       
13.732    2.0       
13.946    3.0       
14.162    4.0       
14.364    5.0       
14.585    1.0       
14.795    2.0       
14.986    3.0       
15.199    4.0       
15.392    5.0       
15.61     1.0       
15.819    2.0       
16.027    3.0       
16.222    4.0       
16.444    5.0       
16.663    1.0       
16.868    2.0       
17.081    3.0       
17.278    4.0       
17.497    5.0       
17.687    1.0       
17.901    2.0       
18.121    3.0       
18.314    4.0       
18.532    5.0       
18.746    1.0       
18.957    2.0       
19.167    3.0       
19.366    4.0       
19.568    5.0       
19.787    1.0       
19.986    2.0       
20.191    3.0       
20.405    4.0       
20.614    5.0       
20.829    1.0       
21.039    2.0       
21.247    3.0       
21.453    4.0       
21.656    5.0       
21.874    1.0       
22.073    2.0       
22.271    3.0       
22.47     4.0       
22.668    5.0       
22.859    1.0       
23.064    2.0       
23.283    3.0       
23.487    4.0       
23.698    5.0       
23.897    1.0       
24.096    2.0       
24.311    3.0       
24.518    4.0       
24.737    5.0       
24.945    1.0       
25.154    2.0       
25.371    3.0       
25.583    4.0       
25.799    5.0       
25.994    1.0       
26.21     2.0       
26.428    3.0       
26.642    4.0       
26.839    5.0       
27.039    1.0       
27.233    2.0       
27.448    3.0       
27.67     4.0       
27.875    5.0       
28.097    1.0       
28.293    2.0       
28.498    3.0       
28.717    4.0       
28.91     5.0       
29.107    1.0       
29.316    2.0       
29.522    3.0       
29.72     4.0       
29.934    5.0       
30.142    1.0       
30.354    2.0       
30.556    3.0       
30.759    4.0       
30.97     5.0       
31.179    1.0       
31.377    2.0       
31.58     3.0       
31.788    4.0       
32.006    5.0       
32.224    1.0       
32.439    2.0       
32.632    3.0       
32.836    4.0       
33.046    5.0       
33.249    1.0       
33.47     2.0       
33.664    3.0       
33.875    4.0       
34.079    5.0       
