0.209     1.0       
0.432     2.0       
0.676     3.0       
0.91      4.0       
1.143     1.0       
1.378     2.0       
1.627     3.0       
1.878     4.0       
2.119     1.0       
2.371     2.0       
2.594     3.0       
2.841     4.0       
3.083     1.0       
3.32      2.0       
3.556     3.0       
3.779     4.0       
4.015     1.0       
4.246     2.0       
4.489     3.0       
4.732     4.0       
4.953     1.0       
5.203     2.0       
5.423     3.0       
5.648     4.0       
5.895     1.0       
6.116     2.0       
6.352     3.0       
6.58      4.0       
6.832     1.0       
7.055     2.0       
7.284     3.0       
7.511     4.0       
7.742     1.0       
7.976     2.0       
8.218     3.0       
8.453     4.0       
8.682     1.0       
8.914     2.0       
9.166     3.0       
9.405     4.0       
9.629     1.0       
9.881     2.0       
10.107    3.0       
10.346    4.0       
10.577    1.0       
10.816    2.0       
11.064    3.0       
11.305    4.0       
11.553    1.0       
11.805    2.0       
12.035    3.0       
12.258    4.0       
12.507    5.0       
12.754    1.0       
12.975    2.0       
13.225    3.0       
13.457    4.0       
13.679    5.0       
13.907    1.0       
14.135    2.0       
14.356    3.0       
14.598    4.0       
14.829    5.0       
15.075    1.0       
15.324    2.0       
15.56     3.0       
15.792    4.0       
16.027    5.0       
16.273    1.0       
16.525    2.0       
16.745    3.0       
16.974    4.0       
17.211    5.0       
17.452    1.0       
17.694    2.0       
17.923    3.0       
18.173    4.0       
18.418    5.0       
18.664    1.0       
18.904    2.0       
19.152    3.0       
19.384    4.0       
19.624    5.0       
19.875    1.0       
20.108    2.0       
20.351    3.0       
20.571    4.0       
20.802    5.0       
21.046    1.0       
21.268    2.0       
21.501    3.0       
21.731    4.0       
21.974    5.0       
22.214    1.0       
22.453    2.0       
22.678    3.0       
22.898    4.0       
23.124    5.0       
23.363    1.0       
23.598    2.0       
23.842    3.0       
24.068    4.0       
24.316    5.0       
24.542    1.0       
24.762    2.0       
24.996    3.0       
25.229    4.0       
25.457    5.0       
25.694    1.0       
25.924    2.0       
26.162    3.0       
26.403    4.0       
26.654    5.0       
26.886    1.0       
27.111    2.0       
27.361    3.0       
27.582    4.0       
27.807    5.0       
28.032    1.0       
28.271    2.0       
28.511    3.0       
28.747    4.0       
28.97     5.0       
29.205    1.0       
29.45     2.0       
29.675    3.0       
29.924    4.0       
30.17     5.0       
30.407    1.0       
30.646    2.0       
30.87     3.0       
31.095    4.0       
31.333    5.0       
31.553    1.0       
31.794    2.0       
32.041    3.0       
32.284    4.0       
32.529    5.0       
32.765    1.0       
33.003    2.0       
33.227    3.0       
33.473    4.0       
33.725    5.0       
33.967    1.0       
34.207    2.0       
34.433    3.0       
34.684    4.0       
34.913    5.0       
35.159    1.0       
35.404    2.0       
35.646    3.0       
35.891    4.0       
36.111    5.0       
36.354    1.0       
36.574    2.0       
36.803    3.0       
37.053    4.0       
37.281    5.0       
37.501    1.0       
37.739    2.0       
37.978    3.0       
38.217    4.0       
38.46     5.0       
38.706    1.0       
38.956    2.0       
39.193    3.0       
39.42     4.0       
39.669    5.0       
39.917    1.0       
40.169    2.0       
40.408    3.0       
40.639    4.0       
40.889    5.0       
41.123    1.0       
41.37     2.0       
41.611    3.0       
41.839    4.0       
42.082    5.0       
42.332    1.0       
42.558    2.0       
42.801    3.0       
43.026    4.0       
43.272    5.0       
43.506    1.0       
43.741    2.0       
43.966    3.0       
44.187    4.0       
44.42     5.0       
