0.259     1.0       
0.524     2.0       
0.807     3.0       
1.078     4.0       
1.372     1.0       
1.662     2.0       
1.947     3.0       
2.215     4.0       
2.507     1.0       
2.801     2.0       
3.092     3.0       
3.364     4.0       
3.645     1.0       
3.937     2.0       
4.219     3.0       
4.511     4.0       
4.779     1.0       
5.053     2.0       
5.341     3.0       
5.618     4.0       
5.897     1.0       
6.189     2.0       
6.472     3.0       
6.749     4.0       
7.043     1.0       
7.317     2.0       
7.599     3.0       
7.878     4.0       
8.145     1.0       
8.411     2.0       
8.684     3.0       
8.957     4.0       
9.226     1.0       
9.495     2.0       
9.789     3.0       
10.081    4.0       
10.374    1.0       
10.654    2.0       
10.933    3.0       
11.21     4.0       
11.481    1.0       
11.755    2.0       
12.024    3.0       
12.311    4.0       
12.576    1.0       
12.857    2.0       
13.151    3.0       
13.419    4.0       
13.707    1.0       
13.983    2.0       
14.247    3.0       
14.536    4.0       
14.821    1.0       
15.105    2.0       
15.369    3.0       
15.66     4.0       
15.952    1.0       
16.243    2.0       
16.536    3.0       
16.83     4.0       
17.097    1.0       
17.361    2.0       
17.648    3.0       
17.928    4.0       
18.212    1.0       
18.507    2.0       
18.773    3.0       
19.041    4.0       
19.328    1.0       
19.597    2.0       
19.885    3.0       
20.179    4.0       
20.449    1.0       
20.714    2.0       
21.008    3.0       
21.289    4.0       
21.567    1.0       
21.844    2.0       
22.137    3.0       
22.413    4.0       
22.694    1.0       
22.97     2.0       
23.256    3.0       
23.544    4.0       
23.819    1.0       
24.087    2.0       
24.353    3.0       
24.639    4.0       
24.905    1.0       
25.194    2.0       
25.483    3.0       
25.752    4.0       
26.046    1.0       
26.338    2.0       
26.602    3.0       
26.886    4.0       
27.175    1.0       
27.46     2.0       
27.732    3.0       
28.01     4.0       
28.284    5.0       
28.568    1.0       
28.864    2.0       
29.143    3.0       
29.427    4.0       
29.703    5.0       
29.995    1.0       
30.266    2.0       
30.536    3.0       
30.81     4.0       
31.079    5.0       
31.359    1.0       
31.636    2.0       
31.9      3.0       
32.178    4.0       
32.457    5.0       
32.734    1.0       
33.008    2.0       
33.28     3.0       
33.556    4.0       
33.839    5.0       
34.134    1.0       
34.398    2.0       
34.677    3.0       
34.958    4.0       
35.231    5.0       
35.497    1.0       
35.778    2.0       
36.072    3.0       
36.351    4.0       
36.621    5.0       
36.908    1.0       
37.19     2.0       
37.468    3.0       
37.764    4.0       
38.04     5.0       
38.309    1.0       
38.588    2.0       
38.859    3.0       
39.15     4.0       
39.414    5.0       
39.681    1.0       
39.969    2.0       
40.261    3.0       
40.552    4.0       
40.845    5.0       
41.129    1.0       
41.405    2.0       
41.675    3.0       
41.957    4.0       
42.247    5.0       
42.521    1.0       
42.804    2.0       
43.089    3.0       
43.368    4.0       
43.66     5.0       
43.943    1.0       
44.223    2.0       
44.493    3.0       
44.76     4.0       
45.04     5.0       
45.324    1.0       
45.604    2.0       
45.876    3.0       
46.153    4.0       
46.423    5.0       
46.717    1.0       
46.994    2.0       
47.269    3.0       
47.546    4.0       
47.82     5.0       
48.085    1.0       
48.374    2.0       
48.64     3.0       
48.905    4.0       
49.184    5.0       
49.465    1.0       
49.745    2.0       
50.012    3.0       
50.293    4.0       
50.583    5.0       
50.857    1.0       
51.152    2.0       
51.418    3.0       
51.712    4.0       
51.982    5.0       
52.263    1.0       
52.548    2.0       
52.828    3.0       
53.107    4.0       
53.39     5.0       
53.677    1.0       
53.966    2.0       
54.241    3.0       
54.511    4.0       
54.776    5.0       
