0.249     1.0       
0.57      2.0       
0.895     3.0       
1.224     4.0       
1.558     1.0       
1.875     2.0       
2.208     3.0       
2.53      4.0       
2.836     1.0       
3.149     2.0       
3.473     3.0       
3.78      4.0       
4.113     1.0       
4.42      2.0       
4.757     3.0       
5.079     4.0       
5.403     1.0       
5.737     2.0       
6.067     3.0       
6.397     4.0       
6.717     1.0       
7.043     2.0       
7.364     3.0       
7.678     4.0       
7.998     1.0       
8.326     2.0       
8.658     3.0       
8.981     4.0       
9.315     1.0       
9.632     2.0       
9.948     3.0       
10.284    4.0       
10.601    1.0       
10.935    2.0       
11.257    3.0       
11.592    4.0       
11.904    1.0       
12.232    2.0       
12.564    3.0       
12.901    4.0       
13.207    1.0       
13.544    2.0       
13.849    3.0       
14.163    4.0       
14.477    1.0       
14.79     2.0       
15.117    3.0       
15.433    4.0       
15.748    1.0       
16.054    2.0       
16.374    3.0       
16.704    4.0       
17.02     1.0       
17.342    2.0       
17.673    3.0       
18.003    4.0       
18.331    1.0       
18.645    2.0       
18.961    3.0       
19.294    4.0       
19.601    1.0       
19.927    2.0       
20.258    3.0       
20.591    4.0       
20.905    1.0       
21.21     2.0       
21.523    3.0       
21.856    4.0       
22.191    1.0       
22.51     2.0       
22.818    3.0       
23.146    4.0       
23.482    1.0       
23.807    2.0       
24.144    3.0       
24.473    4.0       
24.778    1.0       
25.113    2.0       
25.444    3.0       
25.771    4.0       
26.081    1.0       
26.402    2.0       
26.73     3.0       
27.057    4.0       
27.382    1.0       
27.699    2.0       
28.007    3.0       
28.342    4.0       
28.661    1.0       
28.998    2.0       
29.328    3.0       
29.659    4.0       
29.973    1.0       
30.283    2.0       
30.605    3.0       
30.917    4.0       
31.247    1.0       
31.579    2.0       
31.915    3.0       
32.235    4.0       
32.565    1.0       
32.895    2.0       
33.226    3.0       
33.562    4.0       
33.888    1.0       
34.219    2.0       
34.532    3.0       
34.862    4.0       
35.172    1.0       
35.488    2.0       
35.794    3.0       
36.113    4.0       
36.444    1.0       
36.767    2.0       
37.101    3.0       
37.429    4.0       
37.738    1.0       
38.057    2.0       
38.382    3.0       
38.716    4.0       
39.031    1.0       
39.339    2.0       
39.666    3.0       
39.988    4.0       
40.313    1.0       
40.626    2.0       
40.947    3.0       
41.258    4.0       
41.588    1.0       
41.922    2.0       
42.249    3.0       
42.569    4.0       
42.894    5.0       
43.227    1.0       
43.55     2.0       
43.884    3.0       
44.198    4.0       
44.513    5.0       
44.819    1.0       
45.129    2.0       
45.446    3.0       
45.755    4.0       
46.065    5.0       
46.399    1.0       
46.717    2.0       
47.039    3.0       
47.369    4.0       
47.692    5.0       
48.017    1.0       
48.335    2.0       
48.669    3.0       
49.001    4.0       
49.306    5.0       
49.642    1.0       
49.961    2.0       
50.293    3.0       
50.624    4.0       
50.931    5.0       
51.255    1.0       
51.566    2.0       
51.897    3.0       
52.207    4.0       
52.544    5.0       
52.878    1.0       
53.205    2.0       
53.538    3.0       
53.846    4.0       
54.154    5.0       
54.477    1.0       
54.811    2.0       
55.127    3.0       
55.454    4.0       
55.791    5.0       
56.123    1.0       
56.438    2.0       
56.747    3.0       
57.079    4.0       
57.414    5.0       
57.738    1.0       
58.049    2.0       
58.358    3.0       
58.674    4.0       
58.99     5.0       
59.317    1.0       
59.622    2.0       
59.954    3.0       
60.275    4.0       
60.61     5.0       
