0.267     1.0       
0.545     2.0       
0.817     3.0       
1.097     4.0       
1.378     1.0       
1.652     2.0       
1.91      3.0       
2.176     4.0       
2.431     1.0       
2.716     2.0       
2.985     3.0       
3.26      4.0       
3.515     1.0       
3.772     2.0       
4.04      3.0       
4.3       4.0       
4.584     1.0       
4.862     2.0       
5.136     3.0       
5.398     4.0       
5.675     1.0       
5.951     2.0       
6.212     3.0       
6.493     4.0       
6.778     1.0       
7.044     2.0       
7.326     3.0       
7.598     4.0       
7.865     1.0       
8.144     2.0       
8.414     3.0       
8.697     4.0       
8.968     1.0       
9.247     2.0       
9.519     3.0       
9.776     4.0       
10.041    5.0       
10.303    1.0       
10.586    2.0       
10.855    3.0       
11.131    4.0       
11.398    5.0       
11.683    1.0       
11.958    2.0       
12.218    3.0       
12.502    4.0       
12.769    5.0       
13.044    1.0       
13.326    2.0       
13.596    3.0       
13.861    4.0       
14.121    5.0       
14.403    1.0       
14.663    2.0       
14.925    3.0       
15.2      4.0       
15.471    5.0       
15.739    1.0       
15.997    2.0       
16.258    3.0       
16.524    4.0       
16.798    5.0       
17.08     1.0       
17.355    2.0       
17.613    3.0       
17.879    4.0       
18.135    5.0       
18.392    1.0       
18.65     2.0       
18.916    3.0       
19.185    4.0       
19.457    5.0       
19.718    1.0       
19.994    2.0       
20.28     3.0       
20.561    4.0       
20.829    5.0       
21.107    1.0       
21.376    2.0       
21.639    3.0       
21.907    4.0       
22.193    5.0       
22.462    1.0       
22.729    2.0       
22.992    3.0       
23.265    4.0       
23.55     5.0       
23.836    1.0       
24.11     2.0       
24.375    3.0       
24.637    4.0       
24.909    5.0       
25.188    1.0       
25.454    2.0       
25.714    3.0       
25.97     4.0       
26.242    5.0       
26.498    1.0       
26.78     2.0       
27.046    3.0       
27.332    4.0       
27.594    5.0       
27.863    1.0       
28.145    2.0       
28.425    3.0       
28.694    4.0       
28.954    5.0       
29.24     1.0       
29.524    2.0       
29.78     3.0       
30.061    4.0       
30.344    5.0       
