0.145     1.0       
0.46      2.0       
0.773     3.0       
1.096     4.0       
1.424     1.0       
1.742     2.0       
2.048     3.0       
2.353     4.0       
2.66      1.0       
2.985     2.0       
3.288     3.0       
3.591     4.0       
3.896     1.0       
4.225     2.0       
4.545     3.0       
4.85      4.0       
5.161     1.0       
5.474     2.0       
5.774     3.0       
6.082     4.0       
6.381     1.0       
6.697     2.0       
7.021     3.0       
7.331     4.0       
7.633     1.0       
7.932     2.0       
8.236     3.0       
8.543     4.0       
8.845     1.0       
9.169     2.0       
9.483     3.0       
9.812     4.0       
10.116    1.0       
10.43     2.0       
10.732    3.0       
11.05     4.0       
11.363    1.0       
11.691    2.0       
12.021    3.0       
12.346    4.0       
12.65     1.0       
12.972    2.0       
13.291    3.0       
13.612    4.0       
13.935    1.0       
14.251    2.0       
14.579    3.0       
14.885    4.0       
15.212    1.0       
15.516    2.0       
15.844    3.0       
16.142    4.0       
16.47     5.0       
16.8      1.0       
17.099    2.0       
17.397    3.0       
17.698    4.0       
18.014    5.0       
18.344    1.0       
18.664    2.0       
18.966    3.0       
19.272    4.0       
19.586    5.0       
19.916    1.0       
20.233    2.0       
20.549    3.0       
20.868    4.0       
21.184    5.0       
21.49     1.0       
21.802    2.0       
22.106    3.0       
22.428    4.0       
22.751    5.0       
23.056    1.0       
23.368    2.0       
23.696    3.0       
23.999    4.0       
24.322    5.0       
24.621    1.0       
24.939    2.0       
25.253    3.0       
25.577    4.0       
25.881    5.0       
26.179    1.0       
26.505    2.0       
26.829    3.0       
27.149    4.0       
27.461    5.0       
27.79     1.0       
28.103    2.0       
28.432    3.0       
28.75     4.0       
29.063    5.0       
29.366    1.0       
29.664    2.0       
29.989    3.0       
30.305    4.0       
30.612    5.0       
30.923    1.0       
31.238    2.0       
31.56     3.0       
31.884    4.0       
32.187    5.0       
32.495    1.0       
32.814    2.0       
33.127    3.0       
33.447    4.0       
33.749    5.0       
34.07     1.0       
34.384    2.0       
34.704    3.0       
35.033    4.0       
35.35     5.0       
35.655    1.0       
35.954    2.0       
36.278    3.0       
36.593    4.0       
36.895    5.0       
37.22     1.0       
37.534    2.0       
37.848    3.0       
38.177    4.0       
38.485    5.0       
38.814    1.0       
39.135    2.0       
39.447    3.0       
39.767    4.0       
40.082    5.0       
40.383    1.0       
40.692    2.0       
41.013    3.0       
41.327    4.0       
41.642    5.0       
41.96     1.0       
42.272    2.0       
42.585    3.0       
42.915    4.0       
43.228    5.0       
43.533    1.0       
43.85     2.0       
44.154    3.0       
44.462    4.0       
44.782    5.0       
45.091    1.0       
45.391    2.0       
45.689    3.0       
45.987    4.0       
46.305    5.0       
46.625    1.0       
46.934    2.0       
47.263    3.0       
47.575    4.0       
47.888    5.0       
48.187    1.0       
48.498    2.0       
48.813    3.0       
49.128    4.0       
49.444    5.0       
49.744    1.0       
50.044    2.0       
50.345    3.0       
50.643    4.0       
50.973    5.0       
51.286    1.0       
51.589    2.0       
51.908    3.0       
52.236    4.0       
52.558    5.0       
