0.104     1.0       
0.311     2.0       
0.53      3.0       
0.739     4.0       
0.944     1.0       
1.156     2.0       
1.362     3.0       
1.57      4.0       
1.789     1.0       
1.999     2.0       
2.218     3.0       
2.43      4.0       
2.63      1.0       
2.853     2.0       
3.077     3.0       
3.304     4.0       
3.52      1.0       
3.72      2.0       
3.945     3.0       
4.144     4.0       
4.371     1.0       
4.58      2.0       
4.796     3.0       
5.025     4.0       
5.249     1.0       
5.469     2.0       
5.678     3.0       
5.901     4.0       
6.124     1.0       
6.336     2.0       
6.542     3.0       
6.769     4.0       
6.996     1.0       
7.212     2.0       
7.411     3.0       
7.625     4.0       
7.826     1.0       
8.053     2.0       
8.267     3.0       
8.481     4.0       
8.681     1.0       
8.895     2.0       
9.11      3.0       
9.338     4.0       
9.561     1.0       
9.766     2.0       
9.992     3.0       
10.196    4.0       
10.396    1.0       
10.618    2.0       
10.833    3.0       
11.061    4.0       
11.291    1.0       
11.502    2.0       
11.723    3.0       
11.932    4.0       
12.131    1.0       
12.339    2.0       
12.551    3.0       
12.771    4.0       
12.987    1.0       
13.197    2.0       
13.426    3.0       
13.64     4.0       
13.867    1.0       
14.077    2.0       
14.292    3.0       
14.503    4.0       
14.722    1.0       
14.92     2.0       
15.144    3.0       
15.344    4.0       
15.56     1.0       
15.77     2.0       
15.979    3.0       
16.192    4.0       
16.395    1.0       
16.611    2.0       
16.822    3.0       
17.036    4.0       
17.238    1.0       
17.458    2.0       
17.67     3.0       
17.879    4.0       
18.082    1.0       
18.305    2.0       
18.512    3.0       
18.733    4.0       
18.946    1.0       
19.155    2.0       
19.363    3.0       
19.589    4.0       
19.804    1.0       
20.023    2.0       
20.223    3.0       
20.443    4.0       
20.643    1.0       
20.867    2.0       
21.065    3.0       
21.266    4.0       
21.47     5.0       
21.668    1.0       
21.882    2.0       
22.098    3.0       
22.305    4.0       
22.533    5.0       
22.753    1.0       
22.958    2.0       
23.175    3.0       
23.392    4.0       
23.604    5.0       
23.828    1.0       
24.028    2.0       
24.229    3.0       
24.428    4.0       
24.652    5.0       
24.87     1.0       
25.069    2.0       
25.29     3.0       
25.491    4.0       
25.694    5.0       
25.92     1.0       
26.122    2.0       
26.334    3.0       
26.554    4.0       
26.754    5.0       
26.953    1.0       
27.165    2.0       
27.363    3.0       
27.561    4.0       
27.784    5.0       
27.986    1.0       
28.214    2.0       
28.437    3.0       
28.655    4.0       
28.854    5.0       
29.079    1.0       
29.281    2.0       
29.493    3.0       
29.705    4.0       
29.935    5.0       
30.135    1.0       
30.335    2.0       
30.561    3.0       
30.77     4.0       
30.977    5.0       
31.176    1.0       
31.387    2.0       
31.61     3.0       
31.811    4.0       
32.019    5.0       
32.239    1.0       
32.467    2.0       
32.688    3.0       
32.897    4.0       
33.111    5.0       
33.321    1.0       
33.533    2.0       
33.734    3.0       
33.947    4.0       
34.173    5.0       
34.381    1.0       
34.579    2.0       
34.794    3.0       
35.023    4.0       
35.223    5.0       
35.433    1.0       
35.645    2.0       
35.854    3.0       
36.079    4.0       
36.294    5.0       
36.51     1.0       
36.708    2.0       
36.925    3.0       
37.141    4.0       
37.371    5.0       
