0.182     1.0       
0.48      2.0       
0.785     3.0       
1.068     4.0       
1.35      1.0       
1.656     2.0       
1.936     3.0       
2.216     4.0       
2.51      1.0       
2.795     2.0       
3.079     3.0       
3.38      4.0       
3.69      1.0       
3.977     2.0       
4.286     3.0       
4.58      4.0       
4.886     1.0       
5.193     2.0       
5.487     3.0       
5.781     4.0       
6.066     1.0       
6.353     2.0       
6.644     3.0       
6.949     4.0       
7.235     1.0       
7.524     2.0       
7.832     3.0       
8.12      4.0       
8.402     1.0       
8.684     2.0       
8.987     3.0       
9.283     4.0       
9.561     1.0       
9.845     2.0       
10.143    3.0       
10.44     4.0       
10.74     5.0       
11.03     1.0       
11.31     2.0       
11.593    3.0       
11.883    4.0       
12.164    5.0       
12.448    1.0       
12.735    2.0       
13.03     3.0       
13.327    4.0       
13.613    5.0       
13.914    1.0       
14.198    2.0       
14.483    3.0       
14.783    4.0       
15.072    5.0       
15.368    1.0       
15.663    2.0       
15.972    3.0       
16.263    4.0       
16.56     5.0       
16.862    1.0       
17.159    2.0       
17.444    3.0       
17.75     4.0       
18.052    5.0       
18.35     1.0       
18.649    2.0       
18.959    3.0       
19.256    4.0       
19.545    5.0       
19.843    1.0       
20.139    2.0       
20.447    3.0       
20.739    4.0       
21.032    5.0       
