0.249     1.0       
0.443     2.0       
0.66      3.0       
0.854     4.0       
1.054     1.0       
1.259     2.0       
1.452     3.0       
1.644     4.0       
1.853     1.0       
2.072     2.0       
2.275     3.0       
2.487     4.0       
2.691     1.0       
2.889     2.0       
3.096     3.0       
3.306     4.0       
3.508     1.0       
3.728     2.0       
3.943     3.0       
4.159     4.0       
4.363     1.0       
4.575     2.0       
4.791     3.0       
4.982     4.0       
5.185     1.0       
5.377     2.0       
5.569     3.0       
5.767     4.0       
5.982     1.0       
6.195     2.0       
6.396     3.0       
6.6       4.0       
6.81      1.0       
7.024     2.0       
7.232     3.0       
7.428     4.0       
7.635     1.0       
7.826     2.0       
8.032     3.0       
8.247     4.0       
8.468     1.0       
8.662     2.0       
8.86      3.0       
9.055     4.0       
9.25      1.0       
9.453     2.0       
9.657     3.0       
9.847     4.0       
10.068    1.0       
10.262    2.0       
10.47     3.0       
10.683    4.0       
10.9      1.0       
11.092    2.0       
11.302    3.0       
11.519    4.0       
11.72     1.0       
11.93     2.0       
12.131    3.0       
12.343    4.0       
12.548    1.0       
12.757    2.0       
12.975    3.0       
13.19     4.0       
13.408    1.0       
13.6      2.0       
13.812    3.0       
14.003    4.0       
14.209    1.0       
14.406    2.0       
14.604    3.0       
14.798    4.0       
15.015    1.0       
15.233    2.0       
15.455    3.0       
15.645    4.0       
15.838    1.0       
16.034    2.0       
16.251    3.0       
16.454    4.0       
16.651    1.0       
16.868    2.0       
17.072    3.0       
17.268    4.0       
17.462    1.0       
17.658    2.0       
17.869    3.0       
18.062    4.0       
18.269    1.0       
18.471    2.0       
18.693    3.0       
18.915    4.0       
19.124    1.0       
19.331    2.0       
19.526    3.0       
19.732    4.0       
19.949    1.0       
20.147    2.0       
20.363    3.0       
20.578    4.0       
20.773    5.0       
20.982    1.0       
21.18     2.0       
21.395    3.0       
21.617    4.0       
21.836    5.0       
22.054    1.0       
22.266    2.0       
22.471    3.0       
22.674    4.0       
22.88     5.0       
23.07     1.0       
23.27     2.0       
23.489    3.0       
23.708    4.0       
23.919    5.0       
24.132    1.0       
24.328    2.0       
24.548    3.0       
24.765    4.0       
24.955    5.0       
25.168    1.0       
25.362    2.0       
25.571    3.0       
25.784    4.0       
25.979    5.0       
26.176    1.0       
26.367    2.0       
26.584    3.0       
26.8      4.0       
26.99     5.0       
27.204    1.0       
27.411    2.0       
27.604    3.0       
27.8      4.0       
28.001    5.0       
28.203    1.0       
28.409    2.0       
28.619    3.0       
28.836    4.0       
29.026    5.0       
29.23     1.0       
29.45     2.0       
29.646    3.0       
29.849    4.0       
30.046    5.0       
30.253    1.0       
30.454    2.0       
30.65     3.0       
30.87     4.0       
31.061    5.0       
31.264    1.0       
31.476    2.0       
31.673    3.0       
31.883    4.0       
32.096    5.0       
