0.156     1.0       
0.446     2.0       
0.743     3.0       
1.05      4.0       
1.337     1.0       
1.654     2.0       
1.972     3.0       
2.286     4.0       
2.573     1.0       
2.87      2.0       
3.181     3.0       
3.468     4.0       
3.783     1.0       
4.074     2.0       
4.365     3.0       
4.678     4.0       
4.987     1.0       
5.305     2.0       
5.602     3.0       
5.904     4.0       
6.196     1.0       
6.503     2.0       
6.792     3.0       
7.093     4.0       
7.411     1.0       
7.729     2.0       
8.016     3.0       
8.318     4.0       
8.604     1.0       
8.896     2.0       
9.191     3.0       
9.498     4.0       
9.786     1.0       
10.077    2.0       
10.374    3.0       
10.669    4.0       
10.978    1.0       
11.274    2.0       
11.588    3.0       
11.888    4.0       
12.191    1.0       
12.503    2.0       
12.82     3.0       
13.128    4.0       
13.424    1.0       
13.738    2.0       
14.046    3.0       
14.342    4.0       
14.645    1.0       
14.935    2.0       
15.231    3.0       
15.547    4.0       
15.858    1.0       
16.144    2.0       
16.455    3.0       
16.77     4.0       
17.077    1.0       
17.368    2.0       
17.682    3.0       
17.986    4.0       
18.304    1.0       
18.6      2.0       
18.898    3.0       
19.204    4.0       
19.495    1.0       
19.783    2.0       
20.084    3.0       
20.397    4.0       
20.696    1.0       
20.996    2.0       
21.284    3.0       
21.591    4.0       
21.885    1.0       
22.187    2.0       
22.49     3.0       
22.805    4.0       
23.107    1.0       
23.408    2.0       
23.705    3.0       
23.997    4.0       
24.293    1.0       
24.599    2.0       
24.898    3.0       
25.21     4.0       
25.511    1.0       
25.799    2.0       
26.086    3.0       
26.389    4.0       
26.687    1.0       
26.999    2.0       
27.292    3.0       
27.579    4.0       
27.865    1.0       
28.16     2.0       
28.451    3.0       
28.762    4.0       
29.056    1.0       
29.372    2.0       
29.683    3.0       
30.001    4.0       
30.307    1.0       
30.625    2.0       
30.929    3.0       
31.231    4.0       
31.52     1.0       
31.811    2.0       
32.108    3.0       
32.417    4.0       
32.713    1.0       
33.019    2.0       
33.306    3.0       
33.622    4.0       
33.935    1.0       
34.223    2.0       
34.509    3.0       
34.824    4.0       
35.128    5.0       
35.418    1.0       
35.733    2.0       
36.027    3.0       
36.341    4.0       
36.644    5.0       
36.951    1.0       
37.242    2.0       
37.549    3.0       
37.861    4.0       
38.176    5.0       
38.491    1.0       
38.78     2.0       
39.092    3.0       
39.405    4.0       
39.693    5.0       
39.988    1.0       
40.286    2.0       
40.573    3.0       
40.889    4.0       
41.207    5.0       
41.508    1.0       
41.823    2.0       
42.136    3.0       
42.43     4.0       
42.732    5.0       
43.04     1.0       
43.353    2.0       
43.658    3.0       
43.946    4.0       
44.243    5.0       
44.541    1.0       
44.85     2.0       
45.156    3.0       
45.454    4.0       
45.757    5.0       
46.049    1.0       
46.336    2.0       
46.643    3.0       
46.936    4.0       
47.237    5.0       
47.553    1.0       
47.842    2.0       
48.147    3.0       
48.434    4.0       
48.721    5.0       
49.018    1.0       
49.326    2.0       
49.642    3.0       
49.935    4.0       
50.222    5.0       
50.509    1.0       
50.804    2.0       
51.109    3.0       
51.398    4.0       
51.715    5.0       
52.022    1.0       
52.34     2.0       
52.647    3.0       
52.965    4.0       
53.283    5.0       
53.598    1.0       
53.897    2.0       
54.212    3.0       
54.517    4.0       
54.812    5.0       
55.127    1.0       
55.416    2.0       
55.703    3.0       
55.999    4.0       
56.298    5.0       
56.603    1.0       
56.895    2.0       
57.197    3.0       
57.485    4.0       
57.785    5.0       
