0.148     1.0       
0.372     2.0       
0.578     3.0       
0.788     4.0       
0.989     1.0       
1.2       2.0       
1.427     3.0       
1.624     4.0       
1.837     1.0       
2.046     2.0       
2.275     3.0       
2.493     4.0       
2.707     1.0       
2.904     2.0       
3.121     3.0       
3.33      4.0       
3.534     1.0       
3.748     2.0       
3.952     3.0       
4.18      4.0       
4.409     1.0       
4.621     2.0       
4.839     3.0       
5.037     4.0       
5.256     1.0       
5.485     2.0       
5.69      3.0       
5.892     4.0       
6.115     1.0       
6.327     2.0       
6.524     3.0       
6.753     4.0       
6.967     1.0       
7.179     2.0       
7.38      3.0       
7.602     4.0       
7.809     5.0       
8.017     1.0       
8.218     2.0       
8.423     3.0       
8.652     4.0       
8.865     5.0       
9.085     1.0       
9.291     2.0       
9.508     3.0       
9.721     4.0       
9.941     5.0       
10.155    1.0       
10.354    2.0       
10.552    3.0       
10.768    4.0       
10.969    5.0       
11.172    1.0       
11.376    2.0       
11.584    3.0       
11.786    4.0       
11.983    5.0       
12.208    1.0       
12.426    2.0       
12.647    3.0       
12.865    4.0       
13.09     5.0       
13.293    1.0       
13.509    2.0       
13.723    3.0       
13.932    4.0       
14.151    5.0       
14.357    1.0       
14.57     2.0       
14.781    3.0       
14.981    4.0       
15.194    5.0       
15.393    1.0       
15.618    2.0       
15.827    3.0       
16.047    4.0       
16.254    5.0       
16.479    1.0       
16.689    2.0       
16.887    3.0       
17.085    4.0       
17.293    5.0       
17.5      1.0       
17.711    2.0       
17.931    3.0       
18.145    4.0       
18.349    5.0       
18.566    1.0       
18.763    2.0       
18.989    3.0       
19.215    4.0       
19.418    5.0       
19.618    1.0       
19.833    2.0       
20.04     3.0       
20.269    4.0       
20.48     5.0       
20.679    1.0       
20.907    2.0       
21.123    3.0       
21.338    4.0       
21.542    5.0       
21.744    1.0       
21.944    2.0       
22.166    3.0       
22.366    4.0       
22.574    5.0       
22.801    1.0       
23.0      2.0       
23.229    3.0       
23.442    4.0       
23.65     5.0       
23.868    1.0       
24.072    2.0       
24.271    3.0       
24.476    4.0       
24.687    5.0       
24.891    1.0       
25.097    2.0       
25.298    3.0       
25.496    4.0       
25.724    5.0       
25.952    1.0       
26.16     2.0       
26.371    3.0       
26.586    4.0       
26.814    5.0       
27.028    1.0       
27.232    2.0       
27.441    3.0       
27.642    4.0       
27.871    5.0       
28.081    1.0       
28.308    2.0       
28.51     3.0       
28.71     4.0       
28.911    5.0       
29.122    1.0       
29.349    2.0       
29.555    3.0       
29.758    4.0       
29.967    5.0       
30.19     1.0       
30.39     2.0       
30.603    3.0       
30.807    4.0       
31.018    5.0       
31.22     1.0       
31.439    2.0       
31.648    3.0       
31.863    4.0       
32.082    5.0       
32.289    1.0       
32.494    2.0       
32.698    3.0       
32.898    4.0       
33.127    5.0       
33.347    1.0       
33.575    2.0       
33.773    3.0       
33.987    4.0       
34.202    5.0       
34.41     1.0       
34.617    2.0       
34.845    3.0       
35.058    4.0       
35.26     5.0       
35.486    1.0       
35.71     2.0       
35.939    3.0       
36.16     4.0       
36.377    5.0       
36.599    1.0       
36.815    2.0       
37.03     3.0       
37.255    4.0       
37.455    5.0       
37.662    1.0       
37.877    2.0       
38.1      3.0       
38.297    4.0       
38.498    5.0       
38.711    1.0       
38.939    2.0       
39.167    3.0       
39.39     4.0       
39.591    5.0       
39.809    1.0       
40.023    2.0       
40.233    3.0       
40.439    4.0       
40.65     5.0       
