0.286     1.0       
0.529     2.0       
0.79      3.0       
1.057     4.0       
1.317     1.0       
1.589     2.0       
1.86      3.0       
2.106     4.0       
2.379     1.0       
2.624     2.0       
2.886     3.0       
3.127     4.0       
3.37      1.0       
3.611     2.0       
3.878     3.0       
4.134     4.0       
4.383     1.0       
4.649     2.0       
4.892     3.0       
5.16      4.0       
5.407     1.0       
5.679     2.0       
5.921     3.0       
6.172     4.0       
6.419     1.0       
6.666     2.0       
6.91      3.0       
7.157     4.0       
7.412     1.0       
7.668     2.0       
7.924     3.0       
8.166     4.0       
8.416     1.0       
8.676     2.0       
8.943     3.0       
9.211     4.0       
9.464     1.0       
9.714     2.0       
9.987     3.0       
10.237    4.0       
10.485    1.0       
10.748    2.0       
11.021    3.0       
11.291    4.0       
11.551    1.0       
11.795    2.0       
12.057    3.0       
12.301    4.0       
12.562    1.0       
12.817    2.0       
13.059    3.0       
13.314    4.0       
13.564    5.0       
13.827    1.0       
14.092    2.0       
14.364    3.0       
14.625    4.0       
14.89     5.0       
15.162    1.0       
15.413    2.0       
15.677    3.0       
15.944    4.0       
16.201    5.0       
16.457    1.0       
16.708    2.0       
16.951    3.0       
17.206    4.0       
17.463    5.0       
17.712    1.0       
17.97     2.0       
18.241    3.0       
18.503    4.0       
18.775    5.0       
19.041    1.0       
19.303    2.0       
19.553    3.0       
19.821    4.0       
20.087    5.0       
20.345    1.0       
20.61     2.0       
20.869    3.0       
21.14     4.0       
21.383    5.0       
21.639    1.0       
21.881    2.0       
22.137    3.0       
22.383    4.0       
22.643    5.0       
22.893    1.0       
23.151    2.0       
23.413    3.0       
23.676    4.0       
23.938    5.0       
24.2      1.0       
24.46     2.0       
24.726    3.0       
24.997    4.0       
25.258    5.0       
25.517    1.0       
25.778    2.0       
26.032    3.0       
26.282    4.0       
26.549    5.0       
26.808    1.0       
27.05     2.0       
27.312    3.0       
27.565    4.0       
27.822    5.0       
28.068    1.0       
28.317    2.0       
28.565    3.0       
28.836    4.0       
29.092    5.0       
29.334    1.0       
29.604    2.0       
29.859    3.0       
30.119    4.0       
30.386    5.0       
30.629    1.0       
30.888    2.0       
31.138    3.0       
31.386    4.0       
31.648    5.0       
31.907    1.0       
32.151    2.0       
32.417    3.0       
32.666    4.0       
32.937    5.0       
