0.22      1.0       
0.464     2.0       
0.706     3.0       
0.965     4.0       
1.21      1.0       
1.454     2.0       
1.724     3.0       
1.997     4.0       
2.249     1.0       
2.51      2.0       
2.753     3.0       
2.998     4.0       
3.265     1.0       
3.508     2.0       
3.767     3.0       
4.034     4.0       
4.302     1.0       
4.544     2.0       
4.793     3.0       
5.043     4.0       
5.313     1.0       
5.582     2.0       
5.849     3.0       
6.092     4.0       
6.346     1.0       
6.613     2.0       
6.874     3.0       
7.144     4.0       
7.396     1.0       
7.658     2.0       
7.916     3.0       
8.158     4.0       
8.405     1.0       
8.654     2.0       
8.899     3.0       
9.156     4.0       
9.421     1.0       
9.685     2.0       
9.952     3.0       
10.222    4.0       
10.492    1.0       
10.757    2.0       
11.003    3.0       
11.275    4.0       
11.535    1.0       
11.794    2.0       
12.046    3.0       
12.32     4.0       
12.569    1.0       
12.835    2.0       
13.087    3.0       
13.336    4.0       
13.586    1.0       
13.831    2.0       
14.097    3.0       
14.356    4.0       
14.608    1.0       
14.875    2.0       
15.127    3.0       
15.401    4.0       
15.661    1.0       
15.907    2.0       
16.164    3.0       
16.438    4.0       
16.681    1.0       
16.932    2.0       
17.201    3.0       
17.475    4.0       
17.736    1.0       
17.996    2.0       
18.27     3.0       
18.536    4.0       
18.804    1.0       
19.074    2.0       
19.34     3.0       
19.613    4.0       
19.861    1.0       
20.112    2.0       
20.367    3.0       
20.615    4.0       
20.866    1.0       
21.115    2.0       
21.384    3.0       
21.63     4.0       
21.879    5.0       
22.13     1.0       
22.376    2.0       
22.639    3.0       
22.882    4.0       
23.152    5.0       
23.424    1.0       
23.677    2.0       
23.919    3.0       
24.172    4.0       
24.42     5.0       
24.693    1.0       
24.96     2.0       
25.23     3.0       
25.49     4.0       
25.75     5.0       
25.995    1.0       
26.258    2.0       
26.528    3.0       
26.774    4.0       
27.034    5.0       
27.304    1.0       
27.547    2.0       
27.811    3.0       
28.058    4.0       
28.321    5.0       
28.578    1.0       
28.825    2.0       
29.072    3.0       
29.324    4.0       
29.592    5.0       
29.839    1.0       
30.093    2.0       
30.364    3.0       
30.619    4.0       
30.865    5.0       
31.119    1.0       
31.386    2.0       
31.652    3.0       
31.898    4.0       
32.148    5.0       
32.403    1.0       
32.674    2.0       
32.923    3.0       
33.196    4.0       
33.448    5.0       
33.715    1.0       
33.972    2.0       
34.234    3.0       
34.488    4.0       
34.762    5.0       
35.026    1.0       
35.277    2.0       
35.544    3.0       
35.791    4.0       
36.058    5.0       
36.329    1.0       
36.585    2.0       
36.85     3.0       
37.112    4.0       
37.362    5.0       
37.626    1.0       
37.874    2.0       
38.137    3.0       
38.39     4.0       
38.661    5.0       
38.922    1.0       
39.173    2.0       
39.416    3.0       
39.668    4.0       
39.919    5.0       
40.182    1.0       
40.441    2.0       
40.711    3.0       
40.968    4.0       
41.214    5.0       
41.488    1.0       
41.76     2.0       
42.02     3.0       
42.274    4.0       
42.524    5.0       
42.777    1.0       
43.025    2.0       
43.278    3.0       
43.531    4.0       
43.792    5.0       
44.063    1.0       
44.311    2.0       
44.584    3.0       
44.852    4.0       
45.097    5.0       
45.365    1.0       
45.61     2.0       
45.868    3.0       
46.113    4.0       
46.381    5.0       
46.65     1.0       
46.894    2.0       
47.163    3.0       
47.422    4.0       
47.676    5.0       
47.939    1.0       
48.205    2.0       
48.447    3.0       
48.703    4.0       
48.947    5.0       
49.206    1.0       
49.458    2.0       
49.705    3.0       
49.975    4.0       
50.243    5.0       
50.512    1.0       
50.757    2.0       
51.007    3.0       
51.252    4.0       
51.522    5.0       
51.776    1.0       
52.022    2.0       
52.285    3.0       
52.557    4.0       
52.808    5.0       
53.075    1.0       
53.343    2.0       
53.603    3.0       
53.874    4.0       
54.127    5.0       
54.389    1.0       
54.643    2.0       
54.896    3.0       
55.157    4.0       
55.41     5.0       
55.678    1.0       
55.934    2.0       
56.207    3.0       
56.469    4.0       
56.737    5.0       
56.991    1.0       
57.265    2.0       
57.526    3.0       
57.8      4.0       
58.069    5.0       
58.334    1.0       
58.608    2.0       
58.868    3.0       
59.123    4.0       
59.387    5.0       
59.657    1.0       
59.922    2.0       
60.178    3.0       
60.448    4.0       
60.699    5.0       
60.947    1.0       
61.209    2.0       
61.473    3.0       
61.717    4.0       
61.96     5.0       
