0.28      1.0       
0.529     2.0       
0.788     3.0       
1.038     4.0       
1.289     1.0       
1.536     2.0       
1.784     3.0       
2.027     4.0       
2.293     1.0       
2.56      2.0       
2.804     3.0       
3.043     4.0       
3.281     1.0       
3.526     2.0       
3.794     3.0       
4.037     4.0       
4.302     1.0       
4.546     2.0       
4.784     3.0       
5.037     4.0       
5.303     1.0       
5.541     2.0       
5.781     3.0       
6.031     4.0       
6.296     1.0       
6.536     2.0       
6.801     3.0       
7.067     4.0       
7.327     1.0       
7.581     2.0       
7.818     3.0       
8.07      4.0       
8.334     1.0       
8.579     2.0       
8.842     3.0       
9.09      4.0       
9.357     1.0       
9.594     2.0       
9.86      3.0       
10.11     4.0       
10.364    1.0       
10.617    2.0       
10.876    3.0       
11.133    4.0       
11.395    1.0       
11.634    2.0       
11.882    3.0       
12.13     4.0       
12.397    1.0       
12.635    2.0       
12.895    3.0       
13.143    4.0       
13.397    1.0       
13.651    2.0       
13.895    3.0       
14.16     4.0       
14.425    1.0       
14.684    2.0       
14.933    3.0       
15.193    4.0       
15.435    1.0       
15.69     2.0       
15.926    3.0       
16.165    4.0       
16.42     1.0       
16.679    2.0       
16.947    3.0       
17.19     4.0       
17.455    1.0       
17.704    2.0       
17.943    3.0       
18.179    4.0       
18.422    1.0       
18.673    2.0       
18.912    3.0       
19.174    4.0       
19.436    1.0       
19.704    2.0       
19.963    3.0       
20.217    4.0       
20.485    1.0       
20.733    2.0       
20.975    3.0       
21.212    4.0       
21.466    1.0       
21.73     2.0       
21.966    3.0       
22.209    4.0       
22.472    1.0       
22.714    2.0       
22.953    3.0       
23.192    4.0       
23.435    1.0       
23.674    2.0       
23.918    3.0       
24.18     4.0       
24.448    1.0       
24.713    2.0       
24.976    3.0       
25.228    4.0       
25.471    5.0       
25.714    1.0       
25.976    2.0       
26.233    3.0       
26.472    4.0       
26.74     5.0       
26.982    1.0       
27.226    2.0       
27.469    3.0       
27.727    4.0       
27.991    5.0       
28.251    1.0       
28.489    2.0       
28.725    3.0       
28.991    4.0       
29.257    5.0       
29.511    1.0       
29.77     2.0       
30.007    3.0       
30.258    4.0       
30.499    5.0       
30.765    1.0       
31.012    2.0       
31.253    3.0       
31.497    4.0       
31.746    5.0       
32.005    1.0       
32.271    2.0       
32.514    3.0       
32.771    4.0       
33.018    5.0       
33.272    1.0       
33.511    2.0       
33.767    3.0       
34.016    4.0       
34.278    5.0       
