0.189     1.0       
0.489     2.0       
0.793     3.0       
1.102     4.0       
1.39      1.0       
1.684     2.0       
1.969     3.0       
2.27      4.0       
2.553     1.0       
2.854     2.0       
3.136     3.0       
3.433     4.0       
3.736     1.0       
4.019     2.0       
4.32      3.0       
4.63      4.0       
4.93      1.0       
5.227     2.0       
5.515     3.0       
5.796     4.0       
6.083     1.0       
6.377     2.0       
6.67      3.0       
6.952     4.0       
7.24      1.0       
7.526     2.0       
7.825     3.0       
8.109     4.0       
8.388     1.0       
8.672     2.0       
8.979     3.0       
9.268     4.0       
9.562     1.0       
9.852     2.0       
10.14     3.0       
10.44     4.0       
10.74     1.0       
11.042    2.0       
11.333    3.0       
11.636    4.0       
11.921    1.0       
12.21     2.0       
12.494    3.0       
12.805    4.0       
13.098    1.0       
13.395    2.0       
13.689    3.0       
13.978    4.0       
14.28     1.0       
14.577    2.0       
14.884    3.0       
15.184    4.0       
15.493    1.0       
15.772    2.0       
16.061    3.0       
16.367    4.0       
16.663    1.0       
16.97     2.0       
17.267    3.0       
17.575    4.0       
17.878    1.0       
18.174    2.0       
18.475    3.0       
18.783    4.0       
19.075    1.0       
19.385    2.0       
19.686    3.0       
19.977    4.0       
20.263    1.0       
20.548    2.0       
20.85     3.0       
21.15     4.0       
21.434    1.0       
21.726    2.0       
22.008    3.0       
22.318    4.0       
22.628    1.0       
22.93     2.0       
23.213    3.0       
23.516    4.0       
23.811    1.0       
24.103    2.0       
24.413    3.0       
24.723    4.0       
25.01     1.0       
25.296    2.0       
25.604    3.0       
25.905    4.0       
26.215    1.0       
26.523    2.0       
26.811    3.0       
27.104    4.0       
27.409    1.0       
27.717    2.0       
28.005    3.0       
28.293    4.0       
28.581    1.0       
28.871    2.0       
29.161    3.0       
29.464    4.0       
29.746    1.0       
30.04     2.0       
30.34     3.0       
30.648    4.0       
30.95     1.0       
31.254    2.0       
31.546    3.0       
31.834    4.0       
32.137    1.0       
32.42     2.0       
32.729    3.0       
33.038    4.0       
33.335    1.0       
33.641    2.0       
33.944    3.0       
34.235    4.0       
34.531    5.0       
34.833    1.0       
35.121    2.0       
35.431    3.0       
35.736    4.0       
36.032    5.0       
36.316    1.0       
36.607    2.0       
36.914    3.0       
37.219    4.0       
37.515    5.0       
37.8      1.0       
38.081    2.0       
38.373    3.0       
38.654    4.0       
38.964    5.0       
39.246    1.0       
39.527    2.0       
39.826    3.0       
40.131    4.0       
40.424    5.0       
40.705    1.0       
40.991    2.0       
41.294    3.0       
41.587    4.0       
41.879    5.0       
42.184    1.0       
42.478    2.0       
42.77     3.0       
43.081    4.0       
43.385    5.0       
43.689    1.0       
43.984    2.0       
44.283    3.0       
44.562    4.0       
44.848    5.0       
45.158    1.0       
45.461    2.0       
45.754    3.0       
46.046    4.0       
46.328    5.0       
46.638    1.0       
46.929    2.0       
47.228    3.0       
47.536    4.0       
47.843    5.0       
48.154    1.0       
48.444    2.0       
48.738    3.0       
49.041    4.0       
49.339    5.0       
49.638    1.0       
49.946    2.0       
50.253    3.0       
50.533    4.0       
50.813    5.0       
51.119    1.0       
51.424    2.0       
51.709    3.0       
51.99     4.0       
52.274    5.0       
52.557    1.0       
52.86     2.0       
53.149    3.0       
53.45     4.0       
53.756    5.0       
54.057    1.0       
54.368    2.0       
54.663    3.0       
54.974    4.0       
55.283    5.0       
55.577    1.0       
55.886    2.0       
56.186    3.0       
56.465    4.0       
56.766    5.0       
57.075    1.0       
57.357    2.0       
57.658    3.0       
57.944    4.0       
58.234    5.0       
58.514    1.0       
58.799    2.0       
59.104    3.0       
59.4      4.0       
59.71     5.0       
60.009    1.0       
60.315    2.0       
60.6      3.0       
60.88     4.0       
61.173    5.0       
61.469    1.0       
61.763    2.0       
62.062    3.0       
62.345    4.0       
62.639    5.0       
62.918    1.0       
63.229    2.0       
63.514    3.0       
63.824    4.0       
64.103    5.0       
64.389    1.0       
64.682    2.0       
64.967    3.0       
65.268    4.0       
65.576    5.0       
65.874    1.0       
66.156    2.0       
66.449    3.0       
66.743    4.0       
67.033    5.0       
67.314    1.0       
67.608    2.0       
67.914    3.0       
68.207    4.0       
68.487    5.0       
