0.146     1.0       
0.371     2.0       
0.604     3.0       
0.851     4.0       
1.083     1.0       
1.318     2.0       
1.547     3.0       
1.773     4.0       
2.014     1.0       
2.262     2.0       
2.492     3.0       
2.723     4.0       
2.971     1.0       
3.224     2.0       
3.459     3.0       
3.69      4.0       
3.928     1.0       
4.176     2.0       
4.414     3.0       
4.665     4.0       
4.915     1.0       
5.151     2.0       
5.402     3.0       
5.651     4.0       
5.899     1.0       
6.15      2.0       
6.374     3.0       
6.612     4.0       
6.857     1.0       
7.086     2.0       
7.331     3.0       
7.559     4.0       
7.786     1.0       
8.018     2.0       
8.243     3.0       
8.477     4.0       
8.728     5.0       
8.953     1.0       
9.178     2.0       
9.414     3.0       
9.659     4.0       
9.913     5.0       
10.147    1.0       
10.373    2.0       
10.596    3.0       
10.825    4.0       
11.069    5.0       
11.311    1.0       
11.565    2.0       
11.794    3.0       
12.019    4.0       
12.248    5.0       
12.472    1.0       
12.723    2.0       
12.951    3.0       
13.193    4.0       
13.428    5.0       
13.668    1.0       
13.908    2.0       
14.153    3.0       
14.402    4.0       
14.649    5.0       
14.898    1.0       
15.123    2.0       
15.366    3.0       
15.607    4.0       
15.861    5.0       
16.103    1.0       
16.355    2.0       
16.604    3.0       
16.853    4.0       
17.094    5.0       
