0.26      1.0       
0.471     2.0       
0.659     3.0       
0.849     4.0       
1.04      1.0       
1.238     2.0       
1.428     3.0       
1.637     4.0       
1.819     1.0       
2.005     2.0       
2.192     3.0       
2.395     4.0       
2.6       1.0       
2.808     2.0       
2.992     3.0       
3.176     4.0       
3.373     1.0       
3.577     2.0       
3.772     3.0       
3.967     4.0       
4.178     1.0       
4.364     2.0       
4.561     3.0       
4.746     4.0       
4.944     1.0       
5.139     2.0       
5.343     3.0       
5.53      4.0       
5.736     1.0       
5.921     2.0       
6.104     3.0       
6.315     4.0       
6.514     1.0       
6.712     2.0       
6.919     3.0       
7.128     4.0       
7.333     1.0       
7.53      2.0       
7.743     3.0       
7.938     4.0       
8.15      1.0       
8.356     2.0       
8.547     3.0       
8.732     4.0       
8.929     1.0       
9.125     2.0       
9.325     3.0       
9.506     4.0       
9.689     1.0       
9.882     2.0       
10.074    3.0       
10.264    4.0       
10.471    5.0       
10.684    1.0       
10.884    2.0       
11.091    3.0       
11.294    4.0       
11.487    5.0       
11.684    1.0       
11.891    2.0       
12.078    3.0       
12.272    4.0       
12.463    5.0       
12.647    1.0       
12.845    2.0       
13.056    3.0       
13.243    4.0       
13.435    5.0       
13.648    1.0       
13.845    2.0       
14.032    3.0       
14.215    4.0       
14.397    5.0       
14.6      1.0       
14.805    2.0       
15.008    3.0       
15.189    4.0       
15.386    5.0       
15.58     1.0       
15.783    2.0       
15.967    3.0       
16.157    4.0       
16.342    5.0       
16.524    1.0       
16.715    2.0       
16.913    3.0       
17.101    4.0       
17.296    5.0       
