0.112     1.0       
0.429     2.0       
0.756     3.0       
1.086     4.0       
1.415     1.0       
1.744     2.0       
2.067     3.0       
2.372     4.0       
2.679     1.0       
2.984     2.0       
3.287     3.0       
3.589     4.0       
3.908     1.0       
4.224     2.0       
4.549     3.0       
4.863     4.0       
5.191     1.0       
5.497     2.0       
5.825     3.0       
6.155     4.0       
6.476     1.0       
6.803     2.0       
7.111     3.0       
7.427     4.0       
7.731     1.0       
8.064     2.0       
8.383     3.0       
8.713     4.0       
9.04      1.0       
9.371     2.0       
9.685     3.0       
9.993     4.0       
10.31     1.0       
10.628    2.0       
10.959    3.0       
11.27     4.0       
11.585    5.0       
11.892    1.0       
12.208    2.0       
12.515    3.0       
12.83     4.0       
13.153    5.0       
13.481    1.0       
13.788    2.0       
14.09     3.0       
14.404    4.0       
14.727    5.0       
15.041    1.0       
15.361    2.0       
15.67     3.0       
15.992    4.0       
16.303    5.0       
16.607    1.0       
16.918    2.0       
17.224    3.0       
17.55     4.0       
17.855    5.0       
18.166    1.0       
18.491    2.0       
18.824    3.0       
19.132    4.0       
19.455    5.0       
19.776    1.0       
20.104    2.0       
20.435    3.0       
20.759    4.0       
21.069    5.0       
21.388    1.0       
21.708    2.0       
22.038    3.0       
22.352    4.0       
22.66     5.0       
22.982    1.0       
23.311    2.0       
23.626    3.0       
23.949    4.0       
24.254    5.0       
24.582    1.0       
24.898    2.0       
25.199    3.0       
25.513    4.0       
25.834    5.0       
26.144    1.0       
26.454    2.0       
26.763    3.0       
27.074    4.0       
27.394    5.0       
27.706    1.0       
28.011    2.0       
28.334    3.0       
28.65     4.0       
28.978    5.0       
29.279    1.0       
29.601    2.0       
29.916    3.0       
30.223    4.0       
30.545    5.0       
30.856    1.0       
31.165    2.0       
31.486    3.0       
31.818    4.0       
32.122    5.0       
32.439    1.0       
32.753    2.0       
33.074    3.0       
33.383    4.0       
33.706    5.0       
34.036    1.0       
34.337    2.0       
34.639    3.0       
34.971    4.0       
35.284    5.0       
35.597    1.0       
35.9      2.0       
36.21     3.0       
36.512    4.0       
36.82     5.0       
37.152    1.0       
37.48     2.0       
37.798    3.0       
38.128    4.0       
38.455    5.0       
38.766    1.0       
39.078    2.0       
39.406    3.0       
39.732    4.0       
40.044    5.0       
40.358    1.0       
40.679    2.0       
41.008    3.0       
41.314    4.0       
41.618    5.0       
