0.172     1.0       
0.388     2.0       
0.623     3.0       
0.857     4.0       
1.091     1.0       
1.301     2.0       
1.521     3.0       
1.745     4.0       
1.96      1.0       
2.186     2.0       
2.392     3.0       
2.629     4.0       
2.849     1.0       
3.059     2.0       
3.275     3.0       
3.51      4.0       
3.73      1.0       
3.953     2.0       
4.184     3.0       
4.395     4.0       
4.629     1.0       
4.836     2.0       
5.065     3.0       
5.274     4.0       
5.488     1.0       
5.71      2.0       
5.918     3.0       
6.132     4.0       
6.344     1.0       
6.556     2.0       
6.764     3.0       
7.0       4.0       
7.205     1.0       
7.414     2.0       
7.622     3.0       
7.838     4.0       
8.068     1.0       
8.305     2.0       
8.536     3.0       
8.758     4.0       
8.974     1.0       
9.192     2.0       
9.418     3.0       
9.645     4.0       
9.875     1.0       
10.11     2.0       
10.337    3.0       
10.556    4.0       
10.768    1.0       
11.001    2.0       
11.235    3.0       
11.466    4.0       
11.697    5.0       
11.923    1.0       
12.136    2.0       
12.353    3.0       
12.573    4.0       
12.784    5.0       
12.997    1.0       
13.211    2.0       
13.436    3.0       
13.67     4.0       
13.879    5.0       
14.116    1.0       
14.344    2.0       
14.578    3.0       
14.79     4.0       
15.002    5.0       
15.22     1.0       
15.445    2.0       
15.663    3.0       
15.875    4.0       
16.105    5.0       
16.319    1.0       
16.536    2.0       
16.761    3.0       
16.977    4.0       
17.184    5.0       
17.416    1.0       
17.651    2.0       
17.873    3.0       
18.09     4.0       
18.324    5.0       
18.54     1.0       
18.75     2.0       
18.967    3.0       
19.191    4.0       
19.407    5.0       
19.626    1.0       
19.862    2.0       
20.096    3.0       
20.304    4.0       
20.514    5.0       
20.747    1.0       
20.955    2.0       
21.162    3.0       
21.382    4.0       
21.606    5.0       
21.837    1.0       
22.061    2.0       
22.295    3.0       
22.515    4.0       
22.736    5.0       
22.944    1.0       
23.18     2.0       
23.394    3.0       
23.628    4.0       
23.846    5.0       
24.071    1.0       
24.288    2.0       
24.512    3.0       
24.733    4.0       
24.944    5.0       
25.161    1.0       
25.392    2.0       
25.601    3.0       
25.821    4.0       
26.045    5.0       
26.274    1.0       
26.489    2.0       
26.718    3.0       
26.935    4.0       
27.163    5.0       
27.398    1.0       
27.609    2.0       
27.829    3.0       
28.045    4.0       
28.251    5.0       
28.483    1.0       
28.711    2.0       
28.919    3.0       
29.148    4.0       
29.38     5.0       
29.616    1.0       
29.838    2.0       
30.068    3.0       
30.273    4.0       
30.502    5.0       
30.728    1.0       
30.956    2.0       
31.179    3.0       
31.394    4.0       
31.62     5.0       
31.838    1.0       
32.047    2.0       
32.264    3.0       
32.495    4.0       
32.728    5.0       
32.949    1.0       
33.16     2.0       
33.38     3.0       
33.613    4.0       
33.833    5.0       
34.054    1.0       
34.281    2.0       
34.507    3.0       
34.725    4.0       
34.936    5.0       
35.156    1.0       
35.363    2.0       
35.598    3.0       
35.832    4.0       
36.039    5.0       
36.273    1.0       
36.482    2.0       
36.718    3.0       
36.953    4.0       
37.179    5.0       
37.406    1.0       
37.623    2.0       
37.845    3.0       
38.08     4.0       
38.298    5.0       
38.534    1.0       
38.765    2.0       
38.998    3.0       
39.209    4.0       
39.444    5.0       
39.651    1.0       
39.866    2.0       
40.087    3.0       
40.311    4.0       
40.546    5.0       
40.765    1.0       
41.001    2.0       
41.211    3.0       
41.431    4.0       
41.655    5.0       
41.882    1.0       
42.115    2.0       
42.338    3.0       
42.549    4.0       
42.783    5.0       
42.991    1.0       
43.221    2.0       
43.426    3.0       
43.661    4.0       
43.892    5.0       
44.103    1.0       
44.34     2.0       
44.552    3.0       
44.788    4.0       
45.015    5.0       
45.246    1.0       
45.479    2.0       
45.71     3.0       
45.945    4.0       
46.17     5.0       
