0.133     1.0       
0.383     2.0       
0.632     3.0       
0.902     4.0       
1.174     1.0       
1.445     2.0       
1.696     3.0       
1.959     4.0       
2.205     1.0       
2.464     2.0       
2.72      3.0       
2.975     4.0       
3.246     1.0       
3.5       2.0       
3.747     3.0       
4.024     4.0       
4.276     1.0       
4.548     2.0       
4.804     3.0       
5.081     4.0       
5.357     1.0       
5.603     2.0       
5.87      3.0       
6.143     4.0       
6.42      1.0       
6.676     2.0       
6.933     3.0       
7.209     4.0       
7.455     1.0       
7.727     2.0       
8.001     3.0       
8.251     4.0       
8.514     1.0       
8.765     2.0       
9.016     3.0       
9.293     4.0       
9.54      1.0       
9.792     2.0       
10.044    3.0       
10.317    4.0       
10.592    1.0       
10.841    2.0       
11.093    3.0       
11.359    4.0       
11.632    1.0       
11.891    2.0       
12.166    3.0       
12.421    4.0       
12.691    1.0       
12.954    2.0       
13.206    3.0       
13.463    4.0       
13.737    5.0       
13.987    1.0       
14.257    2.0       
14.532    3.0       
14.783    4.0       
15.055    5.0       
15.314    1.0       
15.568    2.0       
15.83     3.0       
16.104    4.0       
16.376    5.0       
16.623    1.0       
16.901    2.0       
17.157    3.0       
17.435    4.0       
17.707    5.0       
17.973    1.0       
18.226    2.0       
18.494    3.0       
18.754    4.0       
19.001    5.0       
19.274    1.0       
19.547    2.0       
19.808    3.0       
20.065    4.0       
20.336    5.0       
20.593    1.0       
20.856    2.0       
21.113    3.0       
21.389    4.0       
21.659    5.0       
21.925    1.0       
22.203    2.0       
22.461    3.0       
22.735    4.0       
23.001    5.0       
