0.186     1.0       
0.377     2.0       
0.595     3.0       
0.809     4.0       
1.006     1.0       
1.227     2.0       
1.418     3.0       
1.619     4.0       
1.823     1.0       
2.041     2.0       
2.259     3.0       
2.479     4.0       
2.67      1.0       
2.864     2.0       
3.08      3.0       
3.271     4.0       
3.475     1.0       
3.672     2.0       
3.892     3.0       
4.111     4.0       
4.31      1.0       
4.531     2.0       
4.738     3.0       
4.935     4.0       
5.133     1.0       
5.33      2.0       
5.542     3.0       
5.742     4.0       
5.941     1.0       
6.14      2.0       
6.35      3.0       
6.556     4.0       
6.749     1.0       
6.965     2.0       
7.175     3.0       
7.383     4.0       
7.589     1.0       
7.808     2.0       
8.023     3.0       
8.215     4.0       
8.41      1.0       
8.618     2.0       
8.815     3.0       
9.026     4.0       
9.224     1.0       
9.422     2.0       
9.643     3.0       
9.845     4.0       
10.063    1.0       
10.26     2.0       
10.462    3.0       
10.68     4.0       
10.889    1.0       
11.084    2.0       
11.299    3.0       
11.505    4.0       
11.712    1.0       
11.929    2.0       
12.125    3.0       
12.327    4.0       
12.53     1.0       
12.742    2.0       
12.937    3.0       
13.152    4.0       
13.347    1.0       
13.55     2.0       
13.758    3.0       
13.961    4.0       
14.172    1.0       
14.371    2.0       
14.577    3.0       
14.793    4.0       
14.994    1.0       
15.2      2.0       
15.399    3.0       
15.612    4.0       
15.816    1.0       
16.034    2.0       
16.241    3.0       
16.451    4.0       
16.652    1.0       
16.853    2.0       
17.058    3.0       
17.266    4.0       
17.478    1.0       
17.669    2.0       
17.871    3.0       
18.069    4.0       
18.272    1.0       
18.465    2.0       
18.665    3.0       
18.861    4.0       
19.055    1.0       
19.276    2.0       
19.476    3.0       
19.677    4.0       
19.899    1.0       
20.097    2.0       
20.292    3.0       
20.492    4.0       
20.706    1.0       
20.927    2.0       
21.146    3.0       
21.369    4.0       
21.583    1.0       
21.78     2.0       
22.001    3.0       
22.194    4.0       
22.4      1.0       
22.592    2.0       
22.79     3.0       
23.006    4.0       
23.204    1.0       
23.42     2.0       
23.611    3.0       
23.816    4.0       
24.035    5.0       
24.242    1.0       
24.457    2.0       
24.677    3.0       
24.871    4.0       
25.072    5.0       
25.263    1.0       
25.455    2.0       
25.674    3.0       
25.878    4.0       
26.096    5.0       
26.298    1.0       
26.52     2.0       
26.738    3.0       
26.952    4.0       
27.148    5.0       
27.367    1.0       
27.586    2.0       
27.791    3.0       
27.986    4.0       
28.182    5.0       
28.387    1.0       
28.606    2.0       
28.801    3.0       
28.992    4.0       
29.185    5.0       
29.379    1.0       
29.602    2.0       
29.81     3.0       
30.004    4.0       
30.225    5.0       
30.427    1.0       
30.638    2.0       
30.833    3.0       
31.036    4.0       
31.244    5.0       
31.458    1.0       
31.664    2.0       
31.864    3.0       
32.085    4.0       
32.299    5.0       
32.493    1.0       
32.695    2.0       
32.898    3.0       
33.103    4.0       
33.308    5.0       
33.507    1.0       
33.726    2.0       
33.938    3.0       
34.152    4.0       
34.345    5.0       
34.564    1.0       
34.78     2.0       
34.983    3.0       
35.198    4.0       
35.407    5.0       
35.621    1.0       
35.835    2.0       
36.03     3.0       
36.248    4.0       
36.454    5.0       
36.662    1.0       
36.872    2.0       
37.063    3.0       
37.275    4.0       
37.474    5.0       
37.69     1.0       
37.9      2.0       
38.103    3.0       
38.299    4.0       
38.497    5.0       
38.697    1.0       
38.891    2.0       
39.111    3.0       
39.304    4.0       
39.504    5.0       
