0.132     1.0       
0.378     2.0       
0.623     3.0       
0.872     4.0       
1.101     1.0       
1.353     2.0       
1.603     3.0       
1.856     4.0       
2.088     1.0       
2.346     2.0       
2.582     3.0       
2.825     4.0       
3.082     1.0       
3.314     2.0       
3.573     3.0       
3.825     4.0       
4.074     1.0       
4.327     2.0       
4.571     3.0       
4.831     4.0       
5.075     1.0       
5.327     2.0       
5.585     3.0       
5.832     4.0       
6.084     1.0       
6.329     2.0       
6.586     3.0       
6.819     4.0       
7.072     1.0       
7.302     2.0       
7.546     3.0       
7.807     4.0       
8.059     1.0       
8.303     2.0       
8.54      3.0       
8.786     4.0       
9.015     1.0       
9.249     2.0       
9.503     3.0       
9.763     4.0       
10.017    1.0       
10.262    2.0       
10.497    3.0       
10.734    4.0       
10.968    1.0       
11.2      2.0       
11.442    3.0       
11.687    4.0       
11.934    1.0       
12.177    2.0       
12.406    3.0       
12.642    4.0       
12.9      5.0       
13.16     1.0       
13.399    2.0       
13.653    3.0       
13.908    4.0       
14.163    5.0       
14.402    1.0       
14.651    2.0       
14.894    3.0       
15.152    4.0       
15.413    5.0       
15.666    1.0       
15.921    2.0       
16.173    3.0       
16.43     4.0       
16.682    5.0       
16.933    1.0       
17.18     2.0       
17.424    3.0       
17.682    4.0       
17.924    5.0       
18.159    1.0       
18.391    2.0       
18.649    3.0       
18.895    4.0       
19.14     5.0       
19.381    1.0       
19.64     2.0       
19.883    3.0       
20.123    4.0       
20.384    5.0       
20.633    1.0       
20.869    2.0       
21.1      3.0       
21.337    4.0       
21.572    5.0       
21.801    1.0       
22.032    2.0       
22.289    3.0       
22.518    4.0       
22.762    5.0       
23.002    1.0       
23.246    2.0       
23.501    3.0       
23.733    4.0       
23.979    5.0       
24.233    1.0       
24.486    2.0       
24.736    3.0       
24.981    4.0       
25.225    5.0       
25.484    1.0       
25.713    2.0       
25.956    3.0       
26.203    4.0       
26.436    5.0       
26.693    1.0       
26.952    2.0       
27.194    3.0       
27.449    4.0       
27.698    5.0       
27.928    1.0       
28.157    2.0       
28.39     3.0       
28.643    4.0       
28.897    5.0       
29.148    1.0       
29.386    2.0       
29.626    3.0       
29.887    4.0       
30.145    5.0       
30.385    1.0       
30.64     2.0       
30.874    3.0       
31.103    4.0       
31.341    5.0       
