0.238     1.0       
0.511     2.0       
0.81      3.0       
1.099     4.0       
1.392     1.0       
1.691     2.0       
1.963     3.0       
2.253     4.0       
2.529     1.0       
2.813     2.0       
3.099     3.0       
3.398     4.0       
3.669     1.0       
3.94      2.0       
4.228     3.0       
4.521     4.0       
4.811     1.0       
5.103     2.0       
5.377     3.0       
5.656     4.0       
5.932     1.0       
6.201     2.0       
6.495     3.0       
6.785     4.0       
7.083     1.0       
7.373     2.0       
7.674     3.0       
7.974     4.0       
8.254     1.0       
8.553     2.0       
8.828     3.0       
9.097     4.0       
9.39      1.0       
9.677     2.0       
9.962     3.0       
10.235    4.0       
10.517    1.0       
10.816    2.0       
11.103    3.0       
11.384    4.0       
11.685    1.0       
11.97     2.0       
12.265    3.0       
12.554    4.0       
12.831    1.0       
13.128    2.0       
13.408    3.0       
13.706    4.0       
13.981    1.0       
14.251    2.0       
14.53     3.0       
14.828    4.0       
15.128    1.0       
15.414    2.0       
15.705    3.0       
15.988    4.0       
16.259    1.0       
16.553    2.0       
16.826    3.0       
17.112    4.0       
17.411    1.0       
17.681    2.0       
17.95     3.0       
18.245    4.0       
18.528    1.0       
18.814    2.0       
19.099    3.0       
19.396    4.0       
19.682    5.0       
19.951    1.0       
20.226    2.0       
20.509    3.0       
20.778    4.0       
21.069    5.0       
21.36     1.0       
21.632    2.0       
21.918    3.0       
22.189    4.0       
22.475    5.0       
22.769    1.0       
23.042    2.0       
23.332    3.0       
23.613    4.0       
23.906    5.0       
24.193    1.0       
24.465    2.0       
24.734    3.0       
25.018    4.0       
25.299    5.0       
25.57     1.0       
25.853    2.0       
26.126    3.0       
26.425    4.0       
26.694    5.0       
26.974    1.0       
27.25     2.0       
27.522    3.0       
27.821    4.0       
28.091    5.0       
28.384    1.0       
28.684    2.0       
28.966    3.0       
29.266    4.0       
29.556    5.0       
29.825    1.0       
30.115    2.0       
30.405    3.0       
30.677    4.0       
30.954    5.0       
31.248    1.0       
31.531    2.0       
31.823    3.0       
32.095    4.0       
32.391    5.0       
32.677    1.0       
32.952    2.0       
33.24     3.0       
33.511    4.0       
33.807    5.0       
34.083    1.0       
34.369    2.0       
34.662    3.0       
34.952    4.0       
35.228    5.0       
