0.132     1.0       
0.353     2.0       
0.588     3.0       
0.82      4.0       
1.061     1.0       
1.305     2.0       
1.539     3.0       
1.771     4.0       
2.001     1.0       
2.241     2.0       
2.485     3.0       
2.703     4.0       
2.938     1.0       
3.173     2.0       
3.398     3.0       
3.619     4.0       
3.869     1.0       
4.089     2.0       
4.318     3.0       
4.564     4.0       
4.782     1.0       
5.031     2.0       
5.258     3.0       
5.488     4.0       
5.71      1.0       
5.958     2.0       
6.195     3.0       
6.427     4.0       
6.673     1.0       
6.921     2.0       
7.169     3.0       
7.391     4.0       
7.634     1.0       
7.858     2.0       
8.089     3.0       
8.319     4.0       
8.545     1.0       
8.786     2.0       
9.022     3.0       
9.256     4.0       
9.505     1.0       
9.723     2.0       
9.953     3.0       
10.188    4.0       
10.414    1.0       
10.663    2.0       
10.882    3.0       
11.125    4.0       
11.365    1.0       
11.592    2.0       
11.814    3.0       
12.033    4.0       
12.264    5.0       
12.498    1.0       
12.743    2.0       
12.992    3.0       
13.237    4.0       
13.462    5.0       
13.697    1.0       
13.922    2.0       
14.152    3.0       
14.382    4.0       
14.612    5.0       
14.86     1.0       
15.103    2.0       
15.353    3.0       
15.571    4.0       
15.802    5.0       
16.045    1.0       
16.285    2.0       
16.533    3.0       
16.763    4.0       
16.994    5.0       
17.236    1.0       
17.481    2.0       
17.713    3.0       
17.953    4.0       
18.182    5.0       
18.418    1.0       
18.637    2.0       
18.871    3.0       
19.114    4.0       
19.355    5.0       
19.585    1.0       
19.812    2.0       
20.061    3.0       
20.28     4.0       
20.502    5.0       
20.736    1.0       
20.967    2.0       
21.21     3.0       
21.442    4.0       
21.679    5.0       
21.919    1.0       
22.151    2.0       
22.394    3.0       
22.635    4.0       
22.885    5.0       
23.105    1.0       
23.324    2.0       
23.554    3.0       
23.801    4.0       
24.03     5.0       
24.268    1.0       
24.505    2.0       
24.737    3.0       
24.97     4.0       
25.201    5.0       
