0.105     1.0       
0.368     2.0       
0.624     3.0       
0.863     4.0       
1.117     1.0       
1.373     2.0       
1.613     3.0       
1.875     4.0       
2.144     1.0       
2.402     2.0       
2.642     3.0       
2.887     4.0       
3.152     1.0       
3.411     2.0       
3.678     3.0       
3.93      4.0       
4.172     1.0       
4.422     2.0       
4.676     3.0       
4.923     4.0       
5.168     1.0       
5.422     2.0       
5.664     3.0       
5.907     4.0       
6.174     1.0       
6.428     2.0       
6.683     3.0       
6.924     4.0       
7.178     1.0       
7.428     2.0       
7.673     3.0       
7.919     4.0       
8.169     1.0       
8.416     2.0       
8.669     3.0       
8.913     4.0       
9.181     1.0       
9.434     2.0       
9.685     3.0       
9.954     4.0       
10.218    1.0       
10.458    2.0       
10.721    3.0       
10.975    4.0       
11.212    1.0       
11.453    2.0       
11.715    3.0       
11.96     4.0       
12.216    1.0       
12.48     2.0       
12.745    3.0       
12.993    4.0       
13.238    1.0       
13.492    2.0       
13.729    3.0       
13.974    4.0       
14.237    1.0       
14.475    2.0       
14.715    3.0       
14.954    4.0       
15.207    1.0       
15.472    2.0       
15.724    3.0       
15.973    4.0       
16.216    1.0       
16.484    2.0       
16.735    3.0       
16.997    4.0       
17.234    1.0       
17.498    2.0       
17.741    3.0       
17.982    4.0       
18.235    1.0       
18.475    2.0       
18.715    3.0       
18.978    4.0       
19.227    1.0       
19.468    2.0       
19.733    3.0       
20.002    4.0       
20.245    1.0       
20.501    2.0       
20.762    3.0       
21.03     4.0       
21.296    1.0       
21.534    2.0       
21.793    3.0       
22.04     4.0       
22.309    1.0       
22.547    2.0       
22.801    3.0       
23.05     4.0       
23.287    1.0       
23.542    2.0       
23.793    3.0       
24.051    4.0       
24.297    1.0       
24.552    2.0       
24.821    3.0       
25.08     4.0       
25.348    5.0       
25.61     1.0       
25.853    2.0       
26.102    3.0       
26.353    4.0       
26.597    5.0       
26.866    1.0       
27.13     2.0       
27.374    3.0       
27.63     4.0       
27.887    5.0       
28.139    1.0       
28.403    2.0       
28.645    3.0       
28.897    4.0       
29.164    5.0       
29.41     1.0       
29.654    2.0       
29.909    3.0       
30.172    4.0       
30.44     5.0       
30.699    1.0       
30.945    2.0       
31.199    3.0       
31.437    4.0       
31.681    5.0       
31.929    1.0       
32.181    2.0       
32.428    3.0       
32.684    4.0       
32.935    5.0       
33.178    1.0       
33.427    2.0       
33.687    3.0       
33.937    4.0       
34.183    5.0       
34.451    1.0       
34.7      2.0       
34.964    3.0       
35.214    4.0       
35.479    5.0       
35.741    1.0       
35.987    2.0       
36.224    3.0       
36.474    4.0       
36.712    5.0       
36.957    1.0       
37.216    2.0       
37.481    3.0       
37.729    4.0       
37.973    5.0       
38.235    1.0       
38.489    2.0       
38.731    3.0       
38.981    4.0       
39.231    5.0       
39.478    1.0       
39.73     2.0       
39.99     3.0       
40.241    4.0       
40.492    5.0       
40.732    1.0       
40.975    2.0       
41.226    3.0       
41.477    4.0       
41.731    5.0       
41.982    1.0       
42.236    2.0       
42.496    3.0       
42.74     4.0       
43.002    5.0       
43.252    1.0       
43.512    2.0       
43.765    3.0       
44.01     4.0       
44.261    5.0       
44.502    1.0       
44.74     2.0       
45.008    3.0       
45.258    4.0       
45.501    5.0       
45.749    1.0       
46.014    2.0       
46.251    3.0       
46.492    4.0       
46.733    5.0       
46.988    1.0       
47.249    2.0       
47.499    3.0       
47.745    4.0       
47.986    5.0       
48.237    1.0       
48.49     2.0       
48.744    3.0       
48.984    4.0       
49.225    5.0       
49.492    1.0       
49.746    2.0       
49.99     3.0       
50.23     4.0       
50.468    5.0       
50.714    1.0       
50.966    2.0       
51.218    3.0       
51.487    4.0       
51.753    5.0       
52.005    1.0       
52.252    2.0       
52.49     3.0       
52.756    4.0       
53.0      5.0       
53.263    1.0       
53.517    2.0       
53.767    3.0       
54.028    4.0       
54.265    5.0       
54.532    1.0       
54.781    2.0       
55.019    3.0       
55.271    4.0       
55.51     5.0       
55.777    1.0       
56.042    2.0       
56.298    3.0       
56.547    4.0       
56.802    5.0       
57.056    1.0       
57.325    2.0       
57.574    3.0       
57.824    4.0       
58.067    5.0       
58.314    1.0       
58.573    2.0       
58.819    3.0       
59.077    4.0       
59.318    5.0       
59.585    1.0       
59.839    2.0       
60.107    3.0       
60.369    4.0       
60.628    5.0       
60.897    1.0       
61.162    2.0       
61.402    3.0       
61.658    4.0       
61.908    5.0       
62.161    1.0       
62.411    2.0       
62.679    3.0       
62.944    4.0       
63.212    5.0       
63.467    1.0       
63.72     2.0       
63.961    3.0       
64.214    4.0       
64.451    5.0       
