0.199     1.0       
0.439     2.0       
0.67      3.0       
0.916     4.0       
1.17      1.0       
1.399     2.0       
1.631     3.0       
1.867     4.0       
2.12      1.0       
2.361     2.0       
2.611     3.0       
2.851     4.0       
3.082     1.0       
3.316     2.0       
3.545     3.0       
3.783     4.0       
4.031     1.0       
4.263     2.0       
4.496     3.0       
4.735     4.0       
4.971     1.0       
5.202     2.0       
5.458     3.0       
5.698     4.0       
5.953     1.0       
6.21      2.0       
6.445     3.0       
6.68      4.0       
6.926     1.0       
7.172     2.0       
7.416     3.0       
7.666     4.0       
7.899     1.0       
8.139     2.0       
8.388     3.0       
8.647     4.0       
8.881     1.0       
9.127     2.0       
9.382     3.0       
9.625     4.0       
9.876     1.0       
10.13     2.0       
10.377    3.0       
10.632    4.0       
10.87     1.0       
11.122    2.0       
11.372    3.0       
11.605    4.0       
11.863    1.0       
12.119    2.0       
12.355    3.0       
12.596    4.0       
12.839    5.0       
13.074    1.0       
13.328    2.0       
13.586    3.0       
13.844    4.0       
14.103    5.0       
14.363    1.0       
14.622    2.0       
14.87     3.0       
15.099    4.0       
15.337    5.0       
15.597    1.0       
15.858    2.0       
16.107    3.0       
16.365    4.0       
16.605    5.0       
16.859    1.0       
17.107    2.0       
17.345    3.0       
17.596    4.0       
17.826    5.0       
18.06     1.0       
18.29     2.0       
18.523    3.0       
18.778    4.0       
19.019    5.0       
19.271    1.0       
19.518    2.0       
19.771    3.0       
20.032    4.0       
20.287    5.0       
20.548    1.0       
20.778    2.0       
21.008    3.0       
21.248    4.0       
21.494    5.0       
