0.279     1.0       
0.587     2.0       
0.879     3.0       
1.181     4.0       
1.497     1.0       
1.792     2.0       
2.083     3.0       
2.399     4.0       
2.691     1.0       
2.998     2.0       
3.301     3.0       
3.612     4.0       
3.928     1.0       
4.217     2.0       
4.537     3.0       
4.835     4.0       
5.152     1.0       
5.447     2.0       
5.766     3.0       
6.061     4.0       
6.368     1.0       
6.677     2.0       
6.997     3.0       
7.294     4.0       
7.584     1.0       
7.878     2.0       
8.181     3.0       
8.485     4.0       
8.784     1.0       
9.102     2.0       
9.414     3.0       
9.723     4.0       
10.017    1.0       
10.319    2.0       
10.631    3.0       
10.935    4.0       
11.231    5.0       
11.522    1.0       
11.842    2.0       
12.159    3.0       
12.462    4.0       
12.782    5.0       
13.094    1.0       
13.384    2.0       
13.691    3.0       
14.002    4.0       
14.319    5.0       
14.633    1.0       
14.949    2.0       
15.262    3.0       
15.571    4.0       
15.882    5.0       
16.199    1.0       
16.515    2.0       
16.818    3.0       
17.117    4.0       
17.434    5.0       
17.728    1.0       
18.043    2.0       
18.361    3.0       
18.649    4.0       
18.965    5.0       
19.264    1.0       
19.568    2.0       
19.867    3.0       
20.176    4.0       
20.479    5.0       
20.794    1.0       
21.111    2.0       
21.414    3.0       
21.724    4.0       
22.032    5.0       
22.325    1.0       
22.631    2.0       
22.939    3.0       
23.244    4.0       
23.559    5.0       
23.86     1.0       
24.167    2.0       
24.482    3.0       
24.789    4.0       
25.08     5.0       
25.39     1.0       
25.693    2.0       
25.991    3.0       
26.304    4.0       
26.603    5.0       
26.892    1.0       
27.197    2.0       
27.487    3.0       
27.797    4.0       
28.099    5.0       
