0.221     1.0       
0.493     2.0       
0.736     3.0       
0.987     4.0       
1.254     1.0       
1.523     2.0       
1.775     3.0       
2.028     4.0       
2.287     1.0       
2.559     2.0       
2.818     3.0       
3.07      4.0       
3.326     1.0       
3.579     2.0       
3.828     3.0       
4.091     4.0       
4.346     1.0       
4.614     2.0       
4.865     3.0       
5.117     4.0       
5.368     1.0       
5.625     2.0       
5.872     3.0       
6.129     4.0       
6.394     1.0       
6.646     2.0       
6.888     3.0       
7.13      4.0       
7.376     1.0       
7.643     2.0       
7.91      3.0       
8.158     4.0       
8.43      1.0       
8.671     2.0       
8.919     3.0       
9.174     4.0       
9.418     1.0       
9.687     2.0       
9.94      3.0       
10.209    4.0       
10.478    1.0       
10.749    2.0       
11.009    3.0       
11.249    4.0       
11.518    1.0       
11.781    2.0       
12.048    3.0       
12.312    4.0       
12.582    1.0       
12.845    2.0       
13.104    3.0       
13.358    4.0       
13.618    1.0       
13.875    2.0       
14.139    3.0       
14.406    4.0       
14.657    1.0       
14.922    2.0       
15.185    3.0       
15.454    4.0       
15.715    1.0       
15.984    2.0       
16.244    3.0       
16.511    4.0       
16.782    1.0       
17.035    2.0       
17.299    3.0       
17.546    4.0       
17.788    1.0       
18.049    2.0       
18.304    3.0       
18.569    4.0       
18.837    1.0       
19.085    2.0       
19.349    3.0       
19.591    4.0       
19.855    1.0       
20.121    2.0       
20.375    3.0       
20.632    4.0       
20.878    1.0       
21.124    2.0       
21.371    3.0       
21.618    4.0       
21.871    1.0       
22.112    2.0       
22.367    3.0       
22.627    4.0       
22.881    1.0       
23.137    2.0       
23.394    3.0       
23.66     4.0       
23.922    1.0       
24.189    2.0       
24.456    3.0       
24.714    4.0       
24.973    1.0       
25.219    2.0       
25.473    3.0       
25.736    4.0       
26.002    1.0       
26.267    2.0       
26.538    3.0       
26.789    4.0       
27.043    1.0       
27.298    2.0       
27.538    3.0       
27.788    4.0       
28.055    1.0       
28.296    2.0       
28.559    3.0       
28.811    4.0       
29.053    1.0       
29.315    2.0       
29.576    3.0       
29.841    4.0       
30.1      1.0       
30.341    2.0       
30.593    3.0       
30.853    4.0       
31.097    1.0       
31.358    2.0       
31.609    3.0       
31.85     4.0       
32.099    1.0       
32.364    2.0       
32.614    3.0       
32.866    4.0       
33.117    1.0       
33.371    2.0       
33.633    3.0       
33.905    4.0       
34.163    5.0       
34.424    1.0       
34.678    2.0       
34.941    3.0       
35.206    4.0       
35.464    5.0       
35.704    1.0       
35.952    2.0       
36.196    3.0       
36.464    4.0       
36.724    5.0       
36.965    1.0       
37.235    2.0       
37.505    3.0       
37.763    4.0       
38.014    5.0       
38.272    1.0       
38.518    2.0       
38.763    3.0       
39.031    4.0       
39.302    5.0       
39.565    1.0       
39.835    2.0       
40.089    3.0       
40.344    4.0       
40.597    5.0       
40.85     1.0       
41.107    2.0       
41.36     3.0       
41.623    4.0       
41.893    5.0       
42.146    1.0       
42.415    2.0       
42.668    3.0       
42.918    4.0       
43.164    5.0       
43.412    1.0       
43.661    2.0       
43.929    3.0       
44.176    4.0       
44.429    5.0       
44.696    1.0       
44.958    2.0       
45.204    3.0       
45.463    4.0       
45.708    5.0       
45.959    1.0       
46.205    2.0       
46.458    3.0       
46.706    4.0       
46.949    5.0       
47.21     1.0       
47.476    2.0       
47.746    3.0       
48.006    4.0       
48.272    5.0       
48.533    1.0       
48.78     2.0       
49.022    3.0       
49.268    4.0       
49.512    5.0       
49.762    1.0       
50.024    2.0       
50.275    3.0       
50.545    4.0       
50.794    5.0       
51.065    1.0       
51.329    2.0       
51.59     3.0       
51.838    4.0       
52.109    5.0       
52.369    1.0       
52.631    2.0       
52.881    3.0       
53.14     4.0       
53.395    5.0       
53.65     1.0       
53.901    2.0       
54.155    3.0       
54.403    4.0       
54.671    5.0       
54.928    1.0       
55.189    2.0       
55.461    3.0       
55.702    4.0       
55.956    5.0       
56.201    1.0       
56.454    2.0       
56.697    3.0       
56.963    4.0       
57.208    5.0       
57.466    1.0       
57.73     2.0       
57.996    3.0       
58.25     4.0       
58.495    5.0       
58.757    1.0       
59.019    2.0       
59.263    3.0       
59.534    4.0       
59.797    5.0       
60.064    1.0       
60.328    2.0       
60.571    3.0       
60.818    4.0       
61.06     5.0       
61.305    1.0       
61.565    2.0       
61.829    3.0       
62.09     4.0       
62.348    5.0       
62.62     1.0       
62.878    2.0       
63.146    3.0       
63.395    4.0       
63.659    5.0       
