0.136     1.0       
0.461     2.0       
0.761     3.0       
1.056     4.0       
1.373     1.0       
1.686     2.0       
2.009     3.0       
2.316     4.0       
2.639     1.0       
2.948     2.0       
3.265     3.0       
3.575     4.0       
3.884     1.0       
4.196     2.0       
4.517     3.0       
4.829     4.0       
5.143     1.0       
5.458     2.0       
5.752     3.0       
6.066     4.0       
6.382     1.0       
6.69      2.0       
6.997     3.0       
7.294     4.0       
7.6       1.0       
7.894     2.0       
8.198     3.0       
8.492     4.0       
8.799     1.0       
9.097     2.0       
9.392     3.0       
9.702     4.0       
10.001    1.0       
10.303    2.0       
10.611    3.0       
10.906    4.0       
11.232    1.0       
11.544    2.0       
11.863    3.0       
12.181    4.0       
12.476    1.0       
12.802    2.0       
13.106    3.0       
13.401    4.0       
13.711    1.0       
14.008    2.0       
14.312    3.0       
14.631    4.0       
14.956    1.0       
15.272    2.0       
15.586    3.0       
15.911    4.0       
16.209    1.0       
16.534    2.0       
16.86     3.0       
17.18     4.0       
17.494    1.0       
17.806    2.0       
18.103    3.0       
18.423    4.0       
18.736    1.0       
19.034    2.0       
19.343    3.0       
19.651    4.0       
19.947    1.0       
20.252    2.0       
20.556    3.0       
20.85     4.0       
21.158    1.0       
21.478    2.0       
21.787    3.0       
22.086    4.0       
22.386    1.0       
22.697    2.0       
23.018    3.0       
23.322    4.0       
23.619    1.0       
23.943    2.0       
24.237    3.0       
24.541    4.0       
24.84     1.0       
25.143    2.0       
25.444    3.0       
25.763    4.0       
26.073    1.0       
26.374    2.0       
26.673    3.0       
26.976    4.0       
27.301    1.0       
27.604    2.0       
27.91     3.0       
28.219    4.0       
28.529    1.0       
28.853    2.0       
29.148    3.0       
29.452    4.0       
29.77     1.0       
30.082    2.0       
30.386    3.0       
30.701    4.0       
30.999    1.0       
31.309    2.0       
31.603    3.0       
31.919    4.0       
32.23     1.0       
32.527    2.0       
32.852    3.0       
33.174    4.0       
33.47     1.0       
33.792    2.0       
34.117    3.0       
34.434    4.0       
34.752    1.0       
35.077    2.0       
35.393    3.0       
35.71     4.0       
36.008    5.0       
36.33     1.0       
36.641    2.0       
36.946    3.0       
37.271    4.0       
37.586    5.0       
37.888    1.0       
38.203    2.0       
38.525    3.0       
38.844    4.0       
39.16     5.0       
39.454    1.0       
39.757    2.0       
40.074    3.0       
40.373    4.0       
40.68     5.0       
40.986    1.0       
41.281    2.0       
41.597    3.0       
41.912    4.0       
42.229    5.0       
42.53     1.0       
42.841    2.0       
43.151    3.0       
43.453    4.0       
43.772    5.0       
44.076    1.0       
44.377    2.0       
44.676    3.0       
44.999    4.0       
45.304    5.0       
45.625    1.0       
45.926    2.0       
46.244    3.0       
46.545    4.0       
46.842    5.0       
47.138    1.0       
47.437    2.0       
47.756    3.0       
48.074    4.0       
48.373    5.0       
48.696    1.0       
49.016    2.0       
49.328    3.0       
49.624    4.0       
49.939    5.0       
50.25     1.0       
50.576    2.0       
50.886    3.0       
51.199    4.0       
51.511    5.0       
51.837    1.0       
52.163    2.0       
52.475    3.0       
52.788    4.0       
53.084    5.0       
53.38     1.0       
53.696    2.0       
54.004    3.0       
54.319    4.0       
54.629    5.0       
54.932    1.0       
55.244    2.0       
55.555    3.0       
55.85     4.0       
56.147    5.0       
56.446    1.0       
56.772    2.0       
57.09     3.0       
57.411    4.0       
57.726    5.0       
58.042    1.0       
58.357    2.0       
58.675    3.0       
58.976    4.0       
59.277    5.0       
