0.2       1.0       
0.412     2.0       
0.619     3.0       
0.817     4.0       
1.014     1.0       
1.215     2.0       
1.409     3.0       
1.609     4.0       
1.815     1.0       
2.007     2.0       
2.188     3.0       
2.369     4.0       
2.569     1.0       
2.749     2.0       
2.957     3.0       
3.151     4.0       
3.339     1.0       
3.519     2.0       
3.726     3.0       
3.921     4.0       
4.118     1.0       
4.308     2.0       
4.495     3.0       
4.704     4.0       
4.902     1.0       
5.106     2.0       
5.297     3.0       
5.483     4.0       
5.664     1.0       
5.85      2.0       
6.055     3.0       
6.248     4.0       
6.458     1.0       
6.655     2.0       
6.839     3.0       
7.031     4.0       
7.231     1.0       
7.443     2.0       
7.652     3.0       
7.855     4.0       
8.035     1.0       
8.23      2.0       
8.436     3.0       
8.647     4.0       
8.852     1.0       
9.036     2.0       
9.231     3.0       
9.427     4.0       
9.626     1.0       
9.825     2.0       
10.021    3.0       
10.22     4.0       
10.418    1.0       
10.622    2.0       
10.831    3.0       
11.042    4.0       
11.227    1.0       
11.438    2.0       
11.638    3.0       
11.826    4.0       
12.031    1.0       
12.214    2.0       
12.417    3.0       
12.616    4.0       
12.823    1.0       
13.024    2.0       
13.231    3.0       
13.411    4.0       
13.6      1.0       
13.784    2.0       
13.967    3.0       
14.152    4.0       
14.339    1.0       
14.531    2.0       
14.719    3.0       
14.929    4.0       
15.125    1.0       
15.308    2.0       
15.499    3.0       
15.702    4.0       
15.892    1.0       
16.094    2.0       
16.278    3.0       
16.47     4.0       
16.679    5.0       
16.868    1.0       
17.058    2.0       
17.247    3.0       
17.451    4.0       
17.635    5.0       
17.837    1.0       
18.04     2.0       
18.246    3.0       
18.426    4.0       
18.621    5.0       
18.817    1.0       
19.011    2.0       
19.191    3.0       
19.39     4.0       
19.593    5.0       
19.78     1.0       
19.969    2.0       
20.172    3.0       
20.384    4.0       
20.578    5.0       
20.784    1.0       
20.979    2.0       
21.166    3.0       
21.365    4.0       
21.568    5.0       
21.756    1.0       
21.959    2.0       
22.158    3.0       
22.344    4.0       
22.549    5.0       
22.753    1.0       
22.938    2.0       
23.137    3.0       
23.343    4.0       
23.528    5.0       
23.725    1.0       
23.911    2.0       
24.122    3.0       
24.302    4.0       
24.499    5.0       
24.681    1.0       
24.874    2.0       
25.079    3.0       
25.278    4.0       
25.458    5.0       
25.668    1.0       
25.879    2.0       
26.076    3.0       
26.279    4.0       
26.484    5.0       
26.678    1.0       
26.885    2.0       
27.085    3.0       
27.272    4.0       
27.467    5.0       
27.658    1.0       
27.84     2.0       
28.051    3.0       
28.243    4.0       
28.428    5.0       
28.63     1.0       
28.823    2.0       
29.03     3.0       
29.224    4.0       
29.435    5.0       
29.639    1.0       
29.843    2.0       
30.045    3.0       
30.231    4.0       
30.422    5.0       
30.616    1.0       
30.81     2.0       
31.017    3.0       
31.222    4.0       
31.408    5.0       
31.588    1.0       
31.788    2.0       
31.969    3.0       
32.153    4.0       
32.34     5.0       
32.525    1.0       
32.723    2.0       
32.911    3.0       
33.12     4.0       
33.331    5.0       
33.536    1.0       
33.746    2.0       
33.941    3.0       
34.129    4.0       
34.326    5.0       
34.507    1.0       
34.688    2.0       
34.889    3.0       
35.084    4.0       
35.273    5.0       
35.474    1.0       
35.676    2.0       
35.881    3.0       
36.064    4.0       
36.263    5.0       
36.464    1.0       
36.663    2.0       
36.857    3.0       
37.037    4.0       
37.248    5.0       
37.436    1.0       
37.642    2.0       
37.822    3.0       
38.033    4.0       
38.244    5.0       
38.437    1.0       
38.63     2.0       
38.816    3.0       
39.0      4.0       
39.211    5.0       
39.422    1.0       
39.612    2.0       
39.806    3.0       
40.018    4.0       
40.226    5.0       
40.426    1.0       
40.608    2.0       
40.793    3.0       
40.999    4.0       
41.186    5.0       
41.391    1.0       
41.591    2.0       
41.777    3.0       
41.957    4.0       
42.161    5.0       
42.362    1.0       
42.544    2.0       
42.735    3.0       
42.933    4.0       
43.143    5.0       
43.35     1.0       
43.55     2.0       
43.741    3.0       
43.935    4.0       
44.146    5.0       
44.353    1.0       
44.558    2.0       
44.742    3.0       
44.931    4.0       
45.117    5.0       
45.302    1.0       
45.507    2.0       
45.705    3.0       
45.906    4.0       
46.118    5.0       
46.318    1.0       
46.511    2.0       
46.702    3.0       
46.914    4.0       
47.103    5.0       
