0.113     1.0       
0.35      2.0       
0.585     3.0       
0.818     4.0       
1.045     1.0       
1.284     2.0       
1.535     3.0       
1.77      4.0       
2.017     1.0       
2.247     2.0       
2.491     3.0       
2.733     4.0       
2.962     1.0       
3.195     2.0       
3.427     3.0       
3.667     4.0       
3.902     1.0       
4.136     2.0       
4.382     3.0       
4.629     4.0       
4.885     1.0       
5.124     2.0       
5.353     3.0       
5.58      4.0       
5.832     1.0       
6.08      2.0       
6.323     3.0       
6.556     4.0       
6.802     1.0       
7.06      2.0       
7.294     3.0       
7.532     4.0       
7.777     1.0       
8.016     2.0       
8.252     3.0       
8.502     4.0       
8.734     1.0       
8.982     2.0       
9.213     3.0       
9.456     4.0       
9.7       1.0       
9.957     2.0       
10.188    3.0       
10.434    4.0       
10.665    1.0       
10.895    2.0       
11.149    3.0       
11.406    4.0       
11.644    1.0       
11.883    2.0       
12.116    3.0       
12.346    4.0       
12.587    1.0       
12.82     2.0       
13.074    3.0       
13.314    4.0       
13.566    1.0       
13.821    2.0       
14.055    3.0       
14.304    4.0       
14.537    1.0       
14.788    2.0       
15.019    3.0       
15.257    4.0       
15.499    1.0       
15.725    2.0       
15.967    3.0       
16.199    4.0       
16.433    1.0       
16.689    2.0       
16.936    3.0       
17.168    4.0       
17.403    1.0       
17.642    2.0       
17.887    3.0       
18.135    4.0       
18.392    1.0       
18.633    2.0       
18.881    3.0       
19.118    4.0       
19.373    1.0       
19.624    2.0       
19.881    3.0       
20.108    4.0       
20.35     1.0       
20.579    2.0       
20.806    3.0       
21.048    4.0       
21.298    1.0       
21.526    2.0       
21.774    3.0       
22.003    4.0       
22.243    1.0       
22.485    2.0       
22.723    3.0       
22.964    4.0       
23.222    1.0       
23.48     2.0       
23.71     3.0       
23.939    4.0       
24.169    5.0       
24.421    1.0       
24.652    2.0       
24.88     3.0       
25.106    4.0       
25.346    5.0       
25.592    1.0       
25.847    2.0       
26.103    3.0       
26.341    4.0       
26.582    5.0       
26.838    1.0       
27.091    2.0       
27.328    3.0       
27.569    4.0       
27.8      5.0       
28.03     1.0       
28.276    2.0       
28.509    3.0       
28.744    4.0       
28.973    5.0       
29.215    1.0       
29.457    2.0       
29.683    3.0       
29.926    4.0       
30.171    5.0       
30.409    1.0       
30.642    2.0       
30.88     3.0       
31.134    4.0       
31.37     5.0       
31.625    1.0       
31.854    2.0       
32.094    3.0       
32.336    4.0       
32.581    5.0       
32.81     1.0       
33.051    2.0       
33.277    3.0       
33.53     4.0       
33.766    5.0       
33.996    1.0       
34.251    2.0       
34.508    3.0       
34.76     4.0       
34.993    5.0       
35.239    1.0       
35.492    2.0       
35.745    3.0       
36.0      4.0       
36.256    5.0       
36.514    1.0       
36.748    2.0       
36.987    3.0       
37.236    4.0       
37.464    5.0       
37.692    1.0       
37.918    2.0       
38.167    3.0       
38.412    4.0       
38.667    5.0       
38.913    1.0       
39.148    2.0       
39.399    3.0       
39.633    4.0       
39.883    5.0       
40.131    1.0       
40.377    2.0       
40.626    3.0       
40.88     4.0       
41.127    5.0       
41.356    1.0       
41.609    2.0       
41.865    3.0       
42.099    4.0       
42.344    5.0       
