0.163     1.0       
0.476     2.0       
0.788     3.0       
1.106     4.0       
1.398     1.0       
1.713     2.0       
2.028     3.0       
2.349     4.0       
2.641     1.0       
2.938     2.0       
3.25      3.0       
3.562     4.0       
3.87      1.0       
4.178     2.0       
4.47      3.0       
4.783     4.0       
5.072     1.0       
5.368     2.0       
5.677     3.0       
5.974     4.0       
6.273     1.0       
6.583     2.0       
6.883     3.0       
7.188     4.0       
7.49      1.0       
7.78      2.0       
8.07      3.0       
8.387     4.0       
8.69      1.0       
9.011     2.0       
9.317     3.0       
9.623     4.0       
9.922     1.0       
10.235    2.0       
10.539    3.0       
10.848    4.0       
11.148    5.0       
11.463    1.0       
11.76     2.0       
12.062    3.0       
12.369    4.0       
12.677    5.0       
12.972    1.0       
13.287    2.0       
13.604    3.0       
13.902    4.0       
14.211    5.0       
14.513    1.0       
14.803    2.0       
15.114    3.0       
15.429    4.0       
15.736    5.0       
16.035    1.0       
16.338    2.0       
16.639    3.0       
16.946    4.0       
17.264    5.0       
17.582    1.0       
17.892    2.0       
18.188    3.0       
18.478    4.0       
18.798    5.0       
19.095    1.0       
19.412    2.0       
19.711    3.0       
20.029    4.0       
20.322    5.0       
20.624    1.0       
20.942    2.0       
21.257    3.0       
21.554    4.0       
21.872    5.0       
