0.129     1.0       
0.47      2.0       
0.798     3.0       
1.137     4.0       
1.475     1.0       
1.814     2.0       
2.156     3.0       
2.503     4.0       
2.854     1.0       
3.193     2.0       
3.545     3.0       
3.881     4.0       
4.203     1.0       
4.527     2.0       
4.864     3.0       
5.191     4.0       
5.538     1.0       
5.89      2.0       
6.238     3.0       
6.562     4.0       
6.907     1.0       
7.253     2.0       
7.576     3.0       
7.919     4.0       
8.254     1.0       
8.58      2.0       
8.912     3.0       
9.263     4.0       
9.614     1.0       
9.94      2.0       
10.281    3.0       
10.627    4.0       
10.966    1.0       
11.297    2.0       
11.631    3.0       
11.954    4.0       
12.308    1.0       
12.654    2.0       
12.98     3.0       
13.319    4.0       
13.671    1.0       
14.003    2.0       
14.343    3.0       
14.682    4.0       
15.008    1.0       
15.33     2.0       
15.673    3.0       
16.004    4.0       
16.344    1.0       
16.696    2.0       
17.032    3.0       
17.359    4.0       
17.706    5.0       
18.038    1.0       
18.36     2.0       
18.686    3.0       
19.01     4.0       
19.35     5.0       
19.675    1.0       
20.02     2.0       
20.342    3.0       
20.67     4.0       
21.022    5.0       
21.351    1.0       
21.705    2.0       
22.034    3.0       
22.378    4.0       
22.712    5.0       
23.065    1.0       
23.399    2.0       
23.743    3.0       
24.079    4.0       
24.425    5.0       
24.757    1.0       
25.081    2.0       
25.418    3.0       
25.762    4.0       
26.099    5.0       
26.44     1.0       
26.794    2.0       
27.138    3.0       
27.483    4.0       
27.835    5.0       
28.176    1.0       
28.53     2.0       
28.867    3.0       
29.201    4.0       
29.534    5.0       
29.856    1.0       
30.189    2.0       
30.518    3.0       
30.841    4.0       
31.193    5.0       
31.537    1.0       
31.883    2.0       
32.227    3.0       
32.571    4.0       
32.901    5.0       
33.232    1.0       
33.569    2.0       
33.913    3.0       
34.242    4.0       
34.593    5.0       
34.947    1.0       
35.285    2.0       
35.618    3.0       
35.953    4.0       
36.295    5.0       
36.618    1.0       
36.964    2.0       
37.298    3.0       
37.634    4.0       
37.965    5.0       
38.307    1.0       
38.651    2.0       
38.995    3.0       
39.339    4.0       
39.688    5.0       
40.033    1.0       
40.382    2.0       
40.728    3.0       
41.059    4.0       
41.404    5.0       
41.744    1.0       
42.084    2.0       
42.42     3.0       
42.771    4.0       
43.12     5.0       
