0.211     1.0       
0.539     2.0       
0.862     3.0       
1.178     4.0       
1.487     1.0       
1.786     2.0       
2.111     3.0       
2.421     4.0       
2.721     1.0       
3.03      2.0       
3.359     3.0       
3.659     4.0       
3.986     1.0       
4.312     2.0       
4.614     3.0       
4.928     4.0       
5.242     1.0       
5.566     2.0       
5.886     3.0       
6.199     4.0       
6.524     1.0       
6.843     2.0       
7.153     3.0       
7.481     4.0       
7.784     1.0       
8.09      2.0       
8.411     3.0       
8.715     4.0       
9.04      1.0       
9.364     2.0       
9.688     3.0       
10.016    4.0       
10.333    1.0       
10.649    2.0       
10.979    3.0       
11.295    4.0       
11.622    1.0       
11.928    2.0       
12.232    3.0       
12.553    4.0       
12.864    1.0       
13.177    2.0       
13.482    3.0       
13.784    4.0       
14.091    1.0       
14.395    2.0       
14.71     3.0       
15.034    4.0       
15.348    1.0       
15.654    2.0       
15.958    3.0       
16.281    4.0       
16.606    1.0       
16.924    2.0       
17.244    3.0       
17.56     4.0       
17.874    1.0       
18.177    2.0       
18.493    3.0       
18.812    4.0       
19.143    1.0       
19.454    2.0       
19.764    3.0       
20.064    4.0       
20.379    1.0       
20.706    2.0       
21.018    3.0       
21.344    4.0       
21.657    1.0       
21.956    2.0       
22.281    3.0       
22.609    4.0       
22.916    1.0       
23.245    2.0       
23.547    3.0       
23.856    4.0       
24.172    1.0       
24.49     2.0       
24.817    3.0       
25.126    4.0       
25.443    1.0       
25.76     2.0       
26.087    3.0       
26.395    4.0       
26.724    1.0       
27.025    2.0       
27.324    3.0       
27.629    4.0       
27.946    1.0       
28.277    2.0       
28.601    3.0       
28.9      4.0       
29.207    1.0       
29.535    2.0       
29.852    3.0       
30.173    4.0       
30.504    1.0       
30.832    2.0       
31.133    3.0       
31.456    4.0       
31.787    1.0       
32.104    2.0       
32.411    3.0       
32.73     4.0       
33.036    1.0       
33.365    2.0       
33.674    3.0       
34.004    4.0       
34.304    1.0       
34.626    2.0       
34.947    3.0       
35.273    4.0       
35.603    1.0       
35.927    2.0       
36.226    3.0       
36.53     4.0       
36.848    5.0       
37.174    1.0       
37.479    2.0       
37.805    3.0       
38.13     4.0       
38.454    5.0       
38.757    1.0       
39.082    2.0       
39.409    3.0       
39.723    4.0       
40.054    5.0       
40.384    1.0       
40.687    2.0       
41.014    3.0       
41.344    4.0       
41.653    5.0       
41.977    1.0       
42.297    2.0       
42.601    3.0       
42.917    4.0       
43.223    5.0       
43.535    1.0       
43.842    2.0       
44.164    3.0       
44.477    4.0       
44.794    5.0       
45.123    1.0       
45.425    2.0       
45.738    3.0       
46.057    4.0       
46.386    5.0       
46.703    1.0       
47.032    2.0       
47.343    3.0       
47.657    4.0       
47.977    5.0       
48.29     1.0       
48.602    2.0       
48.933    3.0       
49.247    4.0       
49.56     5.0       
49.883    1.0       
50.201    2.0       
50.513    3.0       
50.817    4.0       
51.12     5.0       
51.426    1.0       
51.735    2.0       
52.042    3.0       
52.352    4.0       
52.657    5.0       
52.956    1.0       
53.264    2.0       
53.572    3.0       
53.889    4.0       
54.203    5.0       
54.532    1.0       
54.854    2.0       
55.166    3.0       
55.494    4.0       
55.82     5.0       
56.145    1.0       
56.444    2.0       
56.743    3.0       
57.048    4.0       
57.377    5.0       
57.701    1.0       
58.028    2.0       
58.355    3.0       
58.658    4.0       
58.974    5.0       
59.278    1.0       
59.589    2.0       
59.903    3.0       
60.207    4.0       
60.517    5.0       
60.839    1.0       
61.139    2.0       
61.458    3.0       
61.774    4.0       
62.097    5.0       
62.407    1.0       
62.737    2.0       
63.04     3.0       
63.343    4.0       
63.642    5.0       
63.969    1.0       
64.285    2.0       
64.605    3.0       
64.907    4.0       
65.21     5.0       
65.53     1.0       
65.851    2.0       
66.161    3.0       
66.485    4.0       
66.797    5.0       
67.103    1.0       
67.418    2.0       
67.717    3.0       
68.048    4.0       
68.354    5.0       
68.663    1.0       
68.979    2.0       
69.288    3.0       
69.616    4.0       
69.936    5.0       
70.242    1.0       
70.561    2.0       
70.873    3.0       
71.178    4.0       
71.486    5.0       
71.805    1.0       
72.128    2.0       
72.438    3.0       
72.744    4.0       
73.054    5.0       
73.382    1.0       
73.692    2.0       
73.995    3.0       
74.299    4.0       
74.614    5.0       
74.917    1.0       
75.245    2.0       
75.572    3.0       
75.883    4.0       
76.182    5.0       
76.502    1.0       
76.825    2.0       
77.134    3.0       
77.451    4.0       
77.779    5.0       
78.107    1.0       
78.43     2.0       
78.757    3.0       
79.081    4.0       
79.404    5.0       
