0.118     1.0       
0.384     2.0       
0.642     3.0       
0.91      4.0       
1.165     1.0       
1.428     2.0       
1.687     3.0       
1.949     4.0       
2.218     1.0       
2.474     2.0       
2.738     3.0       
2.995     4.0       
3.248     1.0       
3.5       2.0       
3.771     3.0       
4.038     4.0       
4.312     1.0       
4.585     2.0       
4.853     3.0       
5.107     4.0       
5.37      1.0       
5.633     2.0       
5.886     3.0       
6.136     4.0       
6.39      1.0       
6.648     2.0       
6.913     3.0       
7.156     4.0       
7.423     1.0       
7.691     2.0       
7.953     3.0       
8.208     4.0       
8.462     1.0       
8.707     2.0       
8.972     3.0       
9.235     4.0       
9.497     1.0       
9.764     2.0       
10.01     3.0       
10.282    4.0       
10.551    1.0       
10.808    2.0       
11.063    3.0       
11.318    4.0       
11.582    1.0       
11.836    2.0       
12.108    3.0       
12.363    4.0       
12.624    1.0       
12.898    2.0       
13.156    3.0       
13.428    4.0       
13.693    1.0       
13.963    2.0       
14.223    3.0       
14.489    4.0       
14.753    1.0       
15.012    2.0       
15.267    3.0       
15.531    4.0       
15.786    1.0       
16.057    2.0       
16.33     3.0       
16.6      4.0       
16.842    1.0       
17.091    2.0       
17.362    3.0       
17.624    4.0       
17.887    1.0       
18.147    2.0       
18.416    3.0       
18.682    4.0       
18.943    1.0       
19.185    2.0       
19.433    3.0       
19.696    4.0       
19.944    1.0       
20.192    2.0       
20.453    3.0       
20.696    4.0       
20.947    1.0       
21.197    2.0       
21.45     3.0       
21.713    4.0       
21.965    1.0       
22.225    2.0       
22.468    3.0       
22.718    4.0       
22.967    1.0       
23.232    2.0       
23.477    3.0       
23.743    4.0       
23.985    1.0       
24.24     2.0       
24.514    3.0       
24.773    4.0       
25.041    1.0       
25.286    2.0       
25.53     3.0       
25.794    4.0       
26.058    1.0       
26.311    2.0       
26.553    3.0       
26.804    4.0       
27.065    1.0       
27.318    2.0       
27.575    3.0       
27.836    4.0       
28.079    1.0       
28.321    2.0       
28.594    3.0       
28.855    4.0       
29.097    1.0       
29.361    2.0       
29.626    3.0       
29.884    4.0       
30.147    1.0       
30.412    2.0       
30.671    3.0       
30.937    4.0       
31.189    1.0       
31.436    2.0       
31.68     3.0       
31.93     4.0       
32.197    1.0       
32.467    2.0       
32.716    3.0       
32.987    4.0       
33.255    1.0       
33.521    2.0       
33.787    3.0       
34.046    4.0       
34.3      5.0       
34.549    1.0       
34.82     2.0       
35.062    3.0       
35.304    4.0       
35.573    5.0       
35.834    1.0       
36.084    2.0       
36.353    3.0       
36.6      4.0       
36.873    5.0       
37.124    1.0       
37.377    2.0       
37.651    3.0       
37.917    4.0       
38.182    5.0       
38.438    1.0       
38.688    2.0       
38.946    3.0       
39.215    4.0       
39.471    5.0       
39.733    1.0       
39.99     2.0       
40.25     3.0       
40.516    4.0       
40.776    5.0       
41.033    1.0       
41.277    2.0       
41.548    3.0       
41.818    4.0       
42.082    5.0       
42.33     1.0       
42.585    2.0       
42.839    3.0       
43.09     4.0       
43.363    5.0       
