0.234     1.0       
0.484     2.0       
0.715     3.0       
0.961     4.0       
1.217     1.0       
1.472     2.0       
1.724     3.0       
1.981     4.0       
2.21      1.0       
2.466     2.0       
2.702     3.0       
2.953     4.0       
3.194     1.0       
3.446     2.0       
3.676     3.0       
3.904     4.0       
4.147     1.0       
4.379     2.0       
4.612     3.0       
4.863     4.0       
5.106     1.0       
5.365     2.0       
5.62      3.0       
5.851     4.0       
6.107     1.0       
6.356     2.0       
6.596     3.0       
6.825     4.0       
7.068     1.0       
7.312     2.0       
7.568     3.0       
7.799     4.0       
8.055     1.0       
8.308     2.0       
8.542     3.0       
8.792     4.0       
9.032     1.0       
9.28      2.0       
9.523     3.0       
9.769     4.0       
10.005    1.0       
10.247    2.0       
10.488    3.0       
10.731    4.0       
10.982    1.0       
11.217    2.0       
11.474    3.0       
11.717    4.0       
11.95     1.0       
12.209    2.0       
12.445    3.0       
12.691    4.0       
12.948    1.0       
13.197    2.0       
13.447    3.0       
13.686    4.0       
13.942    1.0       
14.189    2.0       
14.443    3.0       
14.671    4.0       
14.902    1.0       
15.143    2.0       
15.372    3.0       
15.616    4.0       
15.853    1.0       
16.112    2.0       
16.342    3.0       
16.599    4.0       
16.853    1.0       
17.09     2.0       
17.348    3.0       
17.584    4.0       
17.822    1.0       
18.054    2.0       
18.293    3.0       
18.548    4.0       
18.807    1.0       
19.034    2.0       
19.293    3.0       
19.544    4.0       
19.796    1.0       
20.039    2.0       
20.278    3.0       
20.521    4.0       
20.75     1.0       
21.005    2.0       
21.263    3.0       
21.504    4.0       
21.742    1.0       
21.97     2.0       
22.223    3.0       
22.475    4.0       
22.72     1.0       
22.964    2.0       
23.214    3.0       
23.458    4.0       
23.701    1.0       
23.935    2.0       
24.179    3.0       
24.409    4.0       
24.654    1.0       
24.904    2.0       
25.157    3.0       
25.409    4.0       
25.65     1.0       
25.892    2.0       
26.129    3.0       
26.369    4.0       
26.601    1.0       
26.836    2.0       
27.086    3.0       
27.315    4.0       
27.556    1.0       
27.81     2.0       
28.058    3.0       
28.298    4.0       
28.544    5.0       
28.797    1.0       
29.041    2.0       
29.281    3.0       
29.537    4.0       
29.767    5.0       
30.025    1.0       
30.256    2.0       
30.49     3.0       
30.722    4.0       
30.949    5.0       
31.178    1.0       
31.422    2.0       
31.668    3.0       
31.912    4.0       
32.152    5.0       
32.409    1.0       
32.649    2.0       
32.904    3.0       
33.134    4.0       
33.381    5.0       
33.616    1.0       
33.851    2.0       
34.092    3.0       
34.348    4.0       
34.6      5.0       
34.85     1.0       
35.081    2.0       
35.337    3.0       
35.592    4.0       
35.828    5.0       
36.073    1.0       
36.319    2.0       
36.558    3.0       
36.795    4.0       
37.032    5.0       
37.28     1.0       
37.509    2.0       
37.764    3.0       
38.016    4.0       
38.275    5.0       
38.507    1.0       
38.766    2.0       
39.015    3.0       
39.258    4.0       
39.514    5.0       
39.765    1.0       
39.999    2.0       
40.242    3.0       
40.483    4.0       
40.718    5.0       
40.949    1.0       
41.19     2.0       
41.449    3.0       
41.692    4.0       
41.951    5.0       
42.19     1.0       
42.428    2.0       
42.678    3.0       
42.932    4.0       
43.175    5.0       
43.417    1.0       
43.674    2.0       
43.928    3.0       
44.18     4.0       
44.431    5.0       
44.67     1.0       
44.918    2.0       
45.155    3.0       
45.39     4.0       
45.63     5.0       
45.86     1.0       
46.111    2.0       
46.35     3.0       
46.594    4.0       
46.821    5.0       
47.078    1.0       
47.309    2.0       
47.552    3.0       
47.787    4.0       
48.044    5.0       
48.301    1.0       
48.536    2.0       
48.794    3.0       
49.038    4.0       
49.296    5.0       
49.531    1.0       
49.785    2.0       
50.034    3.0       
50.282    4.0       
50.514    5.0       
50.749    1.0       
50.996    2.0       
51.24     3.0       
51.476    4.0       
51.732    5.0       
51.975    1.0       
52.209    2.0       
52.466    3.0       
52.698    4.0       
52.935    5.0       
53.187    1.0       
53.427    2.0       
53.686    3.0       
53.938    4.0       
54.184    5.0       
54.436    1.0       
54.676    2.0       
54.931    3.0       
55.16     4.0       
55.406    5.0       
55.638    1.0       
55.878    2.0       
56.114    3.0       
56.344    4.0       
56.595    5.0       
56.833    1.0       
57.083    2.0       
57.31     3.0       
57.554    4.0       
57.803    5.0       
58.047    1.0       
58.287    2.0       
58.525    3.0       
58.778    4.0       
59.016    5.0       
59.248    1.0       
59.507    2.0       
59.742    3.0       
59.98     4.0       
60.232    5.0       
60.461    1.0       
60.699    2.0       
60.944    3.0       
61.201    4.0       
61.43     5.0       
