0.285     1.0       
0.618     2.0       
0.923     3.0       
1.236     4.0       
1.559     1.0       
1.882     2.0       
2.217     3.0       
2.546     4.0       
2.858     1.0       
3.183     2.0       
3.502     3.0       
3.817     4.0       
4.144     1.0       
4.456     2.0       
4.771     3.0       
5.102     4.0       
5.414     1.0       
5.743     2.0       
6.07      3.0       
6.4       4.0       
6.707     1.0       
7.041     2.0       
7.373     3.0       
7.69      4.0       
8.013     1.0       
8.337     2.0       
8.65      3.0       
8.954     4.0       
9.275     1.0       
9.585     2.0       
9.899     3.0       
10.212    4.0       
10.526    1.0       
10.847    2.0       
11.162    3.0       
11.487    4.0       
11.8      1.0       
12.107    2.0       
12.436    3.0       
12.765    4.0       
13.069    1.0       
13.387    2.0       
13.719    3.0       
14.044    4.0       
14.365    1.0       
14.683    2.0       
15.002    3.0       
15.331    4.0       
15.642    1.0       
15.961    2.0       
16.274    3.0       
16.597    4.0       
16.903    1.0       
17.238    2.0       
17.571    3.0       
17.89     4.0       
18.206    1.0       
18.512    2.0       
18.841    3.0       
19.166    4.0       
19.494    1.0       
19.824    2.0       
20.133    3.0       
20.45     4.0       
20.767    1.0       
21.08     2.0       
21.411    3.0       
21.738    4.0       
22.051    5.0       
22.356    1.0       
22.659    2.0       
22.984    3.0       
23.309    4.0       
23.624    5.0       
23.935    1.0       
24.251    2.0       
24.572    3.0       
24.896    4.0       
25.221    5.0       
25.527    1.0       
25.86     2.0       
26.164    3.0       
26.493    4.0       
26.828    5.0       
27.139    1.0       
27.458    2.0       
27.773    3.0       
28.093    4.0       
28.42     5.0       
28.736    1.0       
29.048    2.0       
29.361    3.0       
29.683    4.0       
29.992    5.0       
30.327    1.0       
30.642    2.0       
30.959    3.0       
31.268    4.0       
31.572    5.0       
31.889    1.0       
32.209    2.0       
32.528    3.0       
32.862    4.0       
33.197    5.0       
33.502    1.0       
33.835    2.0       
34.139    3.0       
34.467    4.0       
34.791    5.0       
35.098    1.0       
35.424    2.0       
35.74     3.0       
36.046    4.0       
36.375    5.0       
36.708    1.0       
37.033    2.0       
37.344    3.0       
37.67     4.0       
37.995    5.0       
38.321    1.0       
38.654    2.0       
38.971    3.0       
39.301    4.0       
39.628    5.0       
39.945    1.0       
40.269    2.0       
40.597    3.0       
40.907    4.0       
41.234    5.0       
41.541    1.0       
41.869    2.0       
42.186    3.0       
42.508    4.0       
42.839    5.0       
43.17     1.0       
43.503    2.0       
43.833    3.0       
44.146    4.0       
44.479    5.0       
44.809    1.0       
45.114    2.0       
45.42     3.0       
45.744    4.0       
46.073    5.0       
46.408    1.0       
46.734    2.0       
47.053    3.0       
47.357    4.0       
47.66     5.0       
47.967    1.0       
48.283    2.0       
48.605    3.0       
48.913    4.0       
49.224    5.0       
49.559    1.0       
49.887    2.0       
50.2      3.0       
50.526    4.0       
50.842    5.0       
51.175    1.0       
51.508    2.0       
51.821    3.0       
52.137    4.0       
52.464    5.0       
52.793    1.0       
53.119    2.0       
53.426    3.0       
53.743    4.0       
54.067    5.0       
54.38     1.0       
54.684    2.0       
55.004    3.0       
55.327    4.0       
55.66     5.0       
55.973    1.0       
56.306    2.0       
56.632    3.0       
56.949    4.0       
57.267    5.0       
57.587    1.0       
57.89     2.0       
58.196    3.0       
58.523    4.0       
58.83     5.0       
