0.16      1.0       
0.459     2.0       
0.759     3.0       
1.082     4.0       
1.381     1.0       
1.708     2.0       
2.018     3.0       
2.34      4.0       
2.641     1.0       
2.958     2.0       
3.265     3.0       
3.575     4.0       
3.883     1.0       
4.211     2.0       
4.51      3.0       
4.817     4.0       
5.116     1.0       
5.421     2.0       
5.75      3.0       
6.057     4.0       
6.38      1.0       
6.699     2.0       
7.023     3.0       
7.322     4.0       
7.644     1.0       
7.946     2.0       
8.251     3.0       
8.58      4.0       
8.897     1.0       
9.221     2.0       
9.536     3.0       
9.857     4.0       
10.176    1.0       
10.492    2.0       
10.82     3.0       
11.139    4.0       
11.448    1.0       
11.749    2.0       
12.059    3.0       
12.379    4.0       
12.693    1.0       
13.02     2.0       
13.336    3.0       
13.639    4.0       
13.947    1.0       
14.267    2.0       
14.573    3.0       
14.894    4.0       
15.213    1.0       
15.523    2.0       
15.828    3.0       
16.151    4.0       
16.47     1.0       
16.783    2.0       
17.095    3.0       
17.405    4.0       
17.715    1.0       
18.017    2.0       
18.322    3.0       
18.626    4.0       
18.947    1.0       
19.245    2.0       
19.575    3.0       
19.899    4.0       
20.203    1.0       
20.501    2.0       
20.814    3.0       
21.133    4.0       
21.433    1.0       
21.739    2.0       
22.051    3.0       
22.353    4.0       
22.664    1.0       
22.969    2.0       
23.271    3.0       
23.592    4.0       
23.895    1.0       
24.209    2.0       
24.517    3.0       
24.846    4.0       
25.148    1.0       
25.474    2.0       
25.781    3.0       
26.097    4.0       
26.41     1.0       
26.739    2.0       
27.048    3.0       
27.354    4.0       
27.655    1.0       
27.969    2.0       
28.297    3.0       
28.596    4.0       
28.903    1.0       
29.223    2.0       
29.528    3.0       
29.848    4.0       
30.165    1.0       
30.466    2.0       
30.781    3.0       
31.096    4.0       
31.42     5.0       
31.722    1.0       
32.027    2.0       
32.346    3.0       
32.675    4.0       
32.981    5.0       
33.288    1.0       
33.589    2.0       
33.908    3.0       
34.206    4.0       
34.522    5.0       
34.833    1.0       
35.133    2.0       
35.447    3.0       
35.748    4.0       
36.052    5.0       
36.354    1.0       
36.67     2.0       
36.999    3.0       
37.329    4.0       
37.632    5.0       
37.956    1.0       
38.26     2.0       
38.578    3.0       
38.892    4.0       
39.217    5.0       
39.518    1.0       
39.84     2.0       
40.157    3.0       
40.48     4.0       
40.81     5.0       
41.118    1.0       
41.427    2.0       
41.749    3.0       
42.077    4.0       
42.405    5.0       
42.707    1.0       
43.026    2.0       
43.354    3.0       
43.669    4.0       
43.97     5.0       
44.277    1.0       
44.581    2.0       
44.91     3.0       
45.229    4.0       
45.546    5.0       
45.867    1.0       
46.194    2.0       
46.509    3.0       
46.821    4.0       
47.15     5.0       
47.464    1.0       
47.782    2.0       
48.093    3.0       
48.412    4.0       
48.732    5.0       
49.032    1.0       
49.349    2.0       
49.669    3.0       
49.992    4.0       
50.298    5.0       
50.619    1.0       
50.921    2.0       
51.242    3.0       
51.542    4.0       
51.867    5.0       
52.195    1.0       
52.493    2.0       
52.815    3.0       
53.129    4.0       
53.444    5.0       
53.768    1.0       
54.075    2.0       
54.384    3.0       
54.714    4.0       
55.041    5.0       
55.349    1.0       
55.667    2.0       
55.987    3.0       
56.285    4.0       
56.592    5.0       
56.906    1.0       
57.231    2.0       
57.553    3.0       
57.851    4.0       
58.178    5.0       
58.5      1.0       
58.803    2.0       
59.131    3.0       
59.455    4.0       
59.772    5.0       
60.07     1.0       
60.369    2.0       
60.675    3.0       
60.978    4.0       
61.295    5.0       
