0.156     1.0       
0.413     2.0       
0.652     3.0       
0.897     4.0       
1.151     1.0       
1.397     2.0       
1.642     3.0       
1.904     4.0       
2.163     1.0       
2.431     2.0       
2.679     3.0       
2.936     4.0       
3.183     1.0       
3.425     2.0       
3.664     3.0       
3.917     4.0       
4.162     1.0       
4.425     2.0       
4.687     3.0       
4.941     4.0       
5.181     1.0       
5.438     2.0       
5.677     3.0       
5.924     4.0       
6.165     1.0       
6.423     2.0       
6.689     3.0       
6.927     4.0       
7.186     1.0       
7.454     2.0       
7.696     3.0       
7.951     4.0       
8.196     1.0       
8.463     2.0       
8.715     3.0       
8.973     4.0       
9.23      1.0       
9.475     2.0       
9.731     3.0       
9.976     4.0       
10.24     1.0       
10.478    2.0       
10.72     3.0       
10.971    4.0       
11.235    1.0       
11.487    2.0       
11.729    3.0       
11.977    4.0       
12.242    1.0       
12.49     2.0       
12.749    3.0       
13.009    4.0       
13.247    5.0       
13.501    1.0       
13.753    2.0       
14.021    3.0       
14.278    4.0       
14.532    5.0       
14.768    1.0       
15.019    2.0       
15.273    3.0       
15.517    4.0       
15.776    5.0       
16.043    1.0       
16.302    2.0       
16.556    3.0       
16.807    4.0       
17.051    5.0       
17.31     1.0       
17.578    2.0       
17.843    3.0       
18.094    4.0       
18.331    5.0       
18.569    1.0       
18.822    2.0       
19.08     3.0       
19.334    4.0       
19.581    5.0       
19.83     1.0       
20.096    2.0       
20.354    3.0       
20.618    4.0       
20.886    5.0       
21.14     1.0       
21.392    2.0       
21.651    3.0       
21.919    4.0       
22.157    5.0       
22.408    1.0       
22.656    2.0       
22.895    3.0       
23.131    4.0       
23.38     5.0       
23.641    1.0       
23.883    2.0       
24.143    3.0       
24.394    4.0       
24.662    5.0       
24.91     1.0       
25.156    2.0       
25.422    3.0       
25.676    4.0       
25.931    5.0       
26.197    1.0       
26.451    2.0       
26.688    3.0       
26.955    4.0       
27.219    5.0       
27.471    1.0       
27.714    2.0       
27.965    3.0       
28.218    4.0       
28.462    5.0       
28.711    1.0       
28.966    2.0       
29.215    3.0       
29.482    4.0       
29.744    5.0       
29.993    1.0       
30.26     2.0       
30.524    3.0       
30.761    4.0       
31.028    5.0       
31.274    1.0       
31.516    2.0       
31.762    3.0       
32.007    4.0       
32.261    5.0       
32.513    1.0       
32.772    2.0       
33.028    3.0       
33.289    4.0       
33.551    5.0       
33.797    1.0       
34.054    2.0       
34.301    3.0       
34.55     4.0       
34.816    5.0       
35.056    1.0       
35.321    2.0       
35.56     3.0       
35.804    4.0       
36.047    5.0       
36.29     1.0       
36.527    2.0       
36.791    3.0       
37.039    4.0       
37.306    5.0       
37.548    1.0       
37.816    2.0       
38.072    3.0       
38.317    4.0       
38.581    5.0       
38.841    1.0       
39.082    2.0       
39.331    3.0       
39.585    4.0       
39.83     5.0       
40.097    1.0       
40.343    2.0       
40.596    3.0       
40.862    4.0       
41.109    5.0       
41.346    1.0       
41.599    2.0       
41.835    3.0       
42.082    4.0       
42.344    5.0       
42.587    1.0       
42.824    2.0       
43.063    3.0       
43.305    4.0       
43.543    5.0       
43.783    1.0       
44.041    2.0       
44.293    3.0       
44.542    4.0       
44.781    5.0       
45.045    1.0       
45.284    2.0       
45.535    3.0       
45.776    4.0       
46.044    5.0       
46.289    1.0       
46.538    2.0       
46.793    3.0       
47.061    4.0       
47.307    5.0       
47.556    1.0       
47.8      2.0       
48.06     3.0       
48.311    4.0       
48.573    5.0       
48.825    1.0       
49.073    2.0       
49.321    3.0       
49.577    4.0       
49.84     5.0       
50.09     1.0       
50.336    2.0       
50.585    3.0       
50.823    4.0       
51.079    5.0       
51.318    1.0       
51.561    2.0       
51.81     3.0       
52.071    4.0       
52.315    5.0       
