0.188     1.0       
0.496     2.0       
0.793     3.0       
1.104     4.0       
1.397     1.0       
1.693     2.0       
1.997     3.0       
2.289     4.0       
2.569     1.0       
2.864     2.0       
3.146     3.0       
3.425     4.0       
3.73      1.0       
4.03      2.0       
4.338     3.0       
4.621     4.0       
4.926     1.0       
5.225     2.0       
5.512     3.0       
5.794     4.0       
6.098     1.0       
6.406     2.0       
6.697     3.0       
6.995     4.0       
7.276     1.0       
7.56      2.0       
7.859     3.0       
8.163     4.0       
8.454     1.0       
8.763     2.0       
9.069     3.0       
9.373     4.0       
9.659     1.0       
9.957     2.0       
10.257    3.0       
10.545    4.0       
10.838    1.0       
11.118    2.0       
11.399    3.0       
11.697    4.0       
11.976    1.0       
12.269    2.0       
12.548    3.0       
12.827    4.0       
13.122    1.0       
13.424    2.0       
13.715    3.0       
14.02     4.0       
14.323    1.0       
14.616    2.0       
14.912    3.0       
15.192    4.0       
15.486    1.0       
15.791    2.0       
16.074    3.0       
16.372    4.0       
16.668    1.0       
16.948    2.0       
17.258    3.0       
17.556    4.0       
17.838    1.0       
18.148    2.0       
18.449    3.0       
18.746    4.0       
19.034    1.0       
19.324    2.0       
19.629    3.0       
19.93     4.0       
20.232    5.0       
20.511    1.0       
20.793    2.0       
21.086    3.0       
21.386    4.0       
21.665    5.0       
21.957    1.0       
22.255    2.0       
22.558    3.0       
22.842    4.0       
23.146    5.0       
23.428    1.0       
23.73     2.0       
24.023    3.0       
24.307    4.0       
24.59     5.0       
24.898    1.0       
25.186    2.0       
25.481    3.0       
25.789    4.0       
26.1      5.0       
26.385    1.0       
26.666    2.0       
26.952    3.0       
27.255    4.0       
27.542    5.0       
27.836    1.0       
28.137    2.0       
28.423    3.0       
28.703    4.0       
28.988    5.0       
29.275    1.0       
29.582    2.0       
29.868    3.0       
30.148    4.0       
30.434    5.0       
30.724    1.0       
31.03     2.0       
31.323    3.0       
31.616    4.0       
31.896    5.0       
32.179    1.0       
32.475    2.0       
32.781    3.0       
33.068    4.0       
33.363    5.0       
33.657    1.0       
33.951    2.0       
34.23     3.0       
34.51     4.0       
34.803    5.0       
35.103    1.0       
35.389    2.0       
35.68     3.0       
35.972    4.0       
36.258    5.0       
36.568    1.0       
36.873    2.0       
37.159    3.0       
37.448    4.0       
37.754    5.0       
38.045    1.0       
38.337    2.0       
38.621    3.0       
38.914    4.0       
39.218    5.0       
39.518    1.0       
39.806    2.0       
40.087    3.0       
40.381    4.0       
40.663    5.0       
40.948    1.0       
41.259    2.0       
41.564    3.0       
41.851    4.0       
42.152    5.0       
42.431    1.0       
42.712    2.0       
43.016    3.0       
43.303    4.0       
43.592    5.0       
43.895    1.0       
44.202    2.0       
44.508    3.0       
44.796    4.0       
45.084    5.0       
45.366    1.0       
45.654    2.0       
45.941    3.0       
46.223    4.0       
46.528    5.0       
46.823    1.0       
47.119    2.0       
47.406    3.0       
47.692    4.0       
47.996    5.0       
