0.226     1.0       
0.461     2.0       
0.673     3.0       
0.902     4.0       
1.138     1.0       
1.351     2.0       
1.578     3.0       
1.798     4.0       
2.01      1.0       
2.232     2.0       
2.461     3.0       
2.704     4.0       
2.93      1.0       
3.162     2.0       
3.385     3.0       
3.602     4.0       
3.84      1.0       
4.083     2.0       
4.326     3.0       
4.563     4.0       
4.787     1.0       
5.017     2.0       
5.259     3.0       
5.493     4.0       
5.72      1.0       
5.951     2.0       
6.164     3.0       
6.4       4.0       
6.623     1.0       
6.841     2.0       
7.07      3.0       
7.304     4.0       
7.533     1.0       
7.765     2.0       
7.98      3.0       
8.222     4.0       
8.456     1.0       
8.668     2.0       
8.899     3.0       
9.119     4.0       
9.362     1.0       
9.591     2.0       
9.829     3.0       
10.065    4.0       
10.306    1.0       
10.549    2.0       
10.789    3.0       
11.006    4.0       
11.242    1.0       
11.485    2.0       
11.714    3.0       
11.94     4.0       
12.169    1.0       
12.384    2.0       
12.607    3.0       
12.826    4.0       
13.043    1.0       
13.276    2.0       
13.489    3.0       
13.731    4.0       
13.972    1.0       
14.204    2.0       
14.419    3.0       
14.632    4.0       
14.859    1.0       
15.081    2.0       
15.309    3.0       
15.534    4.0       
15.766    5.0       
15.995    1.0       
16.218    2.0       
16.433    3.0       
16.663    4.0       
16.878    5.0       
17.109    1.0       
17.328    2.0       
17.544    3.0       
17.778    4.0       
17.993    5.0       
18.216    1.0       
18.451    2.0       
18.666    3.0       
18.902    4.0       
19.136    5.0       
19.356    1.0       
19.593    2.0       
19.824    3.0       
20.063    4.0       
20.293    5.0       
20.534    1.0       
20.76     2.0       
20.975    3.0       
21.193    4.0       
21.404    5.0       
21.623    1.0       
21.845    2.0       
22.079    3.0       
22.309    4.0       
22.547    5.0       
22.778    1.0       
22.998    2.0       
23.234    3.0       
23.476    4.0       
23.703    5.0       
