0.234     1.0       
0.462     2.0       
0.697     3.0       
0.927     4.0       
1.155     1.0       
1.389     2.0       
1.61      3.0       
1.824     4.0       
2.032     1.0       
2.24      2.0       
2.47      3.0       
2.681     4.0       
2.905     1.0       
3.13      2.0       
3.348     3.0       
3.563     4.0       
3.791     1.0       
4.001     2.0       
4.222     3.0       
4.447     4.0       
4.676     1.0       
4.91      2.0       
5.141     3.0       
5.345     4.0       
5.579     1.0       
5.784     2.0       
5.994     3.0       
6.199     4.0       
6.426     1.0       
6.633     2.0       
6.851     3.0       
7.065     4.0       
7.28      1.0       
7.485     2.0       
7.701     3.0       
7.93      4.0       
8.16      1.0       
8.376     2.0       
8.601     3.0       
8.823     4.0       
9.034     1.0       
9.254     2.0       
9.488     3.0       
9.704     4.0       
9.922     1.0       
10.132    2.0       
10.352    3.0       
10.56     4.0       
10.787    1.0       
11.01     2.0       
11.241    3.0       
11.453    4.0       
11.657    5.0       
11.862    1.0       
12.077    2.0       
12.292    3.0       
12.495    4.0       
12.712    5.0       
12.923    1.0       
13.158    2.0       
13.368    3.0       
13.588    4.0       
13.796    5.0       
14.007    1.0       
14.226    2.0       
14.444    3.0       
14.649    4.0       
14.855    5.0       
15.068    1.0       
15.281    2.0       
15.505    3.0       
15.733    4.0       
15.947    5.0       
16.158    1.0       
16.38     2.0       
16.614    3.0       
16.817    4.0       
17.025    5.0       
17.243    1.0       
17.458    2.0       
17.681    3.0       
17.901    4.0       
18.132    5.0       
18.357    1.0       
18.572    2.0       
18.777    3.0       
18.983    4.0       
19.209    5.0       
19.429    1.0       
19.655    2.0       
19.878    3.0       
20.101    4.0       
20.333    5.0       
20.556    1.0       
20.769    2.0       
20.981    3.0       
21.185    4.0       
21.398    5.0       
21.631    1.0       
21.852    2.0       
22.075    3.0       
22.297    4.0       
22.518    5.0       
22.727    1.0       
22.936    2.0       
23.162    3.0       
23.369    4.0       
23.586    5.0       
23.809    1.0       
24.024    2.0       
24.238    3.0       
24.467    4.0       
24.7      5.0       
24.917    1.0       
25.145    2.0       
25.366    3.0       
25.583    4.0       
25.806    5.0       
26.026    1.0       
26.238    2.0       
26.45     3.0       
26.682    4.0       
26.887    5.0       
27.106    1.0       
27.334    2.0       
27.54     3.0       
27.755    4.0       
27.99     5.0       
28.2      1.0       
28.432    2.0       
28.654    3.0       
28.88     4.0       
29.11     5.0       
29.338    1.0       
29.561    2.0       
29.787    3.0       
30.002    4.0       
30.234    5.0       
30.445    1.0       
30.651    2.0       
30.862    3.0       
31.097    4.0       
31.312    5.0       
31.533    1.0       
31.755    2.0       
31.976    3.0       
32.211    4.0       
32.426    5.0       
32.646    1.0       
32.857    2.0       
33.062    3.0       
33.287    4.0       
33.497    5.0       
33.71     1.0       
33.935    2.0       
34.156    3.0       
34.361    4.0       
34.572    5.0       
34.803    1.0       
35.026    2.0       
35.252    3.0       
35.48     4.0       
35.692    5.0       
35.898    1.0       
36.111    2.0       
36.332    3.0       
36.538    4.0       
36.752    5.0       
36.971    1.0       
37.206    2.0       
37.427    3.0       
37.63     4.0       
37.841    5.0       
38.055    1.0       
38.284    2.0       
38.515    3.0       
38.735    4.0       
38.97     5.0       
39.204    1.0       
39.407    2.0       
39.618    3.0       
39.83     4.0       
40.052    5.0       
40.274    1.0       
40.49     2.0       
40.723    3.0       
40.931    4.0       
41.154    5.0       
