0.132     1.0       
0.38      2.0       
0.612     3.0       
0.848     4.0       
1.102     1.0       
1.347     2.0       
1.599     3.0       
1.844     4.0       
2.075     1.0       
2.317     2.0       
2.544     3.0       
2.78      4.0       
3.018     1.0       
3.249     2.0       
3.492     3.0       
3.726     4.0       
3.974     1.0       
4.227     2.0       
4.472     3.0       
4.714     4.0       
4.951     1.0       
5.198     2.0       
5.449     3.0       
5.707     4.0       
5.947     1.0       
6.179     2.0       
6.421     3.0       
6.654     4.0       
6.889     1.0       
7.136     2.0       
7.37      3.0       
7.617     4.0       
7.868     1.0       
8.104     2.0       
8.337     3.0       
8.584     4.0       
8.827     1.0       
9.063     2.0       
9.322     3.0       
9.566     4.0       
9.816     1.0       
10.073    2.0       
10.314    3.0       
10.543    4.0       
10.793    1.0       
11.051    2.0       
11.29     3.0       
11.528    4.0       
11.783    1.0       
12.02     2.0       
12.279    3.0       
12.514    4.0       
12.742    1.0       
12.996    2.0       
13.225    3.0       
13.464    4.0       
13.702    1.0       
13.944    2.0       
14.201    3.0       
14.447    4.0       
14.686    1.0       
14.944    2.0       
15.173    3.0       
15.407    4.0       
15.665    1.0       
15.913    2.0       
16.156    3.0       
16.399    4.0       
16.649    1.0       
16.901    2.0       
17.142    3.0       
17.398    4.0       
17.629    1.0       
17.858    2.0       
18.108    3.0       
18.36     4.0       
18.596    1.0       
18.832    2.0       
19.074    3.0       
19.31     4.0       
19.563    1.0       
19.796    2.0       
20.035    3.0       
20.282    4.0       
20.527    1.0       
20.767    2.0       
21.019    3.0       
21.278    4.0       
21.517    1.0       
21.769    2.0       
22.008    3.0       
22.241    4.0       
22.491    1.0       
22.738    2.0       
22.966    3.0       
23.221    4.0       
23.475    1.0       
23.71     2.0       
23.954    3.0       
24.208    4.0       
24.435    1.0       
24.691    2.0       
24.946    3.0       
25.201    4.0       
25.445    1.0       
25.692    2.0       
25.919    3.0       
26.162    4.0       
26.41     1.0       
26.637    2.0       
26.89     3.0       
27.117    4.0       
27.346    1.0       
27.605    2.0       
27.837    3.0       
28.095    4.0       
28.336    5.0       
28.566    1.0       
28.822    2.0       
29.077    3.0       
29.313    4.0       
29.56     5.0       
29.805    1.0       
30.037    2.0       
30.27     3.0       
30.503    4.0       
30.759    5.0       
30.999    1.0       
31.244    2.0       
31.489    3.0       
31.739    4.0       
31.974    5.0       
32.229    1.0       
32.479    2.0       
32.706    3.0       
32.962    4.0       
33.221    5.0       
33.472    1.0       
33.703    2.0       
33.937    3.0       
34.195    4.0       
34.425    5.0       
34.661    1.0       
34.901    2.0       
35.136    3.0       
35.381    4.0       
35.613    5.0       
35.864    1.0       
36.123    2.0       
36.356    3.0       
36.613    4.0       
36.857    5.0       
37.101    1.0       
37.331    2.0       
37.58     3.0       
37.817    4.0       
38.071    5.0       
38.307    1.0       
38.566    2.0       
38.814    3.0       
39.062    4.0       
39.296    5.0       
39.546    1.0       
39.798    2.0       
40.025    3.0       
40.282    4.0       
40.525    5.0       
40.756    1.0       
41.014    2.0       
41.243    3.0       
41.47     4.0       
41.721    5.0       
41.957    1.0       
42.216    2.0       
42.469    3.0       
42.723    4.0       
42.969    5.0       
43.225    1.0       
43.469    2.0       
43.703    3.0       
43.955    4.0       
44.185    5.0       
44.444    1.0       
44.689    2.0       
44.947    3.0       
45.192    4.0       
45.422    5.0       
45.655    1.0       
45.909    2.0       
46.144    3.0       
46.391    4.0       
46.627    5.0       
46.879    1.0       
47.115    2.0       
47.349    3.0       
47.589    4.0       
47.818    5.0       
48.068    1.0       
48.313    2.0       
48.557    3.0       
48.802    4.0       
49.058    5.0       
49.31     1.0       
49.549    2.0       
49.805    3.0       
50.033    4.0       
50.264    5.0       
50.512    1.0       
50.769    2.0       
51.015    3.0       
51.253    4.0       
51.488    5.0       
51.736    1.0       
51.986    2.0       
52.214    3.0       
52.461    4.0       
52.703    5.0       
52.947    1.0       
53.203    2.0       
53.446    3.0       
53.704    4.0       
53.95     5.0       
54.2      1.0       
54.434    2.0       
54.687    3.0       
54.927    4.0       
55.168    5.0       
55.411    1.0       
55.651    2.0       
55.895    3.0       
56.132    4.0       
56.365    5.0       
