0.177     1.0       
0.527     2.0       
0.851     3.0       
1.187     4.0       
1.536     1.0       
1.877     2.0       
2.211     3.0       
2.558     4.0       
2.893     1.0       
3.213     2.0       
3.555     3.0       
3.889     4.0       
4.219     1.0       
4.564     2.0       
4.911     3.0       
5.242     4.0       
5.567     1.0       
5.915     2.0       
6.238     3.0       
6.569     4.0       
6.898     1.0       
7.226     2.0       
7.55      3.0       
7.879     4.0       
8.222     1.0       
8.572     2.0       
8.923     3.0       
9.244     4.0       
9.573     1.0       
9.917     2.0       
10.251    3.0       
10.599    4.0       
10.934    1.0       
11.253    2.0       
11.603    3.0       
11.954    4.0       
12.286    5.0       
12.609    1.0       
12.958    2.0       
13.301    3.0       
13.642    4.0       
13.98     5.0       
14.3      1.0       
14.641    2.0       
14.962    3.0       
15.313    4.0       
15.648    5.0       
15.971    1.0       
16.3      2.0       
16.633    3.0       
16.973    4.0       
17.309    5.0       
17.659    1.0       
17.992    2.0       
18.311    3.0       
18.632    4.0       
18.962    5.0       
19.295    1.0       
19.614    2.0       
19.949    3.0       
20.277    4.0       
20.608    5.0       
20.954    1.0       
21.299    2.0       
21.63     3.0       
21.967    4.0       
22.304    5.0       
22.626    1.0       
22.945    2.0       
23.292    3.0       
23.625    4.0       
23.964    5.0       
24.285    1.0       
24.632    2.0       
24.961    3.0       
25.289    4.0       
25.618    5.0       
25.949    1.0       
26.272    2.0       
26.615    3.0       
26.938    4.0       
27.268    5.0       
27.597    1.0       
27.931    2.0       
28.257    3.0       
28.607    4.0       
28.949    5.0       
29.285    1.0       
29.634    2.0       
29.976    3.0       
30.303    4.0       
30.625    5.0       
30.97     1.0       
31.31     2.0       
31.637    3.0       
31.988    4.0       
32.338    5.0       
32.689    1.0       
33.014    2.0       
33.342    3.0       
33.681    4.0       
34.0      5.0       
34.338    1.0       
34.683    2.0       
35.024    3.0       
35.375    4.0       
35.705    5.0       
36.027    1.0       
36.358    2.0       
36.701    3.0       
37.023    4.0       
37.351    5.0       
37.672    1.0       
38.015    2.0       
38.342    3.0       
38.677    4.0       
38.999    5.0       
39.323    1.0       
39.65     2.0       
39.99     3.0       
40.331    4.0       
40.656    5.0       
41.006    1.0       
41.334    2.0       
41.674    3.0       
42.007    4.0       
42.339    5.0       
42.679    1.0       
43.005    2.0       
43.343    3.0       
43.685    4.0       
44.021    5.0       
44.358    1.0       
44.7      2.0       
45.051    3.0       
45.395    4.0       
45.736    5.0       
46.086    1.0       
46.43     2.0       
46.767    3.0       
47.089    4.0       
47.411    5.0       
47.747    1.0       
48.097    2.0       
48.434    3.0       
48.775    4.0       
49.096    5.0       
49.442    1.0       
49.765    2.0       
50.115    3.0       
50.437    4.0       
50.788    5.0       
51.119    1.0       
51.458    2.0       
51.786    3.0       
52.124    4.0       
52.458    5.0       
52.808    1.0       
53.158    2.0       
53.495    3.0       
53.822    4.0       
54.172    5.0       
54.513    1.0       
54.851    2.0       
55.187    3.0       
55.536    4.0       
55.862    5.0       
56.205    1.0       
56.537    2.0       
56.876    3.0       
57.198    4.0       
57.523    5.0       
