0.182     1.0       
0.512     2.0       
0.842     3.0       
1.147     4.0       
1.451     1.0       
1.78      2.0       
2.103     3.0       
2.42      4.0       
2.737     1.0       
3.035     2.0       
3.345     3.0       
3.663     4.0       
3.986     1.0       
4.301     2.0       
4.62      3.0       
4.943     4.0       
5.27      1.0       
5.576     2.0       
5.876     3.0       
6.201     4.0       
6.507     1.0       
6.823     2.0       
7.153     3.0       
7.481     4.0       
7.786     1.0       
8.095     2.0       
8.398     3.0       
8.708     4.0       
9.034     1.0       
9.355     2.0       
9.657     3.0       
9.979     4.0       
10.288    1.0       
10.597    2.0       
10.917    3.0       
11.23     4.0       
11.553    1.0       
11.863    2.0       
12.19     3.0       
12.497    4.0       
12.827    1.0       
13.129    2.0       
13.454    3.0       
13.767    4.0       
14.079    1.0       
14.396    2.0       
14.726    3.0       
15.03     4.0       
15.343    1.0       
15.664    2.0       
15.992    3.0       
16.308    4.0       
16.623    1.0       
16.942    2.0       
17.242    3.0       
17.551    4.0       
17.858    1.0       
18.188    2.0       
18.51     3.0       
18.839    4.0       
19.15     1.0       
19.461    2.0       
19.775    3.0       
20.092    4.0       
20.407    1.0       
20.727    2.0       
21.032    3.0       
21.354    4.0       
21.655    1.0       
21.962    2.0       
22.271    3.0       
22.58     4.0       
22.879    1.0       
23.203    2.0       
23.522    3.0       
23.847    4.0       
24.165    1.0       
24.469    2.0       
24.774    3.0       
25.094    4.0       
25.41     1.0       
25.714    2.0       
26.042    3.0       
26.368    4.0       
26.693    1.0       
27.009    2.0       
27.32     3.0       
27.626    4.0       
27.925    1.0       
28.234    2.0       
28.532    3.0       
28.835    4.0       
29.136    1.0       
29.449    2.0       
29.748    3.0       
30.059    4.0       
30.367    1.0       
30.68     2.0       
30.998    3.0       
31.315    4.0       
31.626    1.0       
31.925    2.0       
32.232    3.0       
32.532    4.0       
32.832    1.0       
33.137    2.0       
33.454    3.0       
33.765    4.0       
34.083    1.0       
34.413    2.0       
34.72     3.0       
35.026    4.0       
35.329    1.0       
35.632    2.0       
35.95     3.0       
36.273    4.0       
36.577    5.0       
36.903    1.0       
37.216    2.0       
37.524    3.0       
37.832    4.0       
38.134    5.0       
38.457    1.0       
38.756    2.0       
39.082    3.0       
39.395    4.0       
39.696    5.0       
40.014    1.0       
40.338    2.0       
40.656    3.0       
40.979    4.0       
41.304    5.0       
41.629    1.0       
41.93     2.0       
42.237    3.0       
42.564    4.0       
42.868    5.0       
43.18     1.0       
43.481    2.0       
43.787    3.0       
44.092    4.0       
44.398    5.0       
44.709    1.0       
45.009    2.0       
45.312    3.0       
45.626    4.0       
45.955    5.0       
46.282    1.0       
46.587    2.0       
46.894    3.0       
47.215    4.0       
47.543    5.0       
47.849    1.0       
48.178    2.0       
48.508    3.0       
48.829    4.0       
49.145    5.0       
49.447    1.0       
49.776    2.0       
50.086    3.0       
50.404    4.0       
50.709    5.0       
51.031    1.0       
51.335    2.0       
51.656    3.0       
51.956    4.0       
52.259    5.0       
52.589    1.0       
52.915    2.0       
53.235    3.0       
53.559    4.0       
53.861    5.0       
54.185    1.0       
54.51     2.0       
54.825    3.0       
55.129    4.0       
55.429    5.0       
55.751    1.0       
56.067    2.0       
56.383    3.0       
56.692    4.0       
57.022    5.0       
57.346    1.0       
57.672    2.0       
57.984    3.0       
58.307    4.0       
58.622    5.0       
58.926    1.0       
59.241    2.0       
59.544    3.0       
59.87     4.0       
60.2      5.0       
60.505    1.0       
60.807    2.0       
61.106    3.0       
61.422    4.0       
61.737    5.0       
62.053    1.0       
62.366    2.0       
62.695    3.0       
62.995    4.0       
63.325    5.0       
63.632    1.0       
63.93     2.0       
64.254    3.0       
64.571    4.0       
64.894    5.0       
65.216    1.0       
65.514    2.0       
65.818    3.0       
66.141    4.0       
66.455    5.0       
66.757    1.0       
67.076    2.0       
67.397    3.0       
67.705    4.0       
68.007    5.0       
68.332    1.0       
68.637    2.0       
68.936    3.0       
69.253    4.0       
69.562    5.0       
69.867    1.0       
70.168    2.0       
70.492    3.0       
70.808    4.0       
71.124    5.0       
71.422    1.0       
71.752    2.0       
72.062    3.0       
72.386    4.0       
72.698    5.0       
73.023    1.0       
73.33     2.0       
73.652    3.0       
73.958    4.0       
74.286    5.0       
74.594    1.0       
74.892    2.0       
75.209    3.0       
75.523    4.0       
75.821    5.0       
76.139    1.0       
76.453    2.0       
76.781    3.0       
77.083    4.0       
77.394    5.0       
77.698    1.0       
78.005    2.0       
78.323    3.0       
78.639    4.0       
78.965    5.0       
79.27     1.0       
79.598    2.0       
79.897    3.0       
80.203    4.0       
80.526    5.0       
80.845    1.0       
81.147    2.0       
81.448    3.0       
81.776    4.0       
82.08     5.0       
82.393    1.0       
82.706    2.0       
83.016    3.0       
83.327    4.0       
83.657    5.0       
83.983    1.0       
84.283    2.0       
84.595    3.0       
84.901    4.0       
85.223    5.0       
