0.299     1.0       
0.527     2.0       
0.759     3.0       
1.003     4.0       
1.234     1.0       
1.46      2.0       
1.681     3.0       
1.907     4.0       
2.154     1.0       
2.391     2.0       
2.62      3.0       
2.86      4.0       
3.104     1.0       
3.334     2.0       
3.584     3.0       
3.826     4.0       
4.058     1.0       
4.29      2.0       
4.527     3.0       
4.75      4.0       
4.998     1.0       
5.23      2.0       
5.48      3.0       
5.699     4.0       
5.931     1.0       
6.161     2.0       
6.405     3.0       
6.626     4.0       
6.846     1.0       
7.089     2.0       
7.317     3.0       
7.561     4.0       
7.797     1.0       
8.034     2.0       
8.275     3.0       
8.505     4.0       
8.727     1.0       
8.949     2.0       
9.183     3.0       
9.403     4.0       
9.646     1.0       
9.874     2.0       
10.108    3.0       
10.348    4.0       
10.576    1.0       
10.812    2.0       
11.06     3.0       
11.294    4.0       
11.533    1.0       
11.761    2.0       
11.984    3.0       
12.208    4.0       
12.435    1.0       
12.679    2.0       
12.902    3.0       
13.148    4.0       
13.369    1.0       
13.613    2.0       
13.848    3.0       
14.076    4.0       
14.304    1.0       
14.526    2.0       
14.755    3.0       
14.996    4.0       
15.243    1.0       
15.49     2.0       
15.709    3.0       
15.946    4.0       
16.175    1.0       
16.412    2.0       
16.645    3.0       
16.873    4.0       
17.109    1.0       
17.344    2.0       
17.593    3.0       
17.823    4.0       
18.072    1.0       
18.315    2.0       
18.564    3.0       
18.797    4.0       
19.028    1.0       
19.249    2.0       
19.49     3.0       
19.73     4.0       
19.953    5.0       
20.179    1.0       
20.42     2.0       
20.663    3.0       
20.905    4.0       
21.139    5.0       
21.386    1.0       
21.606    2.0       
21.836    3.0       
22.057    4.0       
22.294    5.0       
22.515    1.0       
22.743    2.0       
22.973    3.0       
23.218    4.0       
23.437    5.0       
23.663    1.0       
23.912    2.0       
24.16     3.0       
24.386    4.0       
24.635    5.0       
24.873    1.0       
25.116    2.0       
25.346    3.0       
25.581    4.0       
25.821    5.0       
26.067    1.0       
26.314    2.0       
26.543    3.0       
26.762    4.0       
27.006    5.0       
27.244    1.0       
27.463    2.0       
27.701    3.0       
27.934    4.0       
28.17     5.0       
