0.199     1.0       
0.438     2.0       
0.692     3.0       
0.944     4.0       
1.193     1.0       
1.438     2.0       
1.665     3.0       
1.915     4.0       
2.168     1.0       
2.416     2.0       
2.656     3.0       
2.895     4.0       
3.149     1.0       
3.406     2.0       
3.638     3.0       
3.878     4.0       
4.129     1.0       
4.377     2.0       
4.613     3.0       
4.846     4.0       
5.095     1.0       
5.342     2.0       
5.573     3.0       
5.806     4.0       
6.04      1.0       
6.267     2.0       
6.492     3.0       
6.717     4.0       
6.947     1.0       
7.194     2.0       
7.425     3.0       
7.676     4.0       
7.901     1.0       
8.139     2.0       
8.388     3.0       
8.632     4.0       
8.885     1.0       
9.123     2.0       
9.371     3.0       
9.61      4.0       
9.854     1.0       
10.099    2.0       
10.329    3.0       
10.576    4.0       
10.804    1.0       
11.032    2.0       
11.265    3.0       
11.508    4.0       
11.741    1.0       
11.967    2.0       
12.215    3.0       
12.449    4.0       
12.706    1.0       
12.95     2.0       
13.204    3.0       
13.429    4.0       
13.683    1.0       
13.935    2.0       
14.177    3.0       
14.41     4.0       
14.645    1.0       
14.889    2.0       
15.14     3.0       
15.385    4.0       
15.622    1.0       
15.869    2.0       
16.102    3.0       
16.357    4.0       
16.598    5.0       
16.854    1.0       
17.089    2.0       
17.315    3.0       
17.555    4.0       
17.789    5.0       
18.04     1.0       
18.277    2.0       
18.524    3.0       
18.78     4.0       
19.032    5.0       
19.284    1.0       
19.529    2.0       
19.781    3.0       
20.02     4.0       
20.248    5.0       
20.495    1.0       
20.736    2.0       
20.98     3.0       
21.226    4.0       
21.453    5.0       
21.685    1.0       
21.911    2.0       
22.152    3.0       
22.395    4.0       
22.624    5.0       
22.868    1.0       
23.116    2.0       
23.353    3.0       
23.593    4.0       
23.839    5.0       
24.07     1.0       
24.321    2.0       
24.573    3.0       
24.822    4.0       
25.073    5.0       
25.321    1.0       
25.55     2.0       
25.786    3.0       
26.036    4.0       
26.263    5.0       
26.503    1.0       
26.744    2.0       
26.995    3.0       
27.233    4.0       
27.46     5.0       
27.691    1.0       
27.93     2.0       
28.178    3.0       
28.42     4.0       
28.659    5.0       
28.887    1.0       
29.134    2.0       
29.367    3.0       
29.597    4.0       
29.837    5.0       
30.063    1.0       
30.293    2.0       
30.545    3.0       
30.775    4.0       
31.005    5.0       
31.243    1.0       
31.494    2.0       
31.739    3.0       
31.976    4.0       
32.222    5.0       
32.45     1.0       
32.698    2.0       
32.944    3.0       
33.201    4.0       
33.454    5.0       
33.711    1.0       
33.96     2.0       
34.207    3.0       
34.447    4.0       
34.701    5.0       
34.946    1.0       
35.192    2.0       
35.422    3.0       
35.677    4.0       
35.909    5.0       
36.148    1.0       
36.384    2.0       
36.613    3.0       
36.853    4.0       
37.079    5.0       
37.322    1.0       
37.549    2.0       
37.795    3.0       
38.033    4.0       
38.261    5.0       
38.494    1.0       
38.72     2.0       
38.96     3.0       
39.193    4.0       
39.437    5.0       
39.665    1.0       
39.913    2.0       
40.154    3.0       
40.396    4.0       
40.638    5.0       
40.893    1.0       
41.139    2.0       
41.393    3.0       
41.634    4.0       
41.891    5.0       
42.127    1.0       
42.378    2.0       
42.604    3.0       
42.855    4.0       
43.101    5.0       
43.335    1.0       
43.582    2.0       
43.824    3.0       
44.075    4.0       
44.307    5.0       
44.556    1.0       
44.806    2.0       
45.042    3.0       
45.293    4.0       
45.518    5.0       
45.744    1.0       
45.982    2.0       
46.207    3.0       
46.436    4.0       
46.671    5.0       
46.917    1.0       
47.147    2.0       
47.39     3.0       
47.635    4.0       
47.885    5.0       
48.114    1.0       
48.362    2.0       
48.592    3.0       
48.825    4.0       
49.079    5.0       
