0.223     1.0       
0.47      2.0       
0.722     3.0       
0.98      4.0       
1.243     1.0       
1.491     2.0       
1.747     3.0       
1.99      4.0       
2.245     1.0       
2.513     2.0       
2.783     3.0       
3.028     4.0       
3.271     1.0       
3.515     2.0       
3.787     3.0       
4.028     4.0       
4.295     1.0       
4.553     2.0       
4.821     3.0       
5.067     4.0       
5.328     1.0       
5.583     2.0       
5.829     3.0       
6.088     4.0       
6.346     1.0       
6.608     2.0       
6.878     3.0       
7.145     4.0       
7.411     1.0       
7.682     2.0       
7.935     3.0       
8.184     4.0       
8.443     1.0       
8.693     2.0       
8.944     3.0       
9.185     4.0       
9.451     5.0       
9.704     1.0       
9.957     2.0       
10.226    3.0       
10.487    4.0       
10.757    5.0       
11.008    1.0       
11.266    2.0       
11.521    3.0       
11.766    4.0       
12.032    5.0       
12.295    1.0       
12.568    2.0       
12.821    3.0       
13.063    4.0       
13.321    5.0       
13.588    1.0       
13.848    2.0       
14.096    3.0       
14.362    4.0       
14.604    5.0       
14.862    1.0       
15.112    2.0       
15.364    3.0       
15.621    4.0       
15.892    5.0       
16.134    1.0       
16.381    2.0       
16.635    3.0       
16.903    4.0       
17.147    5.0       
17.419    1.0       
17.676    2.0       
17.92     3.0       
18.19     4.0       
18.44     5.0       
18.693    1.0       
18.965    2.0       
19.227    3.0       
19.496    4.0       
19.751    5.0       
20.022    1.0       
20.277    2.0       
20.531    3.0       
20.8      4.0       
21.057    5.0       
21.304    1.0       
21.563    2.0       
21.832    3.0       
22.086    4.0       
22.353    5.0       
22.621    1.0       
22.882    2.0       
23.131    3.0       
23.378    4.0       
23.651    5.0       
