0.186     1.0       
0.441     2.0       
0.687     3.0       
0.952     4.0       
1.207     1.0       
1.443     2.0       
1.711     3.0       
1.953     4.0       
2.199     1.0       
2.44      2.0       
2.699     3.0       
2.965     4.0       
3.215     1.0       
3.463     2.0       
3.727     3.0       
3.985     4.0       
4.229     1.0       
4.48      2.0       
4.746     3.0       
5.009     4.0       
5.254     1.0       
5.518     2.0       
5.772     3.0       
6.025     4.0       
6.291     1.0       
6.559     2.0       
6.802     3.0       
7.061     4.0       
7.297     1.0       
7.543     2.0       
7.786     3.0       
8.043     4.0       
8.302     1.0       
8.55      2.0       
8.804     3.0       
9.061     4.0       
9.328     5.0       
9.571     1.0       
9.833     2.0       
10.092    3.0       
10.329    4.0       
10.59     5.0       
10.849    1.0       
11.103    2.0       
11.368    3.0       
11.625    4.0       
11.874    5.0       
12.11     1.0       
12.35     2.0       
12.598    3.0       
12.844    4.0       
13.111    5.0       
13.369    1.0       
13.629    2.0       
13.877    3.0       
14.135    4.0       
14.399    5.0       
14.644    1.0       
14.884    2.0       
15.12     3.0       
15.363    4.0       
15.613    5.0       
15.849    1.0       
16.1      2.0       
16.35     3.0       
16.598    4.0       
16.851    5.0       
17.109    1.0       
17.357    2.0       
17.603    3.0       
17.848    4.0       
18.108    5.0       
18.344    1.0       
18.596    2.0       
18.833    3.0       
19.09     4.0       
19.337    5.0       
19.578    1.0       
19.844    2.0       
20.096    3.0       
20.333    4.0       
20.594    5.0       
20.856    1.0       
21.119    2.0       
21.358    3.0       
21.626    4.0       
21.864    5.0       
22.108    1.0       
22.348    2.0       
22.612    3.0       
22.869    4.0       
23.122    5.0       
