0.213     1.0       
0.41      2.0       
0.612     3.0       
0.8       4.0       
1.005     1.0       
1.193     2.0       
1.406     3.0       
1.604     4.0       
1.797     1.0       
1.998     2.0       
2.206     3.0       
2.406     4.0       
2.606     1.0       
2.824     2.0       
3.038     3.0       
3.232     4.0       
3.421     1.0       
3.61      2.0       
3.796     3.0       
3.989     4.0       
4.189     1.0       
4.399     2.0       
4.589     3.0       
4.796     4.0       
4.989     1.0       
5.176     2.0       
5.384     3.0       
5.57      4.0       
5.773     1.0       
5.972     2.0       
6.178     3.0       
6.371     4.0       
6.557     1.0       
6.767     2.0       
6.981     3.0       
7.176     4.0       
7.381     1.0       
7.591     2.0       
7.78      3.0       
7.997     4.0       
8.197     1.0       
8.391     2.0       
8.605     3.0       
8.798     4.0       
9.016     1.0       
9.207     2.0       
9.418     3.0       
9.622     4.0       
9.824     1.0       
10.01     2.0       
10.196    3.0       
10.407    4.0       
10.62     1.0       
10.822    2.0       
11.018    3.0       
11.226    4.0       
11.428    1.0       
11.63     2.0       
11.841    3.0       
12.031    4.0       
12.249    1.0       
12.464    2.0       
12.668    3.0       
12.874    4.0       
13.075    1.0       
13.263    2.0       
13.469    3.0       
13.686    4.0       
13.891    1.0       
14.091    2.0       
14.282    3.0       
14.494    4.0       
14.685    1.0       
14.872    2.0       
15.08     3.0       
15.276    4.0       
15.49     1.0       
15.683    2.0       
15.886    3.0       
16.072    4.0       
16.286    1.0       
16.479    2.0       
16.689    3.0       
16.893    4.0       
17.109    1.0       
17.327    2.0       
17.524    3.0       
17.717    4.0       
17.924    1.0       
18.127    2.0       
18.332    3.0       
18.519    4.0       
18.737    1.0       
18.925    2.0       
19.112    3.0       
19.308    4.0       
19.512    1.0       
19.703    2.0       
19.917    3.0       
20.13     4.0       
20.327    5.0       
20.529    1.0       
20.719    2.0       
20.934    3.0       
21.13     4.0       
21.335    5.0       
21.532    1.0       
21.738    2.0       
21.956    3.0       
22.15     4.0       
22.351    5.0       
22.568    1.0       
22.757    2.0       
22.944    3.0       
23.157    4.0       
23.367    5.0       
23.57     1.0       
23.765    2.0       
23.981    3.0       
24.179    4.0       
24.391    5.0       
24.606    1.0       
24.795    2.0       
25.004    3.0       
25.195    4.0       
25.392    5.0       
25.59     1.0       
25.795    2.0       
25.993    3.0       
26.183    4.0       
26.39     5.0       
26.598    1.0       
26.806    2.0       
27.002    3.0       
27.205    4.0       
27.403    5.0       
27.616    1.0       
27.817    2.0       
28.008    3.0       
28.215    4.0       
28.416    5.0       
28.61     1.0       
28.803    2.0       
29.006    3.0       
29.194    4.0       
29.4      5.0       
29.613    1.0       
29.814    2.0       
30.029    3.0       
30.232    4.0       
30.422    5.0       
30.626    1.0       
30.837    2.0       
31.052    3.0       
31.263    4.0       
31.464    5.0       
31.653    1.0       
31.849    2.0       
32.051    3.0       
32.259    4.0       
32.46     5.0       
32.668    1.0       
32.855    2.0       
33.057    3.0       
33.274    4.0       
33.487    5.0       
33.702    1.0       
33.912    2.0       
34.104    3.0       
34.308    4.0       
34.515    5.0       
34.724    1.0       
34.923    2.0       
35.122    3.0       
35.312    4.0       
35.516    5.0       
