0.263     1.0       
0.616     2.0       
0.966     3.0       
1.298     4.0       
1.64      1.0       
1.969     2.0       
2.311     3.0       
2.664     4.0       
3.003     1.0       
3.346     2.0       
3.694     3.0       
4.032     4.0       
4.374     1.0       
4.709     2.0       
5.035     3.0       
5.366     4.0       
5.701     1.0       
6.028     2.0       
6.379     3.0       
6.713     4.0       
7.041     1.0       
7.397     2.0       
7.722     3.0       
8.076     4.0       
8.412     1.0       
8.759     2.0       
9.088     3.0       
9.423     4.0       
9.751     1.0       
10.103    2.0       
10.456    3.0       
10.795    4.0       
11.128    1.0       
11.466    2.0       
11.791    3.0       
12.116    4.0       
12.442    1.0       
12.782    2.0       
13.119    3.0       
13.446    4.0       
13.779    1.0       
14.129    2.0       
14.454    3.0       
14.79     4.0       
15.137    1.0       
15.48     2.0       
15.822    3.0       
16.173    4.0       
16.529    1.0       
16.885    2.0       
17.219    3.0       
17.575    4.0       
17.927    1.0       
18.273    2.0       
18.6      3.0       
18.955    4.0       
19.287    1.0       
19.62     2.0       
19.956    3.0       
20.311    4.0       
20.65     1.0       
20.985    2.0       
21.328    3.0       
21.662    4.0       
21.994    1.0       
22.349    2.0       
22.692    3.0       
23.018    4.0       
23.343    1.0       
23.691    2.0       
24.021    3.0       
24.37     4.0       
24.71     1.0       
25.034    2.0       
25.387    3.0       
25.734    4.0       
26.088    1.0       
26.443    2.0       
26.788    3.0       
27.127    4.0       
27.465    1.0       
27.804    2.0       
28.16     3.0       
28.505    4.0       
28.855    1.0       
29.199    2.0       
29.526    3.0       
29.864    4.0       
30.213    1.0       
30.55     2.0       
30.903    3.0       
31.256    4.0       
31.602    1.0       
31.936    2.0       
32.267    3.0       
32.615    4.0       
32.942    1.0       
33.287    2.0       
33.621    3.0       
33.959    4.0       
34.31     1.0       
34.637    2.0       
34.965    3.0       
35.314    4.0       
35.655    1.0       
36.003    2.0       
36.335    3.0       
36.688    4.0       
37.023    1.0       
37.347    2.0       
37.683    3.0       
38.026    4.0       
38.375    1.0       
38.709    2.0       
39.059    3.0       
39.389    4.0       
39.727    5.0       
40.082    1.0       
40.437    2.0       
40.793    3.0       
41.148    4.0       
41.496    5.0       
41.842    1.0       
42.174    2.0       
42.511    3.0       
42.86     4.0       
43.185    5.0       
43.526    1.0       
43.856    2.0       
44.192    3.0       
44.537    4.0       
44.887    5.0       
45.217    1.0       
45.563    2.0       
45.899    3.0       
46.226    4.0       
46.567    5.0       
46.918    1.0       
47.248    2.0       
47.587    3.0       
47.921    4.0       
48.258    5.0       
48.59     1.0       
48.94     2.0       
49.296    3.0       
49.631    4.0       
49.984    5.0       
50.33     1.0       
50.667    2.0       
51.006    3.0       
51.355    4.0       
51.689    5.0       
52.017    1.0       
52.371    2.0       
52.724    3.0       
53.075    4.0       
53.421    5.0       
53.757    1.0       
54.108    2.0       
54.452    3.0       
54.795    4.0       
55.151    5.0       
55.494    1.0       
55.83     2.0       
56.174    3.0       
56.502    4.0       
56.83     5.0       
57.183    1.0       
57.522    2.0       
57.864    3.0       
58.209    4.0       
58.539    5.0       
58.878    1.0       
59.223    2.0       
59.561    3.0       
59.895    4.0       
60.22     5.0       
60.553    1.0       
60.879    2.0       
61.222    3.0       
61.576    4.0       
61.918    5.0       
62.25     1.0       
62.59     2.0       
62.918    3.0       
63.263    4.0       
63.588    5.0       
63.919    1.0       
64.252    2.0       
64.584    3.0       
64.918    4.0       
65.257    5.0       
65.605    1.0       
65.935    2.0       
66.291    3.0       
66.624    4.0       
66.953    5.0       
67.283    1.0       
67.613    2.0       
67.938    3.0       
68.265    4.0       
68.605    5.0       
68.954    1.0       
69.284    2.0       
69.64     3.0       
69.965    4.0       
70.292    5.0       
70.63     1.0       
70.967    2.0       
71.318    3.0       
71.643    4.0       
71.98     5.0       
72.311    1.0       
72.653    2.0       
72.978    3.0       
73.324    4.0       
73.665    5.0       
73.996    1.0       
74.352    2.0       
74.703    3.0       
75.044    4.0       
75.376    5.0       
75.71     1.0       
76.058    2.0       
76.399    3.0       
76.749    4.0       
77.102    5.0       
77.439    1.0       
77.785    2.0       
78.124    3.0       
78.459    4.0       
78.799    5.0       
