0.122     1.0       
0.374     2.0       
0.607     3.0       
0.867     4.0       
1.119     1.0       
1.376     2.0       
1.615     3.0       
1.871     4.0       
2.117     1.0       
2.364     2.0       
2.614     3.0       
2.863     4.0       
3.105     1.0       
3.34      2.0       
3.583     3.0       
3.836     4.0       
4.072     1.0       
4.324     2.0       
4.564     3.0       
4.814     4.0       
5.056     1.0       
5.295     2.0       
5.547     3.0       
5.782     4.0       
6.015     1.0       
6.256     2.0       
6.502     3.0       
6.745     4.0       
7.004     1.0       
7.243     2.0       
7.49      3.0       
7.749     4.0       
7.999     1.0       
8.235     2.0       
8.475     3.0       
8.729     4.0       
8.973     1.0       
9.222     2.0       
9.468     3.0       
9.708     4.0       
9.944     1.0       
10.202    2.0       
10.452    3.0       
10.696    4.0       
10.924    1.0       
11.161    2.0       
11.397    3.0       
11.631    4.0       
11.89     1.0       
12.127    2.0       
12.37     3.0       
12.601    4.0       
12.844    1.0       
13.084    2.0       
13.343    3.0       
13.584    4.0       
13.83     1.0       
14.074    2.0       
14.315    3.0       
14.559    4.0       
14.813    1.0       
15.055    2.0       
15.311    3.0       
15.56     4.0       
15.796    1.0       
16.045    2.0       
16.303    3.0       
16.544    4.0       
16.774    5.0       
17.003    1.0       
17.233    2.0       
17.481    3.0       
17.717    4.0       
17.974    5.0       
18.212    1.0       
18.444    2.0       
18.689    3.0       
18.939    4.0       
19.175    5.0       
19.424    1.0       
19.653    2.0       
19.911    3.0       
20.165    4.0       
20.413    5.0       
20.668    1.0       
20.92     2.0       
21.152    3.0       
21.389    4.0       
21.619    5.0       
21.871    1.0       
22.112    2.0       
22.346    3.0       
22.602    4.0       
22.852    5.0       
23.109    1.0       
23.347    2.0       
23.579    3.0       
23.822    4.0       
24.064    5.0       
24.296    1.0       
24.536    2.0       
24.766    3.0       
25.023    4.0       
25.265    5.0       
25.519    1.0       
25.767    2.0       
26.021    3.0       
26.269    4.0       
26.505    5.0       
26.748    1.0       
27.002    2.0       
27.242    3.0       
27.488    4.0       
27.742    5.0       
27.984    1.0       
28.228    2.0       
28.456    3.0       
28.688    4.0       
28.938    5.0       
29.178    1.0       
29.434    2.0       
29.674    3.0       
29.914    4.0       
30.154    5.0       
30.396    1.0       
30.648    2.0       
30.879    3.0       
31.124    4.0       
31.383    5.0       
31.617    1.0       
31.874    2.0       
32.116    3.0       
32.368    4.0       
32.622    5.0       
32.864    1.0       
33.096    2.0       
33.336    3.0       
33.564    4.0       
33.798    5.0       
34.033    1.0       
34.266    2.0       
34.513    3.0       
34.747    4.0       
34.983    5.0       
35.223    1.0       
35.47     2.0       
35.729    3.0       
35.97     4.0       
36.202    5.0       
36.431    1.0       
36.681    2.0       
36.922    3.0       
37.178    4.0       
37.425    5.0       
37.655    1.0       
37.912    2.0       
38.171    3.0       
38.429    4.0       
38.68     5.0       
38.908    1.0       
39.144    2.0       
39.377    3.0       
39.633    4.0       
39.886    5.0       
