0.26      1.0       
0.552     2.0       
0.86      3.0       
1.165     4.0       
1.463     1.0       
1.769     2.0       
2.073     3.0       
2.394     4.0       
2.687     1.0       
2.993     2.0       
3.306     3.0       
3.611     4.0       
3.93      1.0       
4.248     2.0       
4.545     3.0       
4.836     4.0       
5.156     1.0       
5.471     2.0       
5.777     3.0       
6.091     4.0       
6.382     1.0       
6.683     2.0       
6.996     3.0       
7.309     4.0       
7.604     1.0       
7.907     2.0       
8.22      3.0       
8.539     4.0       
8.83      1.0       
9.127     2.0       
9.433     3.0       
9.739     4.0       
10.034    1.0       
10.336    2.0       
10.631    3.0       
10.933    4.0       
11.233    1.0       
11.527    2.0       
11.819    3.0       
12.117    4.0       
12.423    1.0       
12.736    2.0       
13.05     3.0       
13.35     4.0       
13.664    1.0       
13.963    2.0       
14.267    3.0       
14.566    4.0       
14.867    1.0       
15.175    2.0       
15.467    3.0       
15.79     4.0       
16.105    1.0       
16.411    2.0       
16.703    3.0       
17.001    4.0       
17.323    1.0       
17.618    2.0       
17.916    3.0       
18.222    4.0       
18.535    1.0       
18.834    2.0       
19.135    3.0       
19.437    4.0       
19.756    1.0       
20.058    2.0       
20.362    3.0       
20.666    4.0       
20.969    1.0       
21.284    2.0       
21.589    3.0       
21.894    4.0       
22.197    1.0       
22.516    2.0       
22.815    3.0       
23.129    4.0       
23.421    1.0       
23.734    2.0       
24.053    3.0       
24.376    4.0       
24.684    1.0       
24.977    2.0       
25.28     3.0       
25.594    4.0       
25.901    1.0       
26.196    2.0       
26.487    3.0       
26.801    4.0       
27.096    1.0       
27.411    2.0       
27.727    3.0       
28.05     4.0       
28.366    1.0       
28.688    2.0       
28.979    3.0       
29.29     4.0       
29.6      1.0       
29.913    2.0       
30.213    3.0       
30.527    4.0       
30.823    1.0       
31.131    2.0       
31.439    3.0       
31.75     4.0       
32.05     1.0       
32.347    2.0       
32.64     3.0       
32.96     4.0       
33.276    1.0       
33.597    2.0       
33.895    3.0       
34.216    4.0       
34.528    1.0       
34.849    2.0       
35.147    3.0       
35.457    4.0       
35.761    1.0       
36.078    2.0       
36.396    3.0       
36.711    4.0       
37.02     1.0       
37.318    2.0       
37.614    3.0       
37.929    4.0       
38.231    1.0       
38.544    2.0       
38.844    3.0       
39.152    4.0       
39.466    1.0       
39.788    2.0       
40.079    3.0       
40.371    4.0       
40.691    5.0       
40.99     1.0       
41.296    2.0       
41.609    3.0       
41.928    4.0       
42.243    5.0       
42.545    1.0       
42.85     2.0       
43.148    3.0       
43.448    4.0       
43.745    5.0       
44.043    1.0       
44.35     2.0       
44.641    3.0       
44.958    4.0       
45.281    5.0       
45.595    1.0       
45.899    2.0       
46.194    3.0       
46.497    4.0       
46.813    5.0       
47.118    1.0       
47.427    2.0       
47.731    3.0       
48.051    4.0       
48.357    5.0       
48.663    1.0       
48.961    2.0       
49.269    3.0       
49.586    4.0       
49.892    5.0       
50.213    1.0       
50.507    2.0       
50.813    3.0       
51.122    4.0       
51.413    5.0       
51.719    1.0       
52.034    2.0       
52.34     3.0       
52.656    4.0       
52.954    5.0       
53.259    1.0       
53.58     2.0       
53.898    3.0       
54.199    4.0       
54.498    5.0       
54.79     1.0       
55.091    2.0       
55.405    3.0       
55.723    4.0       
56.043    5.0       
56.352    1.0       
56.649    2.0       
56.97     3.0       
57.267    4.0       
57.567    5.0       
57.861    1.0       
58.159    2.0       
58.47     3.0       
58.775    4.0       
59.097    5.0       
59.391    1.0       
59.71     2.0       
60.017    3.0       
60.319    4.0       
60.618    5.0       
60.912    1.0       
61.206    2.0       
61.5      3.0       
61.807    4.0       
62.116    5.0       
62.409    1.0       
62.713    2.0       
63.022    3.0       
63.315    4.0       
63.614    5.0       
