0.246     1.0       
0.559     2.0       
0.853     3.0       
1.143     4.0       
1.458     1.0       
1.767     2.0       
2.083     3.0       
2.386     4.0       
2.685     1.0       
2.976     2.0       
3.263     3.0       
3.557     4.0       
3.868     1.0       
4.181     2.0       
4.481     3.0       
4.789     4.0       
5.1       1.0       
5.416     2.0       
5.724     3.0       
6.019     4.0       
6.329     1.0       
6.634     2.0       
6.938     3.0       
7.234     4.0       
7.531     1.0       
7.818     2.0       
8.126     3.0       
8.43      4.0       
8.742     1.0       
9.031     2.0       
9.322     3.0       
9.617     4.0       
9.908     1.0       
10.208    2.0       
10.501    3.0       
10.802    4.0       
11.091    1.0       
11.405    2.0       
11.719    3.0       
12.01     4.0       
12.3      1.0       
12.596    2.0       
12.883    3.0       
13.194    4.0       
13.501    1.0       
13.79     2.0       
14.082    3.0       
14.372    4.0       
14.671    1.0       
14.965    2.0       
15.253    3.0       
15.541    4.0       
15.839    1.0       
16.133    2.0       
16.447    3.0       
16.734    4.0       
17.038    1.0       
17.356    2.0       
17.645    3.0       
17.932    4.0       
18.237    1.0       
18.536    2.0       
18.823    3.0       
19.119    4.0       
19.418    1.0       
19.707    2.0       
20.0      3.0       
20.298    4.0       
20.592    5.0       
20.908    1.0       
21.197    2.0       
21.49     3.0       
21.779    4.0       
22.097    5.0       
22.406    1.0       
22.704    2.0       
22.991    3.0       
23.3      4.0       
23.595    5.0       
23.893    1.0       
24.205    2.0       
24.492    3.0       
24.807    4.0       
25.108    5.0       
25.42     1.0       
25.733    2.0       
26.034    3.0       
26.336    4.0       
26.643    5.0       
26.949    1.0       
27.258    2.0       
27.564    3.0       
27.87     4.0       
28.168    5.0       
28.484    1.0       
28.776    2.0       
29.071    3.0       
29.388    4.0       
29.681    5.0       
29.967    1.0       
30.263    2.0       
30.552    3.0       
30.864    4.0       
31.177    5.0       
31.484    1.0       
31.77     2.0       
32.064    3.0       
32.377    4.0       
32.69     5.0       
32.979    1.0       
33.27     2.0       
33.559    3.0       
33.846    4.0       
34.135    5.0       
34.447    1.0       
34.733    2.0       
35.047    3.0       
35.339    4.0       
35.641    5.0       
35.928    1.0       
36.231    2.0       
36.54     3.0       
36.837    4.0       
37.145    5.0       
37.461    1.0       
37.758    2.0       
38.071    3.0       
38.364    4.0       
38.658    5.0       
38.949    1.0       
39.265    2.0       
39.564    3.0       
39.867    4.0       
40.17     5.0       
40.485    1.0       
40.788    2.0       
41.1      3.0       
41.402    4.0       
41.693    5.0       
41.992    1.0       
42.288    2.0       
42.585    3.0       
42.879    4.0       
43.192    5.0       
43.501    1.0       
43.8      2.0       
44.097    3.0       
44.388    4.0       
44.687    5.0       
44.984    1.0       
45.28     2.0       
45.566    3.0       
45.878    4.0       
46.186    5.0       
46.49     1.0       
46.793    2.0       
47.106    3.0       
47.42     4.0       
47.733    5.0       
48.031    1.0       
48.326    2.0       
48.637    3.0       
48.941    4.0       
49.23     5.0       
49.542    1.0       
49.834    2.0       
50.123    3.0       
50.432    4.0       
50.732    5.0       
51.047    1.0       
51.341    2.0       
51.636    3.0       
51.948    4.0       
52.26     5.0       
52.552    1.0       
52.861    2.0       
53.148    3.0       
53.439    4.0       
53.735    5.0       
54.028    1.0       
54.322    2.0       
54.621    3.0       
54.933    4.0       
55.251    5.0       
