0.207     1.0       
0.56      2.0       
0.884     3.0       
1.234     4.0       
1.566     1.0       
1.908     2.0       
2.252     3.0       
2.574     4.0       
2.905     1.0       
3.232     2.0       
3.553     3.0       
3.891     4.0       
4.225     1.0       
4.563     2.0       
4.899     3.0       
5.246     4.0       
5.58      1.0       
5.924     2.0       
6.262     3.0       
6.587     4.0       
6.939     1.0       
7.288     2.0       
7.632     3.0       
7.97      4.0       
8.309     1.0       
8.651     2.0       
8.975     3.0       
9.306     4.0       
9.648     1.0       
9.994     2.0       
10.334    3.0       
10.663    4.0       
10.984    1.0       
11.316    2.0       
11.652    3.0       
11.973    4.0       
12.302    1.0       
12.646    2.0       
12.978    3.0       
13.31     4.0       
13.662    1.0       
14.001    2.0       
14.329    3.0       
14.655    4.0       
15.007    1.0       
15.339    2.0       
15.662    3.0       
16.015    4.0       
16.362    1.0       
16.686    2.0       
17.021    3.0       
17.353    4.0       
17.678    5.0       
18.024    1.0       
18.347    2.0       
18.687    3.0       
19.031    4.0       
19.361    5.0       
19.688    1.0       
20.025    2.0       
20.346    3.0       
20.686    4.0       
21.034    5.0       
21.36     1.0       
21.702    2.0       
22.032    3.0       
22.382    4.0       
22.723    5.0       
23.051    1.0       
23.38     2.0       
23.703    3.0       
24.037    4.0       
24.359    5.0       
24.703    1.0       
25.046    2.0       
25.382    3.0       
25.728    4.0       
26.064    5.0       
26.39     1.0       
26.732    2.0       
27.076    3.0       
27.413    4.0       
27.739    5.0       
28.07     1.0       
28.419    2.0       
28.747    3.0       
29.075    4.0       
29.41     5.0       
29.758    1.0       
30.081    2.0       
30.42     3.0       
30.75     4.0       
31.094    5.0       
31.424    1.0       
31.768    2.0       
32.105    3.0       
32.428    4.0       
32.774    5.0       
33.126    1.0       
33.479    2.0       
33.814    3.0       
34.141    4.0       
34.468    5.0       
34.812    1.0       
35.163    2.0       
35.512    3.0       
35.853    4.0       
36.182    5.0       
36.511    1.0       
36.856    2.0       
37.196    3.0       
37.52     4.0       
37.855    5.0       
38.2      1.0       
38.55     2.0       
38.898    3.0       
39.242    4.0       
39.569    5.0       
39.895    1.0       
40.23     2.0       
40.562    3.0       
40.909    4.0       
41.238    5.0       
41.562    1.0       
41.897    2.0       
42.23     3.0       
42.556    4.0       
42.888    5.0       
43.234    1.0       
43.569    2.0       
43.897    3.0       
44.249    4.0       
44.585    5.0       
44.912    1.0       
45.262    2.0       
45.592    3.0       
45.923    4.0       
46.252    5.0       
46.582    1.0       
46.929    2.0       
47.262    3.0       
47.612    4.0       
47.938    5.0       
48.277    1.0       
48.621    2.0       
48.945    3.0       
49.288    4.0       
49.621    5.0       
49.968    1.0       
50.297    2.0       
50.621    3.0       
50.964    4.0       
51.312    5.0       
51.662    1.0       
52.011    2.0       
52.346    3.0       
52.669    4.0       
53.008    5.0       
53.35     1.0       
53.677    2.0       
54.012    3.0       
54.342    4.0       
54.688    5.0       
55.027    1.0       
55.351    2.0       
55.687    3.0       
56.012    4.0       
56.352    5.0       
56.673    1.0       
57.022    2.0       
57.355    3.0       
57.702    4.0       
58.033    5.0       
58.355    1.0       
58.686    2.0       
59.031    3.0       
59.38     4.0       
59.728    5.0       
60.08     1.0       
60.433    2.0       
60.756    3.0       
61.08     4.0       
61.428    5.0       
61.756    1.0       
62.1      2.0       
62.435    3.0       
62.761    4.0       
63.108    5.0       
