0.164     1.0       
0.467     2.0       
0.782     3.0       
1.075     4.0       
1.384     1.0       
1.69      2.0       
2.008     3.0       
2.303     4.0       
2.596     1.0       
2.906     2.0       
3.207     3.0       
3.502     4.0       
3.824     1.0       
4.141     2.0       
4.445     3.0       
4.749     4.0       
5.071     1.0       
5.369     2.0       
5.661     3.0       
5.981     4.0       
6.294     1.0       
6.593     2.0       
6.915     3.0       
7.238     4.0       
7.55      1.0       
7.855     2.0       
8.161     3.0       
8.455     4.0       
8.757     1.0       
9.056     2.0       
9.372     3.0       
9.669     4.0       
9.989     1.0       
10.312    2.0       
10.618    3.0       
10.938    4.0       
11.239    1.0       
11.542    2.0       
11.834    3.0       
12.138    4.0       
12.435    1.0       
12.744    2.0       
13.039    3.0       
13.344    4.0       
13.658    1.0       
13.98     2.0       
14.292    3.0       
14.607    4.0       
14.923    1.0       
15.245    2.0       
15.542    3.0       
15.837    4.0       
16.134    1.0       
16.429    2.0       
16.723    3.0       
17.024    4.0       
17.34     1.0       
17.635    2.0       
17.955    3.0       
18.274    4.0       
18.593    1.0       
18.896    2.0       
19.203    3.0       
19.525    4.0       
19.831    1.0       
20.125    2.0       
20.417    3.0       
20.73     4.0       
21.039    1.0       
21.336    2.0       
21.628    3.0       
21.933    4.0       
22.252    1.0       
22.552    2.0       
22.865    3.0       
23.185    4.0       
23.488    1.0       
23.806    2.0       
24.116    3.0       
24.427    4.0       
24.722    1.0       
25.03     2.0       
25.35     3.0       
25.648    4.0       
25.967    5.0       
26.268    1.0       
26.575    2.0       
26.897    3.0       
27.195    4.0       
27.494    5.0       
27.788    1.0       
28.084    2.0       
28.378    3.0       
28.698    4.0       
29.013    5.0       
29.312    1.0       
29.605    2.0       
29.913    3.0       
30.223    4.0       
30.517    5.0       
30.814    1.0       
31.109    2.0       
31.429    3.0       
31.751    4.0       
32.073    5.0       
32.373    1.0       
32.666    2.0       
32.988    3.0       
33.293    4.0       
33.594    5.0       
33.892    1.0       
34.197    2.0       
34.507    3.0       
34.803    4.0       
35.099    5.0       
35.408    1.0       
35.724    2.0       
36.04     3.0       
36.337    4.0       
36.653    5.0       
36.971    1.0       
37.267    2.0       
37.569    3.0       
37.862    4.0       
38.182    5.0       
38.502    1.0       
38.805    2.0       
39.11     3.0       
39.415    4.0       
39.723    5.0       
40.031    1.0       
40.33     2.0       
40.652    3.0       
40.952    4.0       
41.262    5.0       
41.567    1.0       
41.882    2.0       
42.191    3.0       
42.491    4.0       
42.8      5.0       
