0.12      1.0       
0.374     2.0       
0.645     3.0       
0.905     4.0       
1.167     1.0       
1.432     2.0       
1.681     3.0       
1.96      4.0       
2.208     1.0       
2.467     2.0       
2.726     3.0       
2.991     4.0       
3.246     1.0       
3.504     2.0       
3.753     3.0       
4.029     4.0       
4.277     1.0       
4.549     2.0       
4.805     3.0       
5.059     4.0       
5.315     1.0       
5.576     2.0       
5.838     3.0       
6.096     4.0       
6.357     1.0       
6.619     2.0       
6.889     3.0       
7.163     4.0       
7.43      1.0       
7.679     2.0       
7.959     3.0       
8.216     4.0       
8.491     1.0       
8.753     2.0       
9.004     3.0       
9.266     4.0       
9.528     1.0       
9.802     2.0       
10.076    3.0       
10.335    4.0       
10.599    1.0       
10.868    2.0       
11.125    3.0       
11.401    4.0       
11.672    1.0       
11.938    2.0       
12.2      3.0       
12.448    4.0       
12.707    1.0       
12.976    2.0       
13.228    3.0       
13.502    4.0       
13.772    1.0       
14.041    2.0       
14.293    3.0       
14.555    4.0       
14.808    1.0       
15.078    2.0       
15.352    3.0       
15.624    4.0       
15.898    1.0       
16.175    2.0       
16.436    3.0       
16.689    4.0       
16.948    1.0       
17.215    2.0       
17.477    3.0       
17.737    4.0       
17.995    1.0       
18.255    2.0       
18.505    3.0       
18.762    4.0       
19.026    1.0       
19.276    2.0       
19.553    3.0       
19.833    4.0       
20.092    1.0       
20.371    2.0       
20.648    3.0       
20.905    4.0       
21.184    1.0       
21.432    2.0       
21.688    3.0       
21.968    4.0       
22.228    1.0       
22.498    2.0       
22.773    3.0       
23.036    4.0       
23.303    1.0       
23.563    2.0       
23.822    3.0       
24.071    4.0       
24.324    1.0       
24.6      2.0       
24.869    3.0       
25.12     4.0       
25.388    1.0       
25.663    2.0       
25.93     3.0       
26.194    4.0       
26.443    1.0       
26.709    2.0       
26.979    3.0       
27.242    4.0       
27.517    1.0       
27.785    2.0       
28.034    3.0       
28.31     4.0       
28.568    1.0       
28.831    2.0       
29.108    3.0       
29.37     4.0       
29.634    1.0       
29.897    2.0       
30.167    3.0       
30.428    4.0       
30.702    5.0       
30.95     1.0       
31.224    2.0       
31.49     3.0       
31.755    4.0       
32.008    5.0       
32.259    1.0       
32.521    2.0       
32.8      3.0       
33.06     4.0       
33.323    5.0       
33.573    1.0       
33.826    2.0       
34.091    3.0       
34.356    4.0       
34.613    5.0       
34.876    1.0       
35.128    2.0       
35.405    3.0       
35.66     4.0       
35.925    5.0       
36.196    1.0       
36.456    2.0       
36.704    3.0       
36.953    4.0       
37.201    5.0       
37.466    1.0       
37.745    2.0       
38.001    3.0       
38.257    4.0       
38.535    5.0       
38.783    1.0       
39.039    2.0       
39.312    3.0       
39.589    4.0       
39.846    5.0       
40.094    1.0       
40.345    2.0       
40.603    3.0       
40.87     4.0       
41.141    5.0       
41.409    1.0       
41.685    2.0       
41.96     3.0       
42.233    4.0       
42.494    5.0       
42.742    1.0       
43.009    2.0       
43.285    3.0       
43.535    4.0       
43.811    5.0       
44.089    1.0       
44.346    2.0       
44.617    3.0       
44.875    4.0       
45.153    5.0       
