0.254     1.0       
0.475     2.0       
0.712     3.0       
0.952     4.0       
1.186     1.0       
1.41      2.0       
1.636     3.0       
1.862     4.0       
2.099     1.0       
2.313     2.0       
2.548     3.0       
2.763     4.0       
2.979     1.0       
3.21      2.0       
3.437     3.0       
3.662     4.0       
3.889     1.0       
4.123     2.0       
4.352     3.0       
4.582     4.0       
4.795     1.0       
5.038     2.0       
5.283     3.0       
5.519     4.0       
5.761     1.0       
5.991     2.0       
6.236     3.0       
6.481     4.0       
6.716     1.0       
6.952     2.0       
7.17      3.0       
7.406     4.0       
7.642     1.0       
7.858     2.0       
8.094     3.0       
8.317     4.0       
8.549     1.0       
8.781     2.0       
9.002     3.0       
9.225     4.0       
9.453     1.0       
9.672     2.0       
9.904     3.0       
10.126    4.0       
10.368    1.0       
10.587    2.0       
10.804    3.0       
11.044    4.0       
11.281    1.0       
11.495    2.0       
11.726    3.0       
11.96     4.0       
12.186    1.0       
12.43     2.0       
12.663    3.0       
12.893    4.0       
13.124    1.0       
13.362    2.0       
13.577    3.0       
13.816    4.0       
14.041    1.0       
14.277    2.0       
14.498    3.0       
14.727    4.0       
14.94     1.0       
15.156    2.0       
15.388    3.0       
15.63     4.0       
15.846    5.0       
16.059    1.0       
16.279    2.0       
16.508    3.0       
16.734    4.0       
16.955    5.0       
17.183    1.0       
17.4      2.0       
17.639    3.0       
17.854    4.0       
18.099    5.0       
18.313    1.0       
18.532    2.0       
18.745    3.0       
18.985    4.0       
19.222    5.0       
19.437    1.0       
19.673    2.0       
19.902    3.0       
20.121    4.0       
20.338    5.0       
20.577    1.0       
20.812    2.0       
21.033    3.0       
21.267    4.0       
21.484    5.0       
21.716    1.0       
21.952    2.0       
22.182    3.0       
22.415    4.0       
22.635    5.0       
22.86     1.0       
23.081    2.0       
23.306    3.0       
23.549    4.0       
23.781    5.0       
24.025    1.0       
24.242    2.0       
24.485    3.0       
24.699    4.0       
24.94     5.0       
25.175    1.0       
25.391    2.0       
25.613    3.0       
25.851    4.0       
26.068    5.0       
26.301    1.0       
26.528    2.0       
26.75     3.0       
26.994    4.0       
27.209    5.0       
27.449    1.0       
27.689    2.0       
27.912    3.0       
28.15     4.0       
28.367    5.0       
28.584    1.0       
28.829    2.0       
29.065    3.0       
29.295    4.0       
29.527    5.0       
29.748    1.0       
29.984    2.0       
30.207    3.0       
30.444    4.0       
30.68     5.0       
30.908    1.0       
31.153    2.0       
31.392    3.0       
31.617    4.0       
31.834    5.0       
32.056    1.0       
32.28     2.0       
32.508    3.0       
32.725    4.0       
32.966    5.0       
33.19     1.0       
33.409    2.0       
33.632    3.0       
33.852    4.0       
34.065    5.0       
34.308    1.0       
34.539    2.0       
34.773    3.0       
35.013    4.0       
35.235    5.0       
35.473    1.0       
35.69     2.0       
35.915    3.0       
36.128    4.0       
36.358    5.0       
36.596    1.0       
36.809    2.0       
37.039    3.0       
37.27     4.0       
37.489    5.0       
37.721    1.0       
37.936    2.0       
38.155    3.0       
38.375    4.0       
38.606    5.0       
38.822    1.0       
39.055    2.0       
39.288    3.0       
39.519    4.0       
39.749    5.0       
39.994    1.0       
40.238    2.0       
40.462    3.0       
40.684    4.0       
40.902    5.0       
41.118    1.0       
41.352    2.0       
41.571    3.0       
41.796    4.0       
42.024    5.0       
42.256    1.0       
42.495    2.0       
42.715    3.0       
42.936    4.0       
43.161    5.0       
43.406    1.0       
43.619    2.0       
43.832    3.0       
44.058    4.0       
44.279    5.0       
44.506    1.0       
44.748    2.0       
44.988    3.0       
45.224    4.0       
45.446    5.0       
45.678    1.0       
45.915    2.0       
46.147    3.0       
46.37     4.0       
46.603    5.0       
46.847    1.0       
47.077    2.0       
47.31     3.0       
47.526    4.0       
47.755    5.0       
47.978    1.0       
48.215    2.0       
48.446    3.0       
48.659    4.0       
48.887    5.0       
49.132    1.0       
49.366    2.0       
49.597    3.0       
49.834    4.0       
50.072    5.0       
50.3      1.0       
50.521    2.0       
50.752    3.0       
50.978    4.0       
51.195    5.0       
