0.258     1.0       
0.509     2.0       
0.782     3.0       
1.05      4.0       
1.306     1.0       
1.554     2.0       
1.818     3.0       
2.071     4.0       
2.328     1.0       
2.579     2.0       
2.845     3.0       
3.107     4.0       
3.368     1.0       
3.633     2.0       
3.886     3.0       
4.16      4.0       
4.429     1.0       
4.697     2.0       
4.97      3.0       
5.24      4.0       
5.515     1.0       
5.787     2.0       
6.042     3.0       
6.305     4.0       
6.572     1.0       
6.846     2.0       
7.093     3.0       
7.359     4.0       
7.618     1.0       
7.879     2.0       
8.138     3.0       
8.39      4.0       
8.645     1.0       
8.914     2.0       
9.164     3.0       
9.428     4.0       
9.694     1.0       
9.938     2.0       
10.207    3.0       
10.475    4.0       
10.743    1.0       
11.005    2.0       
11.268    3.0       
11.533    4.0       
11.793    1.0       
12.052    2.0       
12.295    3.0       
12.539    4.0       
12.783    1.0       
13.054    2.0       
13.316    3.0       
13.586    4.0       
13.858    1.0       
14.11     2.0       
14.385    3.0       
14.641    4.0       
14.896    1.0       
15.152    2.0       
15.415    3.0       
15.687    4.0       
15.937    1.0       
16.186    2.0       
16.454    3.0       
16.726    4.0       
17.0      1.0       
17.25     2.0       
17.511    3.0       
17.78     4.0       
18.036    1.0       
18.282    2.0       
18.553    3.0       
18.825    4.0       
19.078    1.0       
19.338    2.0       
19.592    3.0       
19.843    4.0       
20.11     1.0       
20.37     2.0       
20.613    3.0       
20.873    4.0       
21.139    1.0       
21.41     2.0       
21.657    3.0       
21.911    4.0       
22.181    1.0       
22.441    2.0       
22.695    3.0       
22.944    4.0       
23.207    1.0       
23.468    2.0       
23.714    3.0       
23.971    4.0       
24.23     1.0       
24.501    2.0       
24.774    3.0       
25.023    4.0       
25.266    1.0       
25.529    2.0       
25.789    3.0       
26.041    4.0       
26.313    5.0       
26.563    1.0       
26.821    2.0       
27.093    3.0       
27.361    4.0       
27.628    5.0       
27.885    1.0       
28.142    2.0       
28.397    3.0       
28.642    4.0       
28.907    5.0       
29.152    1.0       
29.397    2.0       
29.659    3.0       
29.902    4.0       
30.175    5.0       
30.442    1.0       
30.689    2.0       
30.956    3.0       
31.212    4.0       
31.478    5.0       
31.723    1.0       
31.968    2.0       
32.241    3.0       
32.49     4.0       
32.756    5.0       
33.008    1.0       
33.264    2.0       
33.537    3.0       
33.8      4.0       
34.043    5.0       
34.312    1.0       
34.582    2.0       
34.852    3.0       
35.109    4.0       
35.378    5.0       
35.631    1.0       
35.885    2.0       
36.15     3.0       
36.424    4.0       
36.693    5.0       
36.952    1.0       
37.197    2.0       
37.465    3.0       
37.728    4.0       
37.99     5.0       
38.242    1.0       
38.517    2.0       
38.764    3.0       
39.038    4.0       
39.292    5.0       
39.557    1.0       
39.803    2.0       
40.051    3.0       
40.312    4.0       
40.556    5.0       
40.806    1.0       
41.057    2.0       
41.326    3.0       
41.586    4.0       
41.858    5.0       
42.111    1.0       
42.374    2.0       
42.625    3.0       
42.892    4.0       
43.159    5.0       
43.424    1.0       
43.696    2.0       
43.958    3.0       
44.225    4.0       
44.495    5.0       
44.742    1.0       
44.99     2.0       
45.239    3.0       
45.511    4.0       
45.771    5.0       
46.022    1.0       
46.277    2.0       
46.548    3.0       
46.819    4.0       
47.074    5.0       
47.322    1.0       
47.586    2.0       
47.841    3.0       
48.092    4.0       
48.35     5.0       
48.605    1.0       
48.852    2.0       
49.127    3.0       
49.382    4.0       
49.635    5.0       
49.907    1.0       
50.173    2.0       
50.419    3.0       
50.677    4.0       
50.944    5.0       
51.211    1.0       
51.463    2.0       
51.717    3.0       
51.966    4.0       
52.211    5.0       
52.475    1.0       
52.732    2.0       
52.976    3.0       
53.25     4.0       
53.512    5.0       
53.759    1.0       
54.01     2.0       
54.263    3.0       
54.533    4.0       
54.789    5.0       
55.038    1.0       
55.304    2.0       
55.55     3.0       
55.816    4.0       
56.07     5.0       
56.343    1.0       
56.593    2.0       
56.857    3.0       
57.111    4.0       
57.374    5.0       
57.626    1.0       
57.889    2.0       
58.149    3.0       
58.416    4.0       
58.663    5.0       
58.913    1.0       
59.176    2.0       
59.45     3.0       
59.723    4.0       
59.978    5.0       
60.249    1.0       
60.498    2.0       
60.754    3.0       
61.02     4.0       
61.294    5.0       
