0.181     1.0       
0.502     2.0       
0.805     3.0       
1.124     4.0       
1.426     1.0       
1.744     2.0       
2.053     3.0       
2.381     4.0       
2.707     1.0       
3.005     2.0       
3.327     3.0       
3.646     4.0       
3.959     1.0       
4.279     2.0       
4.576     3.0       
4.883     4.0       
5.188     1.0       
5.505     2.0       
5.802     3.0       
6.131     4.0       
6.453     1.0       
6.772     2.0       
7.085     3.0       
7.386     4.0       
7.698     1.0       
8.026     2.0       
8.33      3.0       
8.647     4.0       
8.969     1.0       
9.294     2.0       
9.606     3.0       
9.924     4.0       
10.253    1.0       
10.571    2.0       
10.881    3.0       
11.21     4.0       
11.537    1.0       
11.865    2.0       
12.173    3.0       
12.488    4.0       
12.807    1.0       
13.13     2.0       
13.433    3.0       
13.738    4.0       
14.049    1.0       
14.347    2.0       
14.676    3.0       
14.979    4.0       
15.289    1.0       
15.598    2.0       
15.927    3.0       
16.23     4.0       
16.557    1.0       
16.855    2.0       
17.177    3.0       
17.482    4.0       
17.781    1.0       
18.108    2.0       
18.408    3.0       
18.721    4.0       
19.033    1.0       
19.33     2.0       
19.653    3.0       
19.957    4.0       
20.258    1.0       
20.585    2.0       
20.897    3.0       
21.223    4.0       
21.549    1.0       
21.863    2.0       
22.183    3.0       
22.495    4.0       
22.806    1.0       
23.134    2.0       
23.447    3.0       
23.769    4.0       
24.093    1.0       
24.403    2.0       
24.717    3.0       
25.034    4.0       
25.35     1.0       
25.647    2.0       
25.951    3.0       
26.278    4.0       
26.604    5.0       
26.904    1.0       
27.215    2.0       
27.525    3.0       
27.826    4.0       
28.134    5.0       
28.446    1.0       
28.77     2.0       
29.086    3.0       
29.393    4.0       
29.721    5.0       
30.04     1.0       
30.367    2.0       
30.671    3.0       
30.989    4.0       
31.312    5.0       
31.624    1.0       
31.922    2.0       
32.226    3.0       
32.525    4.0       
32.842    5.0       
33.156    1.0       
33.483    2.0       
33.803    3.0       
34.113    4.0       
34.423    5.0       
34.727    1.0       
35.024    2.0       
35.329    3.0       
35.629    4.0       
35.935    5.0       
36.254    1.0       
36.565    2.0       
36.862    3.0       
37.177    4.0       
37.494    5.0       
37.802    1.0       
38.106    2.0       
38.425    3.0       
38.722    4.0       
39.02     5.0       
39.324    1.0       
39.637    2.0       
39.961    3.0       
40.276    4.0       
40.574    5.0       
40.903    1.0       
41.207    2.0       
41.509    3.0       
41.807    4.0       
42.126    5.0       
42.443    1.0       
42.761    2.0       
43.082    3.0       
43.389    4.0       
43.691    5.0       
44.004    1.0       
44.307    2.0       
44.633    3.0       
44.959    4.0       
45.274    5.0       
45.589    1.0       
45.9      2.0       
46.202    3.0       
46.516    4.0       
46.835    5.0       
47.14     1.0       
47.456    2.0       
47.783    3.0       
48.106    4.0       
48.425    5.0       
48.728    1.0       
49.033    2.0       
49.347    3.0       
49.645    4.0       
49.946    5.0       
50.262    1.0       
50.581    2.0       
50.907    3.0       
51.227    4.0       
51.555    5.0       
51.877    1.0       
52.206    2.0       
52.516    3.0       
52.837    4.0       
53.166    5.0       
53.472    1.0       
53.797    2.0       
54.109    3.0       
54.424    4.0       
54.724    5.0       
55.048    1.0       
55.37     2.0       
55.693    3.0       
56.006    4.0       
56.317    5.0       
