0.113     1.0       
0.45      2.0       
0.784     3.0       
1.124     4.0       
1.448     1.0       
1.793     2.0       
2.106     3.0       
2.436     4.0       
2.771     1.0       
3.114     2.0       
3.436     3.0       
3.749     4.0       
4.081     1.0       
4.394     2.0       
4.739     3.0       
5.052     4.0       
5.365     1.0       
5.696     2.0       
6.013     3.0       
6.336     4.0       
6.658     1.0       
6.988     2.0       
7.307     3.0       
7.632     4.0       
7.945     1.0       
8.272     2.0       
8.6       3.0       
8.921     4.0       
9.252     1.0       
9.572     2.0       
9.91      3.0       
10.24     4.0       
10.558    1.0       
10.898    2.0       
11.236    3.0       
11.57     4.0       
11.891    1.0       
12.23     2.0       
12.563    3.0       
12.907    4.0       
13.252    1.0       
13.57     2.0       
13.883    3.0       
14.22     4.0       
14.562    1.0       
14.904    2.0       
15.243    3.0       
15.584    4.0       
15.902    1.0       
16.217    2.0       
16.53     3.0       
16.853    4.0       
17.193    1.0       
17.524    2.0       
17.858    3.0       
18.174    4.0       
18.514    1.0       
18.834    2.0       
19.168    3.0       
19.501    4.0       
19.815    1.0       
20.158    2.0       
20.498    3.0       
20.814    4.0       
21.138    1.0       
21.482    2.0       
21.803    3.0       
22.136    4.0       
22.481    1.0       
22.818    2.0       
23.152    3.0       
23.48     4.0       
23.816    1.0       
24.14     2.0       
24.483    3.0       
24.818    4.0       
25.145    1.0       
25.461    2.0       
25.804    3.0       
26.131    4.0       
26.464    1.0       
26.786    2.0       
27.123    3.0       
27.468    4.0       
27.811    1.0       
28.148    2.0       
28.481    3.0       
28.8      4.0       
29.136    1.0       
29.462    2.0       
29.793    3.0       
30.135    4.0       
30.48     1.0       
30.796    2.0       
31.14     3.0       
31.482    4.0       
31.804    1.0       
32.146    2.0       
32.46     3.0       
32.787    4.0       
33.1      1.0       
33.418    2.0       
33.749    3.0       
34.08     4.0       
34.403    1.0       
34.722    2.0       
35.051    3.0       
35.376    4.0       
35.704    1.0       
36.03     2.0       
36.344    3.0       
36.682    4.0       
37.013    1.0       
37.341    2.0       
37.663    3.0       
37.979    4.0       
38.324    1.0       
38.666    2.0       
38.984    3.0       
39.312    4.0       
39.643    1.0       
39.986    2.0       
40.313    3.0       
40.643    4.0       
40.974    1.0       
41.291    2.0       
41.621    3.0       
41.948    4.0       
42.287    1.0       
42.61     2.0       
42.926    3.0       
43.255    4.0       
43.578    5.0       
43.896    1.0       
44.222    2.0       
44.547    3.0       
44.873    4.0       
45.194    5.0       
45.538    1.0       
45.878    2.0       
46.218    3.0       
46.551    4.0       
46.869    5.0       
47.205    1.0       
47.529    2.0       
47.845    3.0       
48.164    4.0       
48.487    5.0       
48.82     1.0       
49.163    2.0       
49.48     3.0       
49.806    4.0       
50.119    5.0       
50.436    1.0       
50.77     2.0       
51.114    3.0       
51.458    4.0       
51.801    5.0       
52.143    1.0       
52.462    2.0       
52.801    3.0       
53.118    4.0       
53.437    5.0       
53.757    1.0       
54.075    2.0       
54.389    3.0       
54.728    4.0       
55.044    5.0       
55.374    1.0       
55.693    2.0       
56.038    3.0       
56.353    4.0       
56.693    5.0       
57.007    1.0       
57.34     2.0       
57.683    3.0       
58.024    4.0       
58.364    5.0       
58.706    1.0       
59.039    2.0       
59.381    3.0       
59.709    4.0       
60.053    5.0       
60.373    1.0       
60.698    2.0       
61.033    3.0       
61.351    4.0       
61.691    5.0       
