0.222     1.0       
0.559     2.0       
0.885     3.0       
1.198     4.0       
1.509     1.0       
1.836     2.0       
2.151     3.0       
2.463     4.0       
2.777     1.0       
3.082     2.0       
3.395     3.0       
3.725     4.0       
4.051     1.0       
4.358     2.0       
4.686     3.0       
4.993     4.0       
5.308     1.0       
5.64      2.0       
5.973     3.0       
6.295     4.0       
6.624     1.0       
6.938     2.0       
7.258     3.0       
7.587     4.0       
7.919     1.0       
8.235     2.0       
8.553     3.0       
8.867     4.0       
9.174     1.0       
9.507     2.0       
9.843     3.0       
10.167    4.0       
10.495    1.0       
10.805    2.0       
11.133    3.0       
11.438    4.0       
11.77     1.0       
12.103    2.0       
12.43     3.0       
12.755    4.0       
13.076    1.0       
13.403    2.0       
13.719    3.0       
14.043    4.0       
14.364    1.0       
14.67     2.0       
15.006    3.0       
15.335    4.0       
15.643    1.0       
15.979    2.0       
16.312    3.0       
16.635    4.0       
16.967    1.0       
17.299    2.0       
17.629    3.0       
17.934    4.0       
18.242    1.0       
18.575    2.0       
18.903    3.0       
19.215    4.0       
19.541    1.0       
19.866    2.0       
20.181    3.0       
20.489    4.0       
20.819    1.0       
21.152    2.0       
21.487    3.0       
21.802    4.0       
22.11     1.0       
22.417    2.0       
22.748    3.0       
23.085    4.0       
23.393    1.0       
23.728    2.0       
24.055    3.0       
24.36     4.0       
24.686    1.0       
24.999    2.0       
25.314    3.0       
25.625    4.0       
25.954    1.0       
26.272    2.0       
26.577    3.0       
26.903    4.0       
27.228    1.0       
27.545    2.0       
27.861    3.0       
28.18     4.0       
28.507    1.0       
28.817    2.0       
29.139    3.0       
29.452    4.0       
29.759    1.0       
30.064    2.0       
30.38     3.0       
30.69     4.0       
31.004    1.0       
31.309    2.0       
31.631    3.0       
31.936    4.0       
32.266    5.0       
32.588    1.0       
32.913    2.0       
33.244    3.0       
33.554    4.0       
33.859    5.0       
34.172    1.0       
34.483    2.0       
34.813    3.0       
35.149    4.0       
35.473    5.0       
35.809    1.0       
36.116    2.0       
36.44     3.0       
36.749    4.0       
37.086    5.0       
37.416    1.0       
37.725    2.0       
38.06     3.0       
38.365    4.0       
38.693    5.0       
39.017    1.0       
39.332    2.0       
39.655    3.0       
39.962    4.0       
40.29     5.0       
40.604    1.0       
40.94     2.0       
41.273    3.0       
41.602    4.0       
41.912    5.0       
42.225    1.0       
42.532    2.0       
42.854    3.0       
43.163    4.0       
43.491    5.0       
43.806    1.0       
44.137    2.0       
44.466    3.0       
44.793    4.0       
45.125    5.0       
45.441    1.0       
45.761    2.0       
46.081    3.0       
46.416    4.0       
46.751    5.0       
47.073    1.0       
47.394    2.0       
47.73     3.0       
48.04     4.0       
48.355    5.0       
48.691    1.0       
49.023    2.0       
49.348    3.0       
49.671    4.0       
49.998    5.0       
