0.118     1.0       
0.343     2.0       
0.565     3.0       
0.796     4.0       
1.024     1.0       
1.266     2.0       
1.504     3.0       
1.754     4.0       
1.986     1.0       
2.219     2.0       
2.464     3.0       
2.713     4.0       
2.952     1.0       
3.185     2.0       
3.423     3.0       
3.645     4.0       
3.89      1.0       
4.121     2.0       
4.35      3.0       
4.601     4.0       
4.833     1.0       
5.071     2.0       
5.318     3.0       
5.549     4.0       
5.784     1.0       
6.029     2.0       
6.276     3.0       
6.512     4.0       
6.753     1.0       
6.998     2.0       
7.237     3.0       
7.49      4.0       
7.722     1.0       
7.959     2.0       
8.193     3.0       
8.441     4.0       
8.671     5.0       
8.897     1.0       
9.138     2.0       
9.382     3.0       
9.615     4.0       
9.852     5.0       
10.079    1.0       
10.301    2.0       
10.553    3.0       
10.786    4.0       
11.01     5.0       
11.241    1.0       
11.491    2.0       
11.725    3.0       
11.971    4.0       
12.203    5.0       
12.451    1.0       
12.695    2.0       
12.947    3.0       
13.198    4.0       
13.442    5.0       
13.691    1.0       
13.939    2.0       
14.18     3.0       
14.43     4.0       
14.665    5.0       
14.914    1.0       
15.165    2.0       
15.395    3.0       
15.626    4.0       
15.859    5.0       
16.086    1.0       
16.332    2.0       
16.571    3.0       
16.804    4.0       
17.031    5.0       
