0.275     1.0       
0.464     2.0       
0.67      3.0       
0.869     4.0       
1.065     1.0       
1.248     2.0       
1.43      3.0       
1.611     4.0       
1.801     1.0       
1.994     2.0       
2.201     3.0       
2.393     4.0       
2.585     1.0       
2.783     2.0       
2.969     3.0       
3.177     4.0       
3.372     1.0       
3.565     2.0       
3.755     3.0       
3.937     4.0       
4.139     1.0       
4.32      2.0       
4.5       3.0       
4.709     4.0       
4.887     1.0       
5.082     2.0       
5.281     3.0       
5.466     4.0       
5.674     1.0       
5.858     2.0       
6.039     3.0       
6.225     4.0       
6.429     1.0       
6.614     2.0       
6.817     3.0       
7.024     4.0       
7.201     1.0       
7.384     2.0       
7.589     3.0       
7.789     4.0       
7.992     1.0       
8.174     2.0       
8.374     3.0       
8.563     4.0       
8.759     1.0       
8.947     2.0       
9.155     3.0       
9.359     4.0       
9.559     1.0       
9.757     2.0       
9.965     3.0       
10.157    4.0       
10.36     5.0       
10.549    1.0       
10.731    2.0       
10.912    3.0       
11.121    4.0       
11.306    5.0       
11.488    1.0       
11.681    2.0       
11.867    3.0       
12.05     4.0       
12.246    5.0       
12.45     1.0       
12.627    2.0       
12.818    3.0       
13.012    4.0       
13.215    5.0       
13.408    1.0       
13.594    2.0       
13.776    3.0       
13.972    4.0       
14.15     5.0       
14.343    1.0       
14.533    2.0       
14.718    3.0       
14.926    4.0       
15.103    5.0       
15.293    1.0       
15.478    2.0       
15.662    3.0       
15.856    4.0       
16.048    5.0       
16.244    1.0       
16.438    2.0       
16.647    3.0       
16.844    4.0       
17.033    5.0       
17.218    1.0       
17.397    2.0       
17.59     3.0       
17.787    4.0       
17.982    5.0       
18.162    1.0       
18.342    2.0       
18.539    3.0       
18.741    4.0       
18.943    5.0       
19.133    1.0       
19.337    2.0       
19.517    3.0       
19.72     4.0       
19.924    5.0       
20.129    1.0       
20.32     2.0       
20.517    3.0       
20.704    4.0       
20.885    5.0       
21.075    1.0       
21.253    2.0       
21.438    3.0       
21.643    4.0       
21.843    5.0       
22.04     1.0       
22.24     2.0       
22.445    3.0       
22.626    4.0       
22.818    5.0       
23.025    1.0       
23.217    2.0       
23.426    3.0       
23.626    4.0       
23.831    5.0       
24.029    1.0       
24.226    2.0       
24.417    3.0       
24.602    4.0       
24.803    5.0       
