0.214     1.0       
0.488     2.0       
0.739     3.0       
1.0       4.0       
1.258     1.0       
1.524     2.0       
1.783     3.0       
2.04      4.0       
2.295     1.0       
2.542     2.0       
2.787     3.0       
3.056     4.0       
3.331     1.0       
3.574     2.0       
3.825     3.0       
4.072     4.0       
4.341     1.0       
4.585     2.0       
4.856     3.0       
5.125     4.0       
5.377     1.0       
5.622     2.0       
5.888     3.0       
6.159     4.0       
6.412     1.0       
6.657     2.0       
6.926     3.0       
7.169     4.0       
7.412     1.0       
7.662     2.0       
7.917     3.0       
8.179     4.0       
8.447     1.0       
8.699     2.0       
8.943     3.0       
9.217     4.0       
9.477     1.0       
9.751     2.0       
10.003    3.0       
10.276    4.0       
10.519    1.0       
10.773    2.0       
11.03     3.0       
11.276    4.0       
11.522    1.0       
11.771    2.0       
12.031    3.0       
12.274    4.0       
12.535    1.0       
12.78     2.0       
13.043    3.0       
13.287    4.0       
13.556    1.0       
13.815    2.0       
14.079    3.0       
14.335    4.0       
14.608    1.0       
14.882    2.0       
15.154    3.0       
15.425    4.0       
15.692    1.0       
15.964    2.0       
16.238    3.0       
16.511    4.0       
16.761    1.0       
17.036    2.0       
17.294    3.0       
17.541    4.0       
17.799    1.0       
18.067    2.0       
18.33     3.0       
18.602    4.0       
18.861    1.0       
19.128    2.0       
19.397    3.0       
19.669    4.0       
19.922    1.0       
20.169    2.0       
20.436    3.0       
20.686    4.0       
20.939    1.0       
21.21     2.0       
21.457    3.0       
21.703    4.0       
21.975    1.0       
22.227    2.0       
22.499    3.0       
22.756    4.0       
23.022    1.0       
23.295    2.0       
23.564    3.0       
23.837    4.0       
24.085    1.0       
24.338    2.0       
24.61     3.0       
24.884    4.0       
25.152    1.0       
25.41     2.0       
25.667    3.0       
25.924    4.0       
26.184    5.0       
26.447    1.0       
26.716    2.0       
26.985    3.0       
27.242    4.0       
27.497    5.0       
27.758    1.0       
28.033    2.0       
28.294    3.0       
28.546    4.0       
28.79     5.0       
29.048    1.0       
29.311    2.0       
29.575    3.0       
29.846    4.0       
30.099    5.0       
30.367    1.0       
30.625    2.0       
30.87     3.0       
31.145    4.0       
31.397    5.0       
31.666    1.0       
31.919    2.0       
32.182    3.0       
32.45     4.0       
32.72     5.0       
32.99     1.0       
33.248    2.0       
33.491    3.0       
33.75     4.0       
34.001    5.0       
34.268    1.0       
34.527    2.0       
34.787    3.0       
35.061    4.0       
35.309    5.0       
35.582    1.0       
35.852    2.0       
36.122    3.0       
36.365    4.0       
36.64     5.0       
36.889    1.0       
37.155    2.0       
37.408    3.0       
37.667    4.0       
37.921    5.0       
38.184    1.0       
38.448    2.0       
38.719    3.0       
38.984    4.0       
39.259    5.0       
39.529    1.0       
39.802    2.0       
40.05     3.0       
40.313    4.0       
40.561    5.0       
40.835    1.0       
41.107    2.0       
41.382    3.0       
41.635    4.0       
41.9      5.0       
42.163    1.0       
42.42     2.0       
42.664    3.0       
42.919    4.0       
43.168    5.0       
43.443    1.0       
43.714    2.0       
43.975    3.0       
44.247    4.0       
44.52     5.0       
44.794    1.0       
45.037    2.0       
45.301    3.0       
45.567    4.0       
45.824    5.0       
46.079    1.0       
46.348    2.0       
46.593    3.0       
46.86     4.0       
47.128    5.0       
47.379    1.0       
47.637    2.0       
47.909    3.0       
48.174    4.0       
48.442    5.0       
48.709    1.0       
48.956    2.0       
49.231    3.0       
49.497    4.0       
49.749    5.0       
50.019    1.0       
50.271    2.0       
50.516    3.0       
50.759    4.0       
51.017    5.0       
