0.236     1.0       
0.452     2.0       
0.693     3.0       
0.911     4.0       
1.134     1.0       
1.35      2.0       
1.567     3.0       
1.792     4.0       
2.002     1.0       
2.225     2.0       
2.446     3.0       
2.677     4.0       
2.89      1.0       
3.129     2.0       
3.344     3.0       
3.579     4.0       
3.808     1.0       
4.022     2.0       
4.25      3.0       
4.487     4.0       
4.719     1.0       
4.947     2.0       
5.183     3.0       
5.401     4.0       
5.618     1.0       
5.846     2.0       
6.056     3.0       
6.268     4.0       
6.504     1.0       
6.743     2.0       
6.982     3.0       
7.218     4.0       
7.455     1.0       
7.666     2.0       
7.877     3.0       
8.116     4.0       
8.338     1.0       
8.57      2.0       
8.808     3.0       
9.037     4.0       
9.276     1.0       
9.511     2.0       
9.747     3.0       
9.983     4.0       
10.21     1.0       
10.422    2.0       
10.659    3.0       
10.9      4.0       
11.123    1.0       
11.353    2.0       
11.574    3.0       
11.8      4.0       
12.023    1.0       
12.246    2.0       
12.466    3.0       
12.707    4.0       
12.921    1.0       
13.156    2.0       
13.372    3.0       
13.601    4.0       
13.831    1.0       
14.068    2.0       
14.302    3.0       
14.514    4.0       
14.728    1.0       
14.949    2.0       
15.182    3.0       
15.4      4.0       
15.619    1.0       
15.832    2.0       
16.071    3.0       
16.312    4.0       
16.54     1.0       
16.749    2.0       
16.962    3.0       
17.174    4.0       
17.403    1.0       
17.621    2.0       
17.85     3.0       
18.064    4.0       
18.274    1.0       
18.489    2.0       
18.705    3.0       
18.916    4.0       
19.132    1.0       
19.342    2.0       
19.56     3.0       
19.785    4.0       
20.013    1.0       
20.251    2.0       
20.469    3.0       
20.709    4.0       
20.92     1.0       
21.161    2.0       
21.39     3.0       
21.609    4.0       
21.842    1.0       
22.076    2.0       
22.298    3.0       
22.53     4.0       
22.751    1.0       
22.982    2.0       
23.209    3.0       
23.426    4.0       
23.635    1.0       
23.854    2.0       
24.093    3.0       
24.315    4.0       
24.548    1.0       
24.77     2.0       
24.986    3.0       
25.202    4.0       
25.416    1.0       
25.648    2.0       
25.876    3.0       
26.111    4.0       
26.33     5.0       
26.546    1.0       
26.76     2.0       
26.998    3.0       
27.208    4.0       
27.44     5.0       
27.669    1.0       
27.879    2.0       
28.113    3.0       
28.337    4.0       
28.559    5.0       
28.777    1.0       
29.018    2.0       
29.256    3.0       
29.497    4.0       
29.72     5.0       
29.959    1.0       
30.184    2.0       
30.423    3.0       
30.664    4.0       
30.891    5.0       
31.118    1.0       
31.328    2.0       
31.566    3.0       
31.792    4.0       
32.026    5.0       
32.241    1.0       
32.458    2.0       
32.679    3.0       
32.906    4.0       
33.125    5.0       
33.356    1.0       
33.581    2.0       
33.811    3.0       
34.027    4.0       
34.25     5.0       
