0.211     1.0       
0.536     2.0       
0.871     3.0       
1.211     4.0       
1.538     1.0       
1.856     2.0       
2.172     3.0       
2.492     4.0       
2.832     1.0       
3.165     2.0       
3.491     3.0       
3.813     4.0       
4.157     1.0       
4.494     2.0       
4.836     3.0       
5.168     4.0       
5.508     1.0       
5.836     2.0       
6.171     3.0       
6.485     4.0       
6.808     1.0       
7.126     2.0       
7.467     3.0       
7.796     4.0       
8.12      1.0       
8.447     2.0       
8.791     3.0       
9.105     4.0       
9.424     1.0       
9.738     2.0       
10.065    3.0       
10.402    4.0       
10.716    1.0       
11.041    2.0       
11.361    3.0       
11.704    4.0       
12.037    1.0       
12.381    2.0       
12.703    3.0       
13.047    4.0       
13.385    1.0       
13.699    2.0       
14.034    3.0       
14.357    4.0       
14.673    1.0       
14.986    2.0       
15.321    3.0       
15.651    4.0       
15.982    1.0       
16.296    2.0       
16.623    3.0       
16.944    4.0       
17.273    1.0       
17.597    2.0       
17.936    3.0       
18.254    4.0       
18.589    1.0       
18.929    2.0       
19.25     3.0       
19.588    4.0       
19.926    1.0       
20.253    2.0       
20.566    3.0       
20.899    4.0       
21.219    1.0       
21.536    2.0       
21.872    3.0       
22.208    4.0       
22.549    1.0       
22.877    2.0       
23.201    3.0       
23.526    4.0       
23.859    1.0       
24.185    2.0       
24.505    3.0       
24.82     4.0       
25.137    1.0       
25.478    2.0       
25.81     3.0       
26.123    4.0       
26.465    1.0       
26.777    2.0       
27.093    3.0       
27.425    4.0       
27.745    1.0       
28.072    2.0       
28.409    3.0       
28.735    4.0       
29.052    1.0       
29.375    2.0       
29.705    3.0       
30.027    4.0       
30.36     1.0       
30.704    2.0       
31.043    3.0       
31.383    4.0       
31.719    1.0       
32.043    2.0       
32.374    3.0       
32.715    4.0       
33.058    1.0       
33.397    2.0       
33.738    3.0       
34.055    4.0       
34.367    1.0       
34.691    2.0       
35.014    3.0       
35.348    4.0       
35.686    1.0       
36.009    2.0       
36.33     3.0       
36.657    4.0       
36.986    1.0       
37.31     2.0       
37.622    3.0       
37.938    4.0       
38.271    5.0       
38.601    1.0       
38.916    2.0       
39.247    3.0       
39.58     4.0       
39.903    5.0       
40.229    1.0       
40.546    2.0       
40.884    3.0       
41.227    4.0       
41.539    5.0       
41.854    1.0       
42.179    2.0       
42.523    3.0       
42.843    4.0       
43.167    5.0       
43.5      1.0       
43.824    2.0       
44.149    3.0       
44.484    4.0       
44.805    5.0       
45.134    1.0       
45.47     2.0       
45.783    3.0       
46.109    4.0       
46.427    5.0       
46.764    1.0       
47.104    2.0       
47.432    3.0       
47.756    4.0       
48.097    5.0       
48.424    1.0       
48.767    2.0       
49.079    3.0       
49.402    4.0       
49.731    5.0       
50.046    1.0       
50.362    2.0       
50.697    3.0       
51.023    4.0       
51.361    5.0       
51.696    1.0       
52.039    2.0       
52.363    3.0       
52.704    4.0       
53.038    5.0       
53.369    1.0       
53.706    2.0       
54.043    3.0       
54.387    4.0       
54.714    5.0       
55.045    1.0       
55.38     2.0       
55.692    3.0       
56.03     4.0       
56.36     5.0       
56.695    1.0       
57.013    2.0       
57.328    3.0       
57.667    4.0       
57.998    5.0       
58.327    1.0       
58.664    2.0       
59.006    3.0       
59.32     4.0       
59.633    5.0       
59.95     1.0       
60.269    2.0       
60.601    3.0       
60.935    4.0       
61.249    5.0       
61.564    1.0       
61.9      2.0       
62.243    3.0       
62.56     4.0       
62.889    5.0       
63.205    1.0       
63.544    2.0       
63.876    3.0       
64.198    4.0       
64.539    5.0       
64.869    1.0       
65.213    2.0       
65.545    3.0       
65.873    4.0       
66.192    5.0       
66.524    1.0       
66.868    2.0       
67.196    3.0       
67.528    4.0       
67.86     5.0       
68.2      1.0       
68.515    2.0       
68.827    3.0       
69.165    4.0       
69.505    5.0       
69.844    1.0       
70.159    2.0       
70.477    3.0       
70.798    4.0       
71.111    5.0       
71.433    1.0       
71.77     2.0       
72.103    3.0       
72.446    4.0       
72.76     5.0       
73.081    1.0       
73.414    2.0       
73.738    3.0       
74.076    4.0       
74.401    5.0       
74.719    1.0       
75.053    2.0       
75.378    3.0       
75.691    4.0       
76.019    5.0       
76.354    1.0       
76.675    2.0       
77.01     3.0       
77.329    4.0       
77.665    5.0       
77.988    1.0       
78.316    2.0       
78.646    3.0       
78.987    4.0       
79.315    5.0       
79.641    1.0       
79.974    2.0       
80.308    3.0       
80.64     4.0       
80.972    5.0       
81.308    1.0       
81.643    2.0       
81.958    3.0       
82.293    4.0       
82.632    5.0       
