0.108     1.0       
0.391     2.0       
0.693     3.0       
0.977     4.0       
1.283     1.0       
1.586     2.0       
1.872     3.0       
2.167     4.0       
2.456     1.0       
2.763     2.0       
3.063     3.0       
3.374     4.0       
3.683     1.0       
3.994     2.0       
4.287     3.0       
4.574     4.0       
4.862     1.0       
5.171     2.0       
5.477     3.0       
5.779     4.0       
6.063     1.0       
6.359     2.0       
6.659     3.0       
6.951     4.0       
7.234     1.0       
7.533     2.0       
7.814     3.0       
8.11      4.0       
8.421     1.0       
8.717     2.0       
9.002     3.0       
9.307     4.0       
9.606     1.0       
9.901     2.0       
10.206    3.0       
10.504    4.0       
10.807    1.0       
11.118    2.0       
11.42     3.0       
11.726    4.0       
12.01     1.0       
12.305    2.0       
12.591    3.0       
12.891    4.0       
13.191    1.0       
13.481    2.0       
13.793    3.0       
14.078    4.0       
14.37     1.0       
14.679    2.0       
14.975    3.0       
15.263    4.0       
15.545    1.0       
15.836    2.0       
16.119    3.0       
16.416    4.0       
16.722    1.0       
17.031    2.0       
17.315    3.0       
17.624    4.0       
17.93     1.0       
18.24     2.0       
18.54     3.0       
18.828    4.0       
19.115    1.0       
19.396    2.0       
19.679    3.0       
19.97     4.0       
20.265    1.0       
20.563    2.0       
20.873    3.0       
21.163    4.0       
21.451    1.0       
21.753    2.0       
22.041    3.0       
22.348    4.0       
22.651    1.0       
22.94     2.0       
23.23     3.0       
23.541    4.0       
23.83     1.0       
24.119    2.0       
24.4      3.0       
24.682    4.0       
24.988    1.0       
25.274    2.0       
25.568    3.0       
25.868    4.0       
26.173    1.0       
26.464    2.0       
26.769    3.0       
27.052    4.0       
27.337    1.0       
27.647    2.0       
27.958    3.0       
28.258    4.0       
28.567    1.0       
28.859    2.0       
29.149    3.0       
29.458    4.0       
29.757    1.0       
30.057    2.0       
30.364    3.0       
30.666    4.0       
30.972    1.0       
31.265    2.0       
31.557    3.0       
31.852    4.0       
32.138    1.0       
32.45     2.0       
32.763    3.0       
33.075    4.0       
33.37     1.0       
33.677    2.0       
33.985    3.0       
34.29     4.0       
34.586    1.0       
34.869    2.0       
35.153    3.0       
35.434    4.0       
35.736    1.0       
36.025    2.0       
36.313    3.0       
36.621    4.0       
36.927    1.0       
37.235    2.0       
37.54     3.0       
37.832    4.0       
38.142    1.0       
38.424    2.0       
38.73     3.0       
39.024    4.0       
39.311    5.0       
39.613    1.0       
39.908    2.0       
40.217    3.0       
40.517    4.0       
40.806    5.0       
41.09     1.0       
41.398    2.0       
41.696    3.0       
41.999    4.0       
42.309    5.0       
42.601    1.0       
42.9      2.0       
43.209    3.0       
43.506    4.0       
43.8      5.0       
44.102    1.0       
44.407    2.0       
44.69     3.0       
45.002    4.0       
45.298    5.0       
45.596    1.0       
45.887    2.0       
46.198    3.0       
46.5      4.0       
46.784    5.0       
47.078    1.0       
47.388    2.0       
47.699    3.0       
48.009    4.0       
48.313    5.0       
48.619    1.0       
48.903    2.0       
49.209    3.0       
49.517    4.0       
49.815    5.0       
50.11     1.0       
50.402    2.0       
50.696    3.0       
50.981    4.0       
51.268    5.0       
51.575    1.0       
51.869    2.0       
52.151    3.0       
52.463    4.0       
52.749    5.0       
53.049    1.0       
53.332    2.0       
53.63     3.0       
53.942    4.0       
54.232    5.0       
54.545    1.0       
54.829    2.0       
55.119    3.0       
55.411    4.0       
55.697    5.0       
