0.229     1.0       
0.484     2.0       
0.74      3.0       
0.972     4.0       
1.23      1.0       
1.481     2.0       
1.733     3.0       
1.99      4.0       
2.251     1.0       
2.502     2.0       
2.764     3.0       
3.002     4.0       
3.244     1.0       
3.502     2.0       
3.738     3.0       
3.982     4.0       
4.245     1.0       
4.494     2.0       
4.755     3.0       
5.003     4.0       
5.245     1.0       
5.5       2.0       
5.757     3.0       
5.992     4.0       
6.244     1.0       
6.481     2.0       
6.738     3.0       
6.984     4.0       
7.238     1.0       
7.487     2.0       
7.748     3.0       
7.994     4.0       
8.254     1.0       
8.506     2.0       
8.751     3.0       
9.0       4.0       
9.239     1.0       
9.477     2.0       
9.729     3.0       
9.974     4.0       
10.232    1.0       
10.49     2.0       
10.738    3.0       
10.976    4.0       
11.222    1.0       
11.486    2.0       
11.735    3.0       
11.971    4.0       
12.207    1.0       
12.462    2.0       
12.71     3.0       
12.965    4.0       
13.208    1.0       
13.453    2.0       
13.717    3.0       
13.958    4.0       
14.204    1.0       
14.461    2.0       
14.724    3.0       
14.987    4.0       
15.225    1.0       
15.474    2.0       
15.725    3.0       
15.969    4.0       
16.204    1.0       
16.457    2.0       
16.71     3.0       
16.97     4.0       
17.233    1.0       
17.479    2.0       
17.732    3.0       
17.964    4.0       
18.225    1.0       
18.457    2.0       
18.705    3.0       
18.964    4.0       
19.219    1.0       
19.481    2.0       
19.719    3.0       
19.969    4.0       
20.23     1.0       
20.483    2.0       
20.742    3.0       
20.991    4.0       
21.255    5.0       
21.513    1.0       
21.777    2.0       
22.035    3.0       
22.291    4.0       
22.54     5.0       
22.778    1.0       
23.014    2.0       
23.254    3.0       
23.506    4.0       
23.74     5.0       
23.991    1.0       
24.231    2.0       
24.471    3.0       
24.709    4.0       
24.961    5.0       
25.201    1.0       
25.465    2.0       
25.709    3.0       
25.951    4.0       
26.204    5.0       
26.467    1.0       
26.711    2.0       
26.949    3.0       
27.196    4.0       
27.457    5.0       
27.692    1.0       
27.93     2.0       
28.191    3.0       
28.444    4.0       
28.698    5.0       
28.961    1.0       
29.195    2.0       
29.458    3.0       
29.699    4.0       
29.949    5.0       
30.204    1.0       
30.445    2.0       
30.704    3.0       
30.957    4.0       
31.21     5.0       
31.451    1.0       
31.7      2.0       
31.946    3.0       
32.2      4.0       
32.454    5.0       
32.7      1.0       
32.943    2.0       
33.187    3.0       
33.431    4.0       
33.677    5.0       
33.909    1.0       
34.169    2.0       
34.43     3.0       
34.671    4.0       
34.933    5.0       
35.18     1.0       
35.429    2.0       
35.688    3.0       
35.952    4.0       
36.196    5.0       
36.451    1.0       
36.689    2.0       
36.943    3.0       
37.204    4.0       
37.464    5.0       
37.71     1.0       
37.96     2.0       
38.224    3.0       
38.478    4.0       
38.715    5.0       
38.947    1.0       
39.206    2.0       
39.441    3.0       
39.673    4.0       
39.932    5.0       
40.166    1.0       
40.398    2.0       
40.639    3.0       
40.89     4.0       
41.148    5.0       
41.405    1.0       
41.651    2.0       
41.895    3.0       
42.127    4.0       
42.387    5.0       
42.642    1.0       
42.895    2.0       
43.134    3.0       
43.376    4.0       
43.608    5.0       
43.854    1.0       
44.098    2.0       
44.339    3.0       
44.582    4.0       
44.829    5.0       
45.084    1.0       
45.345    2.0       
45.599    3.0       
45.851    4.0       
46.1      5.0       
46.356    1.0       
46.597    2.0       
46.847    3.0       
47.106    4.0       
47.343    5.0       
47.586    1.0       
47.832    2.0       
48.066    3.0       
48.319    4.0       
48.578    5.0       
48.811    1.0       
49.068    2.0       
49.315    3.0       
49.56     4.0       
49.809    5.0       
50.043    1.0       
50.283    2.0       
50.541    3.0       
50.781    4.0       
51.022    5.0       
51.261    1.0       
51.507    2.0       
51.763    3.0       
52.005    4.0       
52.251    5.0       
52.5      1.0       
52.734    2.0       
52.984    3.0       
53.217    4.0       
53.453    5.0       
53.7      1.0       
53.954    2.0       
54.215    3.0       
54.45     4.0       
54.705    5.0       
54.946    1.0       
55.204    2.0       
55.458    3.0       
55.713    4.0       
55.968    5.0       
56.219    1.0       
56.453    2.0       
56.691    3.0       
56.924    4.0       
57.165    5.0       
57.399    1.0       
57.643    2.0       
57.894    3.0       
58.129    4.0       
58.385    5.0       
58.648    1.0       
58.91     2.0       
59.143    3.0       
59.393    4.0       
59.65     5.0       
