0.209     1.0       
0.489     2.0       
0.789     3.0       
1.069     4.0       
1.353     1.0       
1.631     2.0       
1.912     3.0       
2.199     4.0       
2.479     1.0       
2.762     2.0       
3.046     3.0       
3.329     4.0       
3.603     1.0       
3.903     2.0       
4.194     3.0       
4.475     4.0       
4.758     1.0       
5.031     2.0       
5.299     3.0       
5.599     4.0       
5.886     1.0       
6.158     2.0       
6.441     3.0       
6.71      4.0       
6.996     1.0       
7.293     2.0       
7.585     3.0       
7.861     4.0       
8.13      1.0       
8.407     2.0       
8.691     3.0       
8.986     4.0       
9.266     1.0       
9.543     2.0       
9.841     3.0       
10.123    4.0       
10.411    5.0       
10.711    1.0       
10.98     2.0       
11.265    3.0       
11.545    4.0       
11.82     5.0       
12.098    1.0       
12.395    2.0       
12.678    3.0       
12.963    4.0       
13.253    5.0       
13.537    1.0       
13.824    2.0       
14.093    3.0       
14.385    4.0       
14.66     5.0       
14.953    1.0       
15.23     2.0       
15.515    3.0       
15.784    4.0       
16.06     5.0       
16.36     1.0       
16.629    2.0       
16.9      3.0       
17.191    4.0       
17.478    5.0       
17.767    1.0       
18.045    2.0       
18.331    3.0       
18.61     4.0       
18.879    5.0       
19.164    1.0       
19.449    2.0       
19.737    3.0       
20.009    4.0       
20.289    5.0       
20.588    1.0       
20.875    2.0       
21.159    3.0       
21.438    4.0       
21.732    5.0       
22.0      1.0       
22.274    2.0       
22.551    3.0       
22.843    4.0       
23.137    5.0       
23.405    1.0       
23.695    2.0       
23.978    3.0       
24.271    4.0       
24.56     5.0       
24.856    1.0       
25.14     2.0       
25.435    3.0       
25.728    4.0       
26.013    5.0       
26.29     1.0       
26.572    2.0       
26.858    3.0       
27.129    4.0       
27.401    5.0       
27.676    1.0       
27.964    2.0       
28.263    3.0       
28.556    4.0       
28.825    5.0       
29.123    1.0       
29.42     2.0       
29.703    3.0       
29.978    4.0       
30.272    5.0       
30.54     1.0       
30.822    2.0       
31.11     3.0       
31.406    4.0       
31.702    5.0       
31.991    1.0       
32.264    2.0       
32.549    3.0       
32.839    4.0       
33.133    5.0       
33.408    1.0       
33.676    2.0       
33.974    3.0       
34.246    4.0       
34.538    5.0       
34.829    1.0       
35.12     2.0       
35.414    3.0       
35.709    4.0       
36.003    5.0       
36.287    1.0       
36.569    2.0       
36.85     3.0       
37.133    4.0       
37.411    5.0       
37.708    1.0       
37.985    2.0       
38.271    3.0       
38.556    4.0       
38.824    5.0       
39.094    1.0       
39.377    2.0       
39.67     3.0       
39.968    4.0       
40.263    5.0       
40.534    1.0       
40.818    2.0       
41.094    3.0       
41.37     4.0       
41.643    5.0       
41.912    1.0       
42.194    2.0       
42.469    3.0       
42.737    4.0       
43.015    5.0       
