0.141     1.0       
0.462     2.0       
0.801     3.0       
1.131     4.0       
1.456     1.0       
1.777     2.0       
2.103     3.0       
2.433     4.0       
2.753     1.0       
3.071     2.0       
3.409     3.0       
3.741     4.0       
4.089     1.0       
4.433     2.0       
4.761     3.0       
5.091     4.0       
5.426     1.0       
5.763     2.0       
6.11      3.0       
6.436     4.0       
6.778     1.0       
7.125     2.0       
7.47      3.0       
7.796     4.0       
8.116     1.0       
8.443     2.0       
8.765     3.0       
9.098     4.0       
9.443     1.0       
9.769     2.0       
10.089    3.0       
10.423    4.0       
10.758    1.0       
11.095    2.0       
11.42     3.0       
11.736    4.0       
12.072    1.0       
12.405    2.0       
12.725    3.0       
13.059    4.0       
13.406    1.0       
13.748    2.0       
14.091    3.0       
14.423    4.0       
14.749    1.0       
15.093    2.0       
15.421    3.0       
15.758    4.0       
16.077    1.0       
16.419    2.0       
16.758    3.0       
17.088    4.0       
17.407    1.0       
17.723    2.0       
18.052    3.0       
18.368    4.0       
18.692    1.0       
19.036    2.0       
19.364    3.0       
19.705    4.0       
20.047    1.0       
20.368    2.0       
20.694    3.0       
21.031    4.0       
21.375    1.0       
21.693    2.0       
22.027    3.0       
22.366    4.0       
22.696    1.0       
23.022    2.0       
23.36     3.0       
23.678    4.0       
24.021    1.0       
24.352    2.0       
24.675    3.0       
24.993    4.0       
25.309    1.0       
25.639    2.0       
25.981    3.0       
26.319    4.0       
26.654    1.0       
26.988    2.0       
27.31     3.0       
27.637    4.0       
27.956    1.0       
28.276    2.0       
28.604    3.0       
28.92     4.0       
29.25     1.0       
29.586    2.0       
29.917    3.0       
30.244    4.0       
30.579    1.0       
30.914    2.0       
31.247    3.0       
31.594    4.0       
31.914    1.0       
32.249    2.0       
32.597    3.0       
32.915    4.0       
33.231    5.0       
33.56     1.0       
33.883    2.0       
34.217    3.0       
34.541    4.0       
34.876    5.0       
35.209    1.0       
35.534    2.0       
35.869    3.0       
36.185    4.0       
36.505    5.0       
36.821    1.0       
37.15     2.0       
37.473    3.0       
37.806    4.0       
38.133    5.0       
38.451    1.0       
38.778    2.0       
39.126    3.0       
39.47     4.0       
39.803    5.0       
40.151    1.0       
40.477    2.0       
40.805    3.0       
41.125    4.0       
41.441    5.0       
41.766    1.0       
42.112    2.0       
42.432    3.0       
42.78     4.0       
43.124    5.0       
43.452    1.0       
43.8      2.0       
44.123    3.0       
44.459    4.0       
44.796    5.0       
45.122    1.0       
45.464    2.0       
45.79     3.0       
46.11     4.0       
46.452    5.0       
46.798    1.0       
47.114    2.0       
47.444    3.0       
47.775    4.0       
48.105    5.0       
48.443    1.0       
48.767    2.0       
49.095    3.0       
49.422    4.0       
49.761    5.0       
50.1      1.0       
50.42     2.0       
50.755    3.0       
51.092    4.0       
51.42     5.0       
51.766    1.0       
52.089    2.0       
52.408    3.0       
52.744    4.0       
53.062    5.0       
53.397    1.0       
53.742    2.0       
54.06     3.0       
54.405    4.0       
54.737    5.0       
55.064    1.0       
55.38     2.0       
55.702    3.0       
56.019    4.0       
56.342    5.0       
56.668    1.0       
56.987    2.0       
57.327    3.0       
57.673    4.0       
58.004    5.0       
58.326    1.0       
58.645    2.0       
58.973    3.0       
59.304    4.0       
59.645    5.0       
59.973    1.0       
60.304    2.0       
60.626    3.0       
60.949    4.0       
61.275    5.0       
61.591    1.0       
61.93     2.0       
62.259    3.0       
62.592    4.0       
62.917    5.0       
63.259    1.0       
63.603    2.0       
63.928    3.0       
64.263    4.0       
64.58     5.0       
