0.25      1.0       
0.53      2.0       
0.79      3.0       
1.053     4.0       
1.334     1.0       
1.615     2.0       
1.869     3.0       
2.137     4.0       
2.404     1.0       
2.67      2.0       
2.948     3.0       
3.222     4.0       
3.502     1.0       
3.783     2.0       
4.04      3.0       
4.324     4.0       
4.599     1.0       
4.873     2.0       
5.144     3.0       
5.414     4.0       
5.681     1.0       
5.958     2.0       
6.23      3.0       
6.508     4.0       
6.768     1.0       
7.046     2.0       
7.302     3.0       
7.579     4.0       
7.858     1.0       
8.119     2.0       
8.389     3.0       
8.643     4.0       
8.919     1.0       
9.183     2.0       
9.451     3.0       
9.725     4.0       
9.98      5.0       
10.247    1.0       
10.515    2.0       
10.785    3.0       
11.068    4.0       
11.342    5.0       
11.608    1.0       
11.877    2.0       
12.147    3.0       
12.409    4.0       
12.681    5.0       
12.963    1.0       
13.24     2.0       
13.502    3.0       
13.76     4.0       
14.016    5.0       
14.273    1.0       
14.553    2.0       
14.816    3.0       
15.09     4.0       
15.364    5.0       
15.633    1.0       
15.911    2.0       
16.17     3.0       
16.427    4.0       
16.687    5.0       
16.971    1.0       
17.235    2.0       
17.503    3.0       
17.788    4.0       
18.051    5.0       
18.315    1.0       
18.574    2.0       
18.851    3.0       
19.115    4.0       
19.395    5.0       
19.655    1.0       
19.934    2.0       
20.207    3.0       
20.485    4.0       
20.755    5.0       
21.024    1.0       
21.302    2.0       
21.569    3.0       
21.853    4.0       
22.134    5.0       
22.409    1.0       
22.684    2.0       
22.943    3.0       
23.206    4.0       
23.466    5.0       
23.743    1.0       
24.008    2.0       
24.289    3.0       
24.57     4.0       
24.837    5.0       
25.105    1.0       
25.367    2.0       
25.646    3.0       
25.921    4.0       
26.186    5.0       
26.469    1.0       
26.748    2.0       
27.018    3.0       
27.272    4.0       
27.55     5.0       
27.831    1.0       
28.094    2.0       
28.373    3.0       
28.635    4.0       
28.918    5.0       
29.197    1.0       
29.478    2.0       
29.731    3.0       
29.998    4.0       
30.278    5.0       
30.536    1.0       
30.814    2.0       
31.079    3.0       
31.361    4.0       
31.627    5.0       
31.912    1.0       
32.196    2.0       
32.478    3.0       
32.745    4.0       
33.003    5.0       
33.261    1.0       
33.528    2.0       
33.795    3.0       
34.067    4.0       
34.322    5.0       
34.585    1.0       
34.855    2.0       
35.131    3.0       
35.385    4.0       
35.665    5.0       
35.948    1.0       
36.21     2.0       
36.482    3.0       
36.751    4.0       
37.011    5.0       
37.285    1.0       
37.544    2.0       
37.801    3.0       
38.072    4.0       
38.342    5.0       
38.62     1.0       
38.893    2.0       
39.148    3.0       
39.427    4.0       
39.707    5.0       
39.97     1.0       
40.252    2.0       
40.525    3.0       
40.803    4.0       
41.07     5.0       
41.342    1.0       
41.616    2.0       
41.901    3.0       
42.156    4.0       
42.409    5.0       
42.667    1.0       
42.93     2.0       
43.193    3.0       
43.462    4.0       
43.717    5.0       
43.989    1.0       
44.245    2.0       
44.504    3.0       
44.757    4.0       
45.033    5.0       
45.302    1.0       
45.586    2.0       
45.851    3.0       
46.121    4.0       
46.379    5.0       
