0.139     1.0       
0.467     2.0       
0.795     3.0       
1.123     4.0       
1.449     1.0       
1.782     2.0       
2.098     3.0       
2.418     4.0       
2.766     1.0       
3.11      2.0       
3.428     3.0       
3.773     4.0       
4.104     1.0       
4.423     2.0       
4.742     3.0       
5.077     4.0       
5.393     1.0       
5.735     2.0       
6.057     3.0       
6.395     4.0       
6.715     1.0       
7.053     2.0       
7.381     3.0       
7.714     4.0       
8.042     1.0       
8.368     2.0       
8.689     3.0       
9.036     4.0       
9.384     1.0       
9.726     2.0       
10.055    3.0       
10.384    4.0       
10.722    1.0       
11.054    2.0       
11.385    3.0       
11.706    4.0       
12.045    5.0       
12.367    1.0       
12.706    2.0       
13.032    3.0       
13.362    4.0       
13.698    5.0       
14.03     1.0       
14.347    2.0       
14.68     3.0       
15.008    4.0       
15.337    5.0       
15.653    1.0       
15.983    2.0       
16.327    3.0       
16.652    4.0       
16.97     5.0       
17.293    1.0       
17.634    2.0       
17.952    3.0       
18.296    4.0       
18.622    5.0       
18.952    1.0       
19.269    2.0       
19.603    3.0       
19.94     4.0       
20.266    5.0       
20.604    1.0       
20.927    2.0       
21.254    3.0       
21.58     4.0       
21.915    5.0       
22.246    1.0       
22.572    2.0       
22.893    3.0       
23.235    4.0       
23.553    5.0       
23.873    1.0       
24.211    2.0       
24.545    3.0       
24.888    4.0       
25.214    5.0       
25.534    1.0       
25.854    2.0       
26.191    3.0       
26.51     4.0       
26.852    5.0       
27.194    1.0       
27.526    2.0       
27.846    3.0       
28.191    4.0       
28.514    5.0       
28.853    1.0       
29.171    2.0       
29.519    3.0       
29.867    4.0       
30.206    5.0       
30.55     1.0       
30.882    2.0       
31.221    3.0       
31.563    4.0       
31.891    5.0       
32.215    1.0       
32.551    2.0       
32.871    3.0       
33.211    4.0       
33.549    5.0       
33.883    1.0       
34.224    2.0       
34.55     3.0       
34.882    4.0       
35.211    5.0       
35.556    1.0       
35.898    2.0       
36.232    3.0       
36.574    4.0       
36.91     5.0       
37.256    1.0       
37.599    2.0       
37.933    3.0       
38.277    4.0       
38.619    5.0       
38.967    1.0       
39.29     2.0       
39.629    3.0       
39.977    4.0       
40.312    5.0       
40.654    1.0       
40.99     2.0       
41.308    3.0       
41.631    4.0       
41.947    5.0       
42.287    1.0       
42.627    2.0       
42.96     3.0       
43.299    4.0       
43.643    5.0       
43.975    1.0       
44.305    2.0       
44.631    3.0       
44.956    4.0       
45.302    5.0       
45.637    1.0       
45.953    2.0       
46.296    3.0       
46.612    4.0       
46.955    5.0       
47.285    1.0       
47.61     2.0       
47.951    3.0       
48.285    4.0       
48.622    5.0       
48.964    1.0       
49.303    2.0       
49.636    3.0       
49.955    4.0       
50.297    5.0       
