0.133     1.0       
0.43      2.0       
0.717     3.0       
0.991     4.0       
1.266     1.0       
1.548     2.0       
1.822     3.0       
2.095     4.0       
2.367     1.0       
2.653     2.0       
2.936     3.0       
3.218     4.0       
3.499     1.0       
3.794     2.0       
4.069     3.0       
4.343     4.0       
4.614     1.0       
4.908     2.0       
5.183     3.0       
5.479     4.0       
5.777     1.0       
6.051     2.0       
6.342     3.0       
6.643     4.0       
6.943     1.0       
7.238     2.0       
7.536     3.0       
7.824     4.0       
8.112     1.0       
8.391     2.0       
8.689     3.0       
8.977     4.0       
9.278     1.0       
9.572     2.0       
9.848     3.0       
10.133    4.0       
10.417    5.0       
10.69     1.0       
10.989    2.0       
11.286    3.0       
11.579    4.0       
11.87     5.0       
12.168    1.0       
12.465    2.0       
12.756    3.0       
13.031    4.0       
13.312    5.0       
13.599    1.0       
13.896    2.0       
14.173    3.0       
14.452    4.0       
14.741    5.0       
15.023    1.0       
15.304    2.0       
15.603    3.0       
15.877    4.0       
16.161    5.0       
16.436    1.0       
16.722    2.0       
17.014    3.0       
17.284    4.0       
17.556    5.0       
17.835    1.0       
18.118    2.0       
18.395    3.0       
18.675    4.0       
18.974    5.0       
19.244    1.0       
19.535    2.0       
19.822    3.0       
20.101    4.0       
20.396    5.0       
20.667    1.0       
20.946    2.0       
21.227    3.0       
21.517    4.0       
21.798    5.0       
22.082    1.0       
22.377    2.0       
22.672    3.0       
22.956    4.0       
23.226    5.0       
23.5      1.0       
23.785    2.0       
24.08     3.0       
24.376    4.0       
24.665    5.0       
24.964    1.0       
25.246    2.0       
25.54     3.0       
25.828    4.0       
26.105    5.0       
26.392    1.0       
26.662    2.0       
26.931    3.0       
27.208    4.0       
27.5      5.0       
27.786    1.0       
28.064    2.0       
28.355    3.0       
28.646    4.0       
28.922    5.0       
29.211    1.0       
29.483    2.0       
29.774    3.0       
30.052    4.0       
30.347    5.0       
30.647    1.0       
30.947    2.0       
31.221    3.0       
31.509    4.0       
31.803    5.0       
32.075    1.0       
32.372    2.0       
32.643    3.0       
32.923    4.0       
33.212    5.0       
33.507    1.0       
33.794    2.0       
34.067    3.0       
34.341    4.0       
34.635    5.0       
34.928    1.0       
35.219    2.0       
35.518    3.0       
35.811    4.0       
36.109    5.0       
36.406    1.0       
36.704    2.0       
37.004    3.0       
37.277    4.0       
37.551    5.0       
37.832    1.0       
38.111    2.0       
38.387    3.0       
38.667    4.0       
38.942    5.0       
39.216    1.0       
39.517    2.0       
39.814    3.0       
40.092    4.0       
40.363    5.0       
40.64     1.0       
40.941    2.0       
41.218    3.0       
41.499    4.0       
41.781    5.0       
42.056    1.0       
42.328    2.0       
42.622    3.0       
42.922    4.0       
43.216    5.0       
43.49     1.0       
43.772    2.0       
44.042    3.0       
44.332    4.0       
44.615    5.0       
44.915    1.0       
45.207    2.0       
45.499    3.0       
45.771    4.0       
46.069    5.0       
46.342    1.0       
46.635    2.0       
46.916    3.0       
47.188    4.0       
47.463    5.0       
47.742    1.0       
48.022    2.0       
48.314    3.0       
48.601    4.0       
48.881    5.0       
