0.296     1.0       
0.533     2.0       
0.784     3.0       
1.034     4.0       
1.3       1.0       
1.546     2.0       
1.784     3.0       
2.032     4.0       
2.299     1.0       
2.546     2.0       
2.802     3.0       
3.039     4.0       
3.3       1.0       
3.548     2.0       
3.786     3.0       
4.042     4.0       
4.288     1.0       
4.552     2.0       
4.819     3.0       
5.072     4.0       
5.338     1.0       
5.58      2.0       
5.83      3.0       
6.076     4.0       
6.327     1.0       
6.566     2.0       
6.826     3.0       
7.062     4.0       
7.324     1.0       
7.585     2.0       
7.837     3.0       
8.102     4.0       
8.36      1.0       
8.62      2.0       
8.869     3.0       
9.136     4.0       
9.376     1.0       
9.637     2.0       
9.892     3.0       
10.148    4.0       
10.398    1.0       
10.642    2.0       
10.885    3.0       
11.123    4.0       
11.384    1.0       
11.623    2.0       
11.872    3.0       
12.135    4.0       
12.387    1.0       
12.646    2.0       
12.886    3.0       
13.148    4.0       
13.408    1.0       
13.676    2.0       
13.932    3.0       
14.183    4.0       
14.435    1.0       
14.701    2.0       
14.952    3.0       
15.204    4.0       
15.448    1.0       
15.706    2.0       
15.946    3.0       
16.211    4.0       
16.461    1.0       
16.724    2.0       
16.966    3.0       
17.211    4.0       
17.477    1.0       
17.715    2.0       
17.965    3.0       
18.209    4.0       
18.463    1.0       
18.724    2.0       
18.962    3.0       
19.228    4.0       
19.466    1.0       
19.711    2.0       
19.96     3.0       
20.211    4.0       
20.467    1.0       
20.707    2.0       
20.97     3.0       
21.22     4.0       
21.48     1.0       
21.727    2.0       
21.976    3.0       
22.221    4.0       
22.486    1.0       
22.735    2.0       
22.978    3.0       
23.246    4.0       
23.482    1.0       
23.75     2.0       
23.986    3.0       
24.234    4.0       
24.486    1.0       
24.724    2.0       
24.987    3.0       
25.239    4.0       
25.49     5.0       
25.752    1.0       
26.014    2.0       
26.277    3.0       
26.526    4.0       
26.781    5.0       
27.035    1.0       
27.295    2.0       
27.549    3.0       
27.8      4.0       
28.057    5.0       
28.311    1.0       
28.57     2.0       
28.835    3.0       
29.086    4.0       
29.34     5.0       
29.576    1.0       
29.826    2.0       
30.082    3.0       
30.334    4.0       
30.584    5.0       
30.822    1.0       
31.071    2.0       
31.327    3.0       
31.591    4.0       
31.852    5.0       
32.093    1.0       
32.345    2.0       
32.6      3.0       
32.84     4.0       
33.085    5.0       
33.349    1.0       
33.613    2.0       
33.872    3.0       
34.131    4.0       
34.396    5.0       
34.649    1.0       
34.907    2.0       
35.158    3.0       
35.397    4.0       
35.637    5.0       
35.891    1.0       
36.134    2.0       
36.4      3.0       
36.641    4.0       
36.891    5.0       
37.141    1.0       
37.396    2.0       
37.657    3.0       
37.905    4.0       
38.152    5.0       
38.412    1.0       
38.658    2.0       
38.902    3.0       
39.156    4.0       
39.422    5.0       
39.675    1.0       
39.911    2.0       
40.173    3.0       
40.425    4.0       
40.687    5.0       
40.928    1.0       
41.171    2.0       
41.431    3.0       
41.699    4.0       
41.96     5.0       
42.22     1.0       
42.457    2.0       
42.712    3.0       
42.961    4.0       
43.228    5.0       
43.466    1.0       
43.715    2.0       
43.97     3.0       
44.206    4.0       
44.466    5.0       
