0.172     1.0       
0.417     2.0       
0.678     3.0       
0.941     4.0       
1.192     1.0       
1.437     2.0       
1.679     3.0       
1.931     4.0       
2.192     1.0       
2.451     2.0       
2.705     3.0       
2.966     4.0       
3.217     1.0       
3.459     2.0       
3.715     3.0       
3.958     4.0       
4.214     1.0       
4.461     2.0       
4.697     3.0       
4.95      4.0       
5.189     1.0       
5.426     2.0       
5.693     3.0       
5.93      4.0       
6.174     1.0       
6.436     2.0       
6.68      3.0       
6.918     4.0       
7.177     1.0       
7.431     2.0       
7.67      3.0       
7.927     4.0       
8.187     1.0       
8.45      2.0       
8.691     3.0       
8.945     4.0       
9.197     1.0       
9.455     2.0       
9.691     3.0       
9.927     4.0       
10.194    1.0       
10.462    2.0       
10.718    3.0       
10.981    4.0       
11.246    1.0       
11.488    2.0       
11.741    3.0       
12.001    4.0       
12.264    1.0       
12.53     2.0       
12.771    3.0       
13.02     4.0       
13.276    1.0       
13.527    2.0       
13.772    3.0       
14.01     4.0       
14.254    1.0       
14.516    2.0       
14.779    3.0       
15.035    4.0       
15.273    1.0       
15.517    2.0       
15.785    3.0       
16.027    4.0       
16.271    1.0       
16.518    2.0       
16.771    3.0       
17.014    4.0       
17.282    1.0       
17.519    2.0       
17.775    3.0       
18.036    4.0       
18.297    1.0       
18.562    2.0       
18.816    3.0       
19.082    4.0       
19.345    1.0       
19.592    2.0       
19.843    3.0       
20.082    4.0       
20.318    1.0       
20.586    2.0       
20.847    3.0       
21.103    4.0       
21.359    1.0       
21.615    2.0       
21.866    3.0       
22.111    4.0       
22.376    1.0       
22.615    2.0       
22.851    3.0       
23.117    4.0       
23.376    1.0       
23.621    2.0       
23.878    3.0       
24.139    4.0       
24.402    1.0       
24.654    2.0       
24.918    3.0       
25.154    4.0       
25.409    5.0       
25.658    1.0       
25.919    2.0       
26.162    3.0       
26.425    4.0       
26.676    5.0       
26.942    1.0       
27.19     2.0       
27.434    3.0       
27.686    4.0       
27.925    5.0       
28.162    1.0       
28.403    2.0       
28.652    3.0       
28.895    4.0       
29.162    5.0       
29.414    1.0       
29.659    2.0       
29.895    3.0       
30.144    4.0       
30.412    5.0       
30.666    1.0       
30.907    2.0       
31.149    3.0       
31.417    4.0       
31.658    5.0       
31.894    1.0       
32.143    2.0       
32.38     3.0       
32.627    4.0       
32.875    5.0       
33.116    1.0       
33.38     2.0       
33.648    3.0       
33.912    4.0       
34.173    5.0       
34.429    1.0       
34.684    2.0       
34.949    3.0       
35.193    4.0       
35.437    5.0       
35.674    1.0       
35.919    2.0       
36.167    3.0       
36.409    4.0       
36.668    5.0       
36.928    1.0       
37.17     2.0       
37.406    3.0       
37.658    4.0       
37.916    5.0       
38.171    1.0       
38.438    2.0       
38.705    3.0       
38.951    4.0       
39.212    5.0       
39.452    1.0       
39.711    2.0       
39.976    3.0       
40.24     4.0       
40.476    5.0       
40.717    1.0       
40.959    2.0       
41.217    3.0       
41.485    4.0       
41.746    5.0       
41.992    1.0       
42.234    2.0       
42.493    3.0       
42.743    4.0       
42.986    5.0       
43.223    1.0       
43.462    2.0       
43.728    3.0       
43.978    4.0       
44.243    5.0       
44.493    1.0       
44.741    2.0       
44.998    3.0       
45.261    4.0       
45.502    5.0       
45.764    1.0       
46.031    2.0       
46.294    3.0       
46.539    4.0       
46.796    5.0       
47.062    1.0       
47.316    2.0       
47.584    3.0       
47.823    4.0       
48.091    5.0       
48.359    1.0       
48.626    2.0       
48.881    3.0       
49.121    4.0       
49.364    5.0       
49.62     1.0       
49.86     2.0       
50.106    3.0       
50.374    4.0       
50.628    5.0       
50.885    1.0       
51.138    2.0       
51.393    3.0       
51.65     4.0       
51.891    5.0       
52.155    1.0       
52.42     2.0       
52.686    3.0       
52.95     4.0       
53.205    5.0       
53.472    1.0       
53.716    2.0       
53.974    3.0       
54.214    4.0       
54.471    5.0       
54.738    1.0       
54.984    2.0       
55.223    3.0       
55.481    4.0       
55.719    5.0       
55.964    1.0       
56.214    2.0       
56.471    3.0       
56.721    4.0       
56.971    5.0       
57.23     1.0       
57.488    2.0       
57.75     3.0       
58.01     4.0       
58.275    5.0       
58.524    1.0       
58.774    2.0       
59.02     3.0       
59.269    4.0       
59.515    5.0       
59.771    1.0       
60.008    2.0       
60.266    3.0       
60.514    4.0       
60.777    5.0       
61.045    1.0       
61.297    2.0       
61.54     3.0       
61.788    4.0       
62.025    5.0       
62.273    1.0       
62.539    2.0       
62.779    3.0       
63.041    4.0       
63.302    5.0       
63.559    1.0       
63.808    2.0       
64.06     3.0       
64.317    4.0       
64.582    5.0       
