0.276     1.0       
0.605     2.0       
0.921     3.0       
1.248     4.0       
1.578     1.0       
1.896     2.0       
2.226     3.0       
2.545     4.0       
2.889     1.0       
3.22      2.0       
3.561     3.0       
3.879     4.0       
4.205     1.0       
4.551     2.0       
4.89      3.0       
5.221     4.0       
5.549     1.0       
5.874     2.0       
6.195     3.0       
6.516     4.0       
6.832     1.0       
7.151     2.0       
7.474     3.0       
7.821     4.0       
8.163     1.0       
8.502     2.0       
8.845     3.0       
9.178     4.0       
9.526     1.0       
9.869     2.0       
10.215    3.0       
10.531    4.0       
10.873    1.0       
11.21     2.0       
11.536    3.0       
11.879    4.0       
12.201    1.0       
12.533    2.0       
12.865    3.0       
13.187    4.0       
13.516    1.0       
13.846    2.0       
14.175    3.0       
14.509    4.0       
14.834    1.0       
15.155    2.0       
15.496    3.0       
15.815    4.0       
16.153    1.0       
16.492    2.0       
16.823    3.0       
17.153    4.0       
17.474    5.0       
17.807    1.0       
18.132    2.0       
18.473    3.0       
18.789    4.0       
19.133    5.0       
19.461    1.0       
19.787    2.0       
20.116    3.0       
20.445    4.0       
20.79     5.0       
21.124    1.0       
21.458    2.0       
21.779    3.0       
22.101    4.0       
22.448    5.0       
22.79     1.0       
23.132    2.0       
23.48     3.0       
23.806    4.0       
24.141    5.0       
24.479    1.0       
24.814    2.0       
25.162    3.0       
25.489    4.0       
25.821    5.0       
26.145    1.0       
26.471    2.0       
26.793    3.0       
27.133    4.0       
27.47     5.0       
27.796    1.0       
28.135    2.0       
28.465    3.0       
28.802    4.0       
29.13     5.0       
29.477    1.0       
29.818    2.0       
30.149    3.0       
30.485    4.0       
30.821    5.0       
31.149    1.0       
31.478    2.0       
31.816    3.0       
32.149    4.0       
32.49     5.0       
32.822    1.0       
33.162    2.0       
33.491    3.0       
33.831    4.0       
34.162    5.0       
34.492    1.0       
34.827    2.0       
35.144    3.0       
35.468    4.0       
35.786    5.0       
36.103    1.0       
36.423    2.0       
36.739    3.0       
37.057    4.0       
37.393    5.0       
37.729    1.0       
38.055    2.0       
38.378    3.0       
38.696    4.0       
39.035    5.0       
39.382    1.0       
39.724    2.0       
40.068    3.0       
40.401    4.0       
40.732    5.0       
41.068    1.0       
41.411    2.0       
41.728    3.0       
42.063    4.0       
42.396    5.0       
42.727    1.0       
43.044    2.0       
43.36     3.0       
43.689    4.0       
44.011    5.0       
44.359    1.0       
44.687    2.0       
45.027    3.0       
45.352    4.0       
45.699    5.0       
46.044    1.0       
46.365    2.0       
46.69     3.0       
47.007    4.0       
47.34     5.0       
47.68     1.0       
47.999    2.0       
48.323    3.0       
48.656    4.0       
48.989    5.0       
49.317    1.0       
49.642    2.0       
49.988    3.0       
50.332    4.0       
50.679    5.0       
51.014    1.0       
51.359    2.0       
51.679    3.0       
51.998    4.0       
52.335    5.0       
52.671    1.0       
52.992    2.0       
53.326    3.0       
53.673    4.0       
53.996    5.0       
54.316    1.0       
54.638    2.0       
54.97     3.0       
55.316    4.0       
55.634    5.0       
