0.257     1.0       
0.575     2.0       
0.882     3.0       
1.197     4.0       
1.506     1.0       
1.815     2.0       
2.132     3.0       
2.436     4.0       
2.75      1.0       
3.051     2.0       
3.356     3.0       
3.652     4.0       
3.962     1.0       
4.278     2.0       
4.594     3.0       
4.901     4.0       
5.204     1.0       
5.513     2.0       
5.827     3.0       
6.134     4.0       
6.45      1.0       
6.77      2.0       
7.084     3.0       
7.381     4.0       
7.693     1.0       
8.0       2.0       
8.315     3.0       
8.624     4.0       
8.944     1.0       
9.255     2.0       
9.556     3.0       
9.861     4.0       
10.165    1.0       
10.485    2.0       
10.779    3.0       
11.102    4.0       
11.411    1.0       
11.703    2.0       
12.003    3.0       
12.312    4.0       
12.63     1.0       
12.941    2.0       
13.262    3.0       
13.57     4.0       
13.877    1.0       
14.195    2.0       
14.49     3.0       
14.795    4.0       
15.096    1.0       
15.411    2.0       
15.714    3.0       
16.014    4.0       
16.33     1.0       
16.64     2.0       
16.948    3.0       
17.262    4.0       
17.579    1.0       
17.902    2.0       
18.218    3.0       
18.537    4.0       
18.848    1.0       
19.15     2.0       
19.46     3.0       
19.767    4.0       
20.065    1.0       
20.373    2.0       
20.673    3.0       
20.969    4.0       
21.285    5.0       
21.582    1.0       
21.886    2.0       
22.179    3.0       
22.495    4.0       
22.795    5.0       
23.118    1.0       
23.431    2.0       
23.73     3.0       
24.049    4.0       
24.358    5.0       
24.673    1.0       
24.991    2.0       
25.291    3.0       
25.599    4.0       
25.893    5.0       
26.19     1.0       
26.492    2.0       
26.79     3.0       
27.102    4.0       
27.4      5.0       
27.718    1.0       
28.028    2.0       
28.342    3.0       
28.633    4.0       
28.954    5.0       
29.261    1.0       
29.576    2.0       
29.892    3.0       
30.211    4.0       
30.532    5.0       
30.831    1.0       
31.136    2.0       
31.43     3.0       
31.736    4.0       
32.028    5.0       
32.326    1.0       
32.628    2.0       
32.935    3.0       
33.232    4.0       
33.547    5.0       
33.854    1.0       
34.173    2.0       
34.464    3.0       
34.766    4.0       
35.078    5.0       
35.369    1.0       
35.672    2.0       
35.976    3.0       
36.274    4.0       
36.587    5.0       
36.906    1.0       
37.22     2.0       
37.523    3.0       
37.839    4.0       
38.132    5.0       
38.438    1.0       
38.739    2.0       
39.039    3.0       
39.339    4.0       
39.652    5.0       
39.957    1.0       
40.259    2.0       
40.566    3.0       
40.861    4.0       
41.154    5.0       
41.461    1.0       
41.761    2.0       
42.063    3.0       
42.375    4.0       
42.671    5.0       
42.965    1.0       
43.283    2.0       
43.585    3.0       
43.884    4.0       
44.193    5.0       
44.508    1.0       
44.813    2.0       
45.131    3.0       
45.449    4.0       
45.744    5.0       
46.063    1.0       
46.368    2.0       
46.686    3.0       
46.993    4.0       
47.291    5.0       
47.604    1.0       
47.925    2.0       
48.222    3.0       
48.528    4.0       
48.842    5.0       
49.162    1.0       
49.464    2.0       
49.777    3.0       
50.074    4.0       
50.395    5.0       
50.718    1.0       
51.023    2.0       
51.346    3.0       
51.639    4.0       
51.941    5.0       
52.26     1.0       
52.57     2.0       
52.881    3.0       
53.176    4.0       
53.482    5.0       
53.786    1.0       
54.083    2.0       
54.402    3.0       
54.725    4.0       
55.018    5.0       
55.337    1.0       
55.66     2.0       
55.973    3.0       
56.28     4.0       
56.601    5.0       
