0.174     1.0       
0.471     2.0       
0.771     3.0       
1.055     4.0       
1.325     1.0       
1.615     2.0       
1.9       3.0       
2.185     4.0       
2.468     1.0       
2.74      2.0       
3.018     3.0       
3.291     4.0       
3.572     1.0       
3.848     2.0       
4.14      3.0       
4.441     4.0       
4.724     1.0       
4.996     2.0       
5.288     3.0       
5.566     4.0       
5.845     1.0       
6.145     2.0       
6.432     3.0       
6.734     4.0       
7.007     1.0       
7.277     2.0       
7.547     3.0       
7.832     4.0       
8.133     1.0       
8.407     2.0       
8.695     3.0       
8.993     4.0       
9.274     1.0       
9.569     2.0       
9.861     3.0       
10.136    4.0       
10.415    1.0       
10.696    2.0       
10.976    3.0       
11.248    4.0       
11.525    1.0       
11.814    2.0       
12.103    3.0       
12.391    4.0       
12.668    1.0       
12.964    2.0       
13.246    3.0       
13.523    4.0       
13.803    1.0       
14.1      2.0       
14.4      3.0       
14.694    4.0       
14.993    1.0       
15.27     2.0       
15.557    3.0       
15.829    4.0       
16.131    1.0       
16.433    2.0       
16.735    3.0       
17.007    4.0       
17.298    1.0       
17.58     2.0       
17.87     3.0       
18.145    4.0       
18.431    1.0       
18.72     2.0       
19.0      3.0       
19.288    4.0       
19.579    1.0       
19.874    2.0       
20.159    3.0       
20.431    4.0       
20.727    1.0       
21.008    2.0       
21.289    3.0       
21.562    4.0       
21.838    1.0       
22.113    2.0       
22.411    3.0       
22.708    4.0       
22.989    1.0       
23.287    2.0       
23.559    3.0       
23.844    4.0       
24.137    1.0       
24.411    2.0       
24.693    3.0       
24.97     4.0       
25.249    1.0       
25.541    2.0       
25.837    3.0       
26.139    4.0       
26.425    1.0       
26.7      2.0       
26.994    3.0       
27.28     4.0       
27.568    1.0       
27.868    2.0       
28.138    3.0       
28.42     4.0       
28.705    5.0       
28.992    1.0       
29.278    2.0       
29.559    3.0       
29.832    4.0       
30.106    5.0       
30.38     1.0       
30.675    2.0       
30.952    3.0       
31.254    4.0       
31.548    5.0       
31.821    1.0       
32.107    2.0       
32.409    3.0       
32.687    4.0       
32.988    5.0       
33.268    1.0       
33.553    2.0       
33.827    3.0       
34.098    4.0       
34.368    5.0       
34.656    1.0       
34.953    2.0       
35.244    3.0       
35.53     4.0       
35.809    5.0       
36.098    1.0       
36.388    2.0       
36.685    3.0       
36.98     4.0       
37.265    5.0       
37.555    1.0       
37.847    2.0       
38.143    3.0       
38.431    4.0       
38.709    5.0       
38.997    1.0       
39.299    2.0       
39.575    3.0       
39.867    4.0       
40.139    5.0       
40.435    1.0       
40.729    2.0       
41.016    3.0       
41.294    4.0       
41.594    5.0       
41.89     1.0       
42.172    2.0       
42.462    3.0       
42.742    4.0       
43.025    5.0       
43.318    1.0       
43.603    2.0       
43.894    3.0       
44.179    4.0       
44.475    5.0       
44.754    1.0       
45.039    2.0       
45.324    3.0       
45.597    4.0       
45.871    5.0       
46.165    1.0       
46.457    2.0       
46.738    3.0       
47.024    4.0       
47.302    5.0       
47.575    1.0       
47.866    2.0       
48.157    3.0       
48.435    4.0       
48.706    5.0       
48.989    1.0       
49.274    2.0       
49.563    3.0       
49.834    4.0       
50.104    5.0       
50.397    1.0       
50.684    2.0       
50.968    3.0       
51.261    4.0       
51.557    5.0       
51.835    1.0       
52.129    2.0       
52.403    3.0       
52.69     4.0       
52.989    5.0       
53.272    1.0       
53.546    2.0       
53.829    3.0       
54.127    4.0       
54.418    5.0       
54.701    1.0       
54.979    2.0       
55.279    3.0       
55.563    4.0       
55.849    5.0       
56.129    1.0       
56.414    2.0       
56.701    3.0       
56.979    4.0       
57.267    5.0       
57.552    1.0       
57.832    2.0       
58.129    3.0       
58.4      4.0       
58.681    5.0       
58.977    1.0       
59.262    2.0       
59.562    3.0       
59.84     4.0       
60.136    5.0       
60.426    1.0       
60.719    2.0       
61.0      3.0       
61.283    4.0       
61.582    5.0       
61.877    1.0       
62.179    2.0       
62.48     3.0       
62.756    4.0       
63.05     5.0       
63.322    1.0       
63.619    2.0       
63.899    3.0       
64.17     4.0       
64.441    5.0       
64.736    1.0       
65.006    2.0       
65.298    3.0       
65.589    4.0       
65.87     5.0       
66.156    1.0       
66.452    2.0       
66.751    3.0       
67.053    4.0       
67.347    5.0       
