0.241     1.0       
0.522     2.0       
0.787     3.0       
1.074     4.0       
1.341     1.0       
1.625     2.0       
1.916     3.0       
2.19      4.0       
2.457     1.0       
2.744     2.0       
3.023     3.0       
3.297     4.0       
3.586     1.0       
3.877     2.0       
4.147     3.0       
4.412     4.0       
4.681     1.0       
4.974     2.0       
5.255     3.0       
5.542     4.0       
5.813     1.0       
6.088     2.0       
6.374     3.0       
6.657     4.0       
6.943     1.0       
7.212     2.0       
7.497     3.0       
7.771     4.0       
8.061     1.0       
8.345     2.0       
8.622     3.0       
8.912     4.0       
9.186     1.0       
9.48      2.0       
9.754     3.0       
10.029    4.0       
10.313    1.0       
10.581    2.0       
10.858    3.0       
11.124    4.0       
11.405    1.0       
11.68     2.0       
11.958    3.0       
12.238    4.0       
12.521    1.0       
12.796    2.0       
13.06     3.0       
13.35     4.0       
13.622    1.0       
13.911    2.0       
14.174    3.0       
14.44     4.0       
14.735    5.0       
15.014    1.0       
15.308    2.0       
15.585    3.0       
15.848    4.0       
16.111    5.0       
16.403    1.0       
16.686    2.0       
16.965    3.0       
17.252    4.0       
17.518    5.0       
17.809    1.0       
18.095    2.0       
18.377    3.0       
18.656    4.0       
18.919    5.0       
19.189    1.0       
19.481    2.0       
19.751    3.0       
20.045    4.0       
20.312    5.0       
20.592    1.0       
20.87     2.0       
21.145    3.0       
21.409    4.0       
21.686    5.0       
21.978    1.0       
22.272    2.0       
22.544    3.0       
22.813    4.0       
23.081    5.0       
23.357    1.0       
23.645    2.0       
23.928    3.0       
24.216    4.0       
24.5      5.0       
24.774    1.0       
25.056    2.0       
25.34     3.0       
25.612    4.0       
25.883    5.0       
26.177    1.0       
26.454    2.0       
26.73     3.0       
27.003    4.0       
27.281    5.0       
27.562    1.0       
27.832    2.0       
28.111    3.0       
28.376    4.0       
28.669    5.0       
28.948    1.0       
29.224    2.0       
29.501    3.0       
29.795    4.0       
30.078    5.0       
30.373    1.0       
30.644    2.0       
30.939    3.0       
31.207    4.0       
31.471    5.0       
31.752    1.0       
32.015    2.0       
32.282    3.0       
32.546    4.0       
32.838    5.0       
33.127    1.0       
33.393    2.0       
33.659    3.0       
33.947    4.0       
34.213    5.0       
34.478    1.0       
34.767    2.0       
35.053    3.0       
35.335    4.0       
35.629    5.0       
35.924    1.0       
36.214    2.0       
36.485    3.0       
36.769    4.0       
37.046    5.0       
37.341    1.0       
37.63     2.0       
37.91     3.0       
38.198    4.0       
38.49     5.0       
38.761    1.0       
39.056    2.0       
39.328    3.0       
39.606    4.0       
39.897    5.0       
40.177    1.0       
40.47     2.0       
40.739    3.0       
41.034    4.0       
41.311    5.0       
41.579    1.0       
41.856    2.0       
42.143    3.0       
42.426    4.0       
42.689    5.0       
42.961    1.0       
43.227    2.0       
43.503    3.0       
43.789    4.0       
44.075    5.0       
44.347    1.0       
44.618    2.0       
44.903    3.0       
45.195    4.0       
45.482    5.0       
45.754    1.0       
46.022    2.0       
46.307    3.0       
46.6      4.0       
46.895    5.0       
