0.144     1.0       
0.351     2.0       
0.537     3.0       
0.738     4.0       
0.922     1.0       
1.105     2.0       
1.284     3.0       
1.479     4.0       
1.663     1.0       
1.838     2.0       
2.041     3.0       
2.236     4.0       
2.431     1.0       
2.606     2.0       
2.781     3.0       
2.984     4.0       
3.181     1.0       
3.357     2.0       
3.544     3.0       
3.723     4.0       
3.904     1.0       
4.085     2.0       
4.291     3.0       
4.466     4.0       
4.644     1.0       
4.828     2.0       
5.022     3.0       
5.213     4.0       
5.416     1.0       
5.609     2.0       
5.785     3.0       
5.981     4.0       
6.174     1.0       
6.349     2.0       
6.524     3.0       
6.723     4.0       
6.916     1.0       
7.1       2.0       
7.288     3.0       
7.48      4.0       
7.676     1.0       
7.87      2.0       
8.045     3.0       
8.234     4.0       
8.422     1.0       
8.605     2.0       
8.802     3.0       
9.004     4.0       
9.185     1.0       
9.386     2.0       
9.576     3.0       
9.782     4.0       
9.967     1.0       
10.145    2.0       
10.352    3.0       
10.53     4.0       
10.734    1.0       
10.91     2.0       
11.103    3.0       
11.285    4.0       
11.472    1.0       
11.655    2.0       
11.855    3.0       
12.038    4.0       
12.213    1.0       
12.391    2.0       
12.588    3.0       
12.786    4.0       
12.987    1.0       
13.166    2.0       
13.345    3.0       
13.546    4.0       
13.732    1.0       
13.932    2.0       
14.127    3.0       
14.333    4.0       
14.534    1.0       
14.716    2.0       
14.92     3.0       
15.118    4.0       
15.319    1.0       
15.515    2.0       
15.699    3.0       
15.875    4.0       
16.077    5.0       
16.257    1.0       
16.433    2.0       
16.631    3.0       
16.833    4.0       
17.032    5.0       
17.229    1.0       
17.414    2.0       
17.604    3.0       
17.789    4.0       
17.981    5.0       
18.158    1.0       
18.359    2.0       
18.557    3.0       
18.756    4.0       
18.95     5.0       
19.142    1.0       
19.32     2.0       
19.495    3.0       
19.682    4.0       
19.869    5.0       
20.058    1.0       
20.24     2.0       
20.445    3.0       
20.637    4.0       
20.834    5.0       
21.031    1.0       
21.214    2.0       
21.421    3.0       
21.608    4.0       
21.789    5.0       
21.972    1.0       
22.161    2.0       
22.362    3.0       
22.547    4.0       
22.746    5.0       
22.943    1.0       
23.123    2.0       
23.301    3.0       
23.484    4.0       
23.67     5.0       
23.859    1.0       
24.039    2.0       
24.214    3.0       
24.39     4.0       
24.576    5.0       
24.752    1.0       
24.943    2.0       
25.119    3.0       
25.308    4.0       
25.501    5.0       
25.683    1.0       
25.867    2.0       
26.068    3.0       
26.272    4.0       
26.462    5.0       
26.656    1.0       
26.859    2.0       
27.063    3.0       
27.258    4.0       
27.461    5.0       
27.65     1.0       
27.831    2.0       
28.026    3.0       
28.204    4.0       
28.409    5.0       
28.604    1.0       
28.797    2.0       
28.979    3.0       
29.157    4.0       
29.333    5.0       
29.532    1.0       
29.732    2.0       
29.926    3.0       
30.104    4.0       
30.281    5.0       
