0.249     1.0       
0.578     2.0       
0.905     3.0       
1.251     4.0       
1.598     1.0       
1.944     2.0       
2.26      3.0       
2.594     4.0       
2.941     1.0       
3.283     2.0       
3.617     3.0       
3.942     4.0       
4.27      1.0       
4.6       2.0       
4.922     3.0       
5.242     4.0       
5.585     1.0       
5.907     2.0       
6.238     3.0       
6.586     4.0       
6.925     1.0       
7.266     2.0       
7.595     3.0       
7.928     4.0       
8.273     1.0       
8.611     2.0       
8.941     3.0       
9.28      4.0       
9.6       1.0       
9.916     2.0       
10.252    3.0       
10.598    4.0       
10.938    1.0       
11.267    2.0       
11.604    3.0       
11.948    4.0       
12.273    1.0       
12.614    2.0       
12.955    3.0       
13.29     4.0       
13.638    1.0       
13.977    2.0       
14.301    3.0       
14.619    4.0       
14.965    1.0       
15.304    2.0       
15.652    3.0       
15.979    4.0       
16.311    1.0       
16.658    2.0       
17.006    3.0       
17.327    4.0       
17.665    1.0       
18.005    2.0       
18.331    3.0       
18.658    4.0       
18.996    1.0       
19.324    2.0       
19.656    3.0       
19.998    4.0       
20.317    1.0       
20.657    2.0       
20.999    3.0       
21.32     4.0       
21.666    1.0       
22.004    2.0       
22.323    3.0       
22.64     4.0       
22.968    1.0       
23.307    2.0       
23.623    3.0       
23.95     4.0       
24.267    1.0       
24.607    2.0       
24.935    3.0       
25.257    4.0       
25.583    1.0       
25.902    2.0       
26.242    3.0       
26.559    4.0       
26.903    1.0       
27.223    2.0       
27.562    3.0       
27.899    4.0       
28.216    1.0       
28.555    2.0       
28.878    3.0       
29.217    4.0       
29.555    1.0       
29.874    2.0       
30.211    3.0       
30.554    4.0       
30.874    1.0       
31.202    2.0       
31.533    3.0       
31.851    4.0       
32.181    1.0       
32.497    2.0       
32.822    3.0       
33.166    4.0       
33.513    1.0       
33.852    2.0       
34.186    3.0       
34.519    4.0       
34.856    1.0       
35.179    2.0       
35.518    3.0       
35.84     4.0       
36.156    1.0       
36.491    2.0       
36.811    3.0       
37.127    4.0       
37.446    1.0       
37.774    2.0       
38.103    3.0       
38.437    4.0       
38.776    1.0       
39.092    2.0       
39.41     3.0       
39.745    4.0       
40.069    1.0       
40.411    2.0       
40.743    3.0       
41.089    4.0       
41.406    1.0       
41.75     2.0       
42.081    3.0       
42.41     4.0       
42.743    1.0       
43.081    2.0       
43.416    3.0       
43.74     4.0       
44.076    5.0       
44.412    1.0       
44.739    2.0       
45.074    3.0       
45.418    4.0       
45.764    5.0       
46.091    1.0       
46.411    2.0       
46.75     3.0       
47.083    4.0       
47.416    5.0       
47.733    1.0       
48.068    2.0       
48.405    3.0       
48.727    4.0       
49.075    5.0       
49.409    1.0       
49.755    2.0       
50.087    3.0       
50.408    4.0       
50.753    5.0       
51.089    1.0       
51.415    2.0       
51.744    3.0       
52.08     4.0       
52.428    5.0       
52.776    1.0       
53.107    2.0       
53.446    3.0       
53.79     4.0       
54.107    5.0       
54.424    1.0       
54.762    2.0       
55.098    3.0       
55.437    4.0       
55.785    5.0       
56.132    1.0       
56.449    2.0       
56.786    3.0       
57.129    4.0       
57.477    5.0       
57.824    1.0       
58.167    2.0       
58.507    3.0       
58.852    4.0       
59.193    5.0       
59.536    1.0       
59.852    2.0       
60.197    3.0       
60.518    4.0       
60.837    5.0       
61.18     1.0       
61.518    2.0       
61.86     3.0       
62.2      4.0       
62.547    5.0       
