0.289     1.0       
0.59      2.0       
0.903     3.0       
1.216     4.0       
1.546     1.0       
1.863     2.0       
2.174     3.0       
2.503     4.0       
2.801     1.0       
3.107     2.0       
3.435     3.0       
3.733     4.0       
4.059     1.0       
4.36      2.0       
4.683     3.0       
5.007     4.0       
5.318     1.0       
5.625     2.0       
5.925     3.0       
6.232     4.0       
6.533     1.0       
6.85      2.0       
7.162     3.0       
7.49      4.0       
7.802     1.0       
8.113     2.0       
8.435     3.0       
8.752     4.0       
9.066     1.0       
9.371     2.0       
9.699     3.0       
10.009    4.0       
10.337    1.0       
10.645    2.0       
10.966    3.0       
11.293    4.0       
11.619    1.0       
11.946    2.0       
12.244    3.0       
12.566    4.0       
12.864    1.0       
13.175    2.0       
13.477    3.0       
13.79     4.0       
14.092    1.0       
14.403    2.0       
14.707    3.0       
15.018    4.0       
15.335    1.0       
15.642    2.0       
15.972    3.0       
16.292    4.0       
16.614    5.0       
16.937    1.0       
17.255    2.0       
17.561    3.0       
17.868    4.0       
18.182    5.0       
18.485    1.0       
18.804    2.0       
19.117    3.0       
19.426    4.0       
19.744    5.0       
20.05     1.0       
20.365    2.0       
20.692    3.0       
20.997    4.0       
21.326    5.0       
21.639    1.0       
21.951    2.0       
22.256    3.0       
22.566    4.0       
22.875    5.0       
23.198    1.0       
23.5      2.0       
23.814    3.0       
24.117    4.0       
24.416    5.0       
24.726    1.0       
25.042    2.0       
25.356    3.0       
25.678    4.0       
25.997    5.0       
26.298    1.0       
26.598    2.0       
26.918    3.0       
27.238    4.0       
27.543    5.0       
27.867    1.0       
28.17     2.0       
28.486    3.0       
28.797    4.0       
29.108    5.0       
29.427    1.0       
29.748    2.0       
30.072    3.0       
30.378    4.0       
30.696    5.0       
31.001    1.0       
31.326    2.0       
31.641    3.0       
31.954    4.0       
32.263    5.0       
32.58     1.0       
32.881    2.0       
33.21     3.0       
33.53     4.0       
33.839    5.0       
