0.154     1.0       
0.406     2.0       
0.659     3.0       
0.914     4.0       
1.157     1.0       
1.415     2.0       
1.664     3.0       
1.902     4.0       
2.163     1.0       
2.396     2.0       
2.651     3.0       
2.886     4.0       
3.135     1.0       
3.37      2.0       
3.62      3.0       
3.871     4.0       
4.121     1.0       
4.352     2.0       
4.586     3.0       
4.819     4.0       
5.073     1.0       
5.327     2.0       
5.575     3.0       
5.82      4.0       
6.06      1.0       
6.305     2.0       
6.534     3.0       
6.787     4.0       
7.029     1.0       
7.26      2.0       
7.508     3.0       
7.767     4.0       
8.022     1.0       
8.258     2.0       
8.516     3.0       
8.757     4.0       
9.003     1.0       
9.259     2.0       
9.49      3.0       
9.745     4.0       
9.982     1.0       
10.221    2.0       
10.455    3.0       
10.688    4.0       
10.944    1.0       
11.197    2.0       
11.431    3.0       
11.681    4.0       
11.919    1.0       
12.172    2.0       
12.42     3.0       
12.662    4.0       
12.904    1.0       
13.151    2.0       
13.409    3.0       
13.649    4.0       
13.881    1.0       
14.118    2.0       
14.361    3.0       
14.617    4.0       
14.846    1.0       
15.076    2.0       
15.314    3.0       
15.572    4.0       
15.804    1.0       
16.061    2.0       
16.32     3.0       
16.55     4.0       
16.79     1.0       
17.047    2.0       
17.301    3.0       
17.536    4.0       
17.787    1.0       
18.04     2.0       
18.296    3.0       
18.541    4.0       
18.773    1.0       
19.013    2.0       
19.267    3.0       
19.511    4.0       
19.765    1.0       
20.002    2.0       
20.249    3.0       
20.504    4.0       
20.737    5.0       
20.97     1.0       
21.202    2.0       
21.462    3.0       
21.697    4.0       
21.937    5.0       
22.177    1.0       
22.437    2.0       
22.685    3.0       
22.934    4.0       
23.182    5.0       
23.423    1.0       
23.657    2.0       
23.9      3.0       
24.135    4.0       
24.368    5.0       
24.608    1.0       
24.839    2.0       
25.093    3.0       
25.35     4.0       
25.583    5.0       
25.832    1.0       
26.078    2.0       
26.308    3.0       
26.539    4.0       
26.779    5.0       
27.024    1.0       
27.261    2.0       
27.493    3.0       
27.728    4.0       
27.972    5.0       
28.205    1.0       
28.452    2.0       
28.712    3.0       
28.953    4.0       
29.201    5.0       
29.448    1.0       
29.691    2.0       
29.938    3.0       
30.171    4.0       
30.406    5.0       
30.644    1.0       
30.886    2.0       
31.125    3.0       
31.386    4.0       
31.64     5.0       
31.897    1.0       
32.149    2.0       
32.408    3.0       
32.662    4.0       
32.923    5.0       
33.156    1.0       
33.412    2.0       
33.649    3.0       
33.879    4.0       
34.136    5.0       
34.384    1.0       
34.625    2.0       
34.861    3.0       
35.117    4.0       
35.367    5.0       
35.6      1.0       
35.861    2.0       
36.094    3.0       
36.345    4.0       
36.605    5.0       
36.859    1.0       
37.089    2.0       
37.325    3.0       
37.581    4.0       
37.81     5.0       
38.069    1.0       
38.301    2.0       
38.542    3.0       
38.794    4.0       
39.042    5.0       
