0.144     1.0       
0.459     2.0       
0.78      3.0       
1.086     4.0       
1.394     1.0       
1.702     2.0       
2.017     3.0       
2.323     4.0       
2.637     1.0       
2.939     2.0       
3.236     3.0       
3.548     4.0       
3.841     1.0       
4.136     2.0       
4.43      3.0       
4.743     4.0       
5.062     1.0       
5.377     2.0       
5.67      3.0       
5.985     4.0       
6.282     1.0       
6.595     2.0       
6.898     3.0       
7.203     4.0       
7.503     1.0       
7.806     2.0       
8.104     3.0       
8.421     4.0       
8.723     1.0       
9.028     2.0       
9.32      3.0       
9.612     4.0       
9.903     1.0       
10.22     2.0       
10.537    3.0       
10.856    4.0       
11.158    1.0       
11.453    2.0       
11.773    3.0       
12.088    4.0       
12.383    1.0       
12.676    2.0       
12.984    3.0       
13.302    4.0       
13.603    1.0       
13.893    2.0       
14.206    3.0       
14.516    4.0       
14.82     1.0       
15.13     2.0       
15.42     3.0       
15.73     4.0       
16.036    1.0       
16.334    2.0       
16.643    3.0       
16.939    4.0       
17.23     1.0       
17.523    2.0       
17.82     3.0       
18.126    4.0       
18.43     1.0       
18.735    2.0       
19.046    3.0       
19.36     4.0       
19.66     1.0       
19.958    2.0       
20.253    3.0       
20.567    4.0       
20.886    1.0       
21.193    2.0       
21.503    3.0       
21.802    4.0       
22.111    1.0       
22.426    2.0       
22.736    3.0       
23.026    4.0       
23.325    1.0       
23.623    2.0       
23.921    3.0       
24.214    4.0       
24.515    1.0       
24.82     2.0       
25.11     3.0       
25.405    4.0       
25.718    5.0       
26.038    1.0       
26.351    2.0       
26.649    3.0       
26.952    4.0       
27.251    5.0       
27.56     1.0       
27.88     2.0       
28.19     3.0       
28.499    4.0       
28.809    5.0       
29.103    1.0       
29.401    2.0       
29.718    3.0       
30.017    4.0       
30.332    5.0       
30.623    1.0       
30.917    2.0       
31.23     3.0       
31.551    4.0       
31.849    5.0       
32.167    1.0       
32.48     2.0       
32.782    3.0       
33.079    4.0       
33.381    5.0       
33.691    1.0       
33.996    2.0       
34.308    3.0       
34.627    4.0       
34.923    5.0       
35.23     1.0       
35.55     2.0       
35.866    3.0       
36.16     4.0       
36.451    5.0       
36.772    1.0       
37.063    2.0       
37.373    3.0       
37.687    4.0       
38.004    5.0       
38.319    1.0       
38.637    2.0       
38.951    3.0       
39.261    4.0       
39.578    5.0       
39.878    1.0       
40.168    2.0       
40.482    3.0       
40.788    4.0       
41.1      5.0       
41.408    1.0       
41.704    2.0       
42.009    3.0       
42.328    4.0       
42.62     5.0       
42.924    1.0       
43.236    2.0       
43.549    3.0       
43.856    4.0       
44.147    5.0       
44.459    1.0       
44.773    2.0       
45.085    3.0       
45.4      4.0       
45.716    5.0       
46.009    1.0       
46.325    2.0       
46.635    3.0       
46.937    4.0       
47.234    5.0       
47.541    1.0       
47.852    2.0       
48.167    3.0       
48.473    4.0       
48.789    5.0       
49.11     1.0       
49.407    2.0       
49.7      3.0       
49.993    4.0       
50.307    5.0       
50.618    1.0       
50.923    2.0       
51.216    3.0       
51.516    4.0       
51.836    5.0       
52.128    1.0       
52.447    2.0       
52.741    3.0       
53.036    4.0       
53.35     5.0       
53.665    1.0       
53.964    2.0       
54.261    3.0       
54.583    4.0       
54.879    5.0       
55.196    1.0       
55.507    2.0       
55.798    3.0       
56.09     4.0       
56.412    5.0       
56.704    1.0       
57.016    2.0       
57.334    3.0       
57.65     4.0       
57.941    5.0       
58.254    1.0       
58.574    2.0       
58.888    3.0       
59.182    4.0       
59.504    5.0       
59.811    1.0       
60.128    2.0       
60.445    3.0       
60.759    4.0       
61.07     5.0       
