0.201     1.0       
0.512     2.0       
0.851     3.0       
1.167     4.0       
1.487     1.0       
1.811     2.0       
2.152     3.0       
2.466     4.0       
2.79      1.0       
3.13      2.0       
3.457     3.0       
3.794     4.0       
4.117     1.0       
4.456     2.0       
4.777     3.0       
5.108     4.0       
5.449     1.0       
5.762     2.0       
6.08      3.0       
6.415     4.0       
6.742     1.0       
7.078     2.0       
7.388     3.0       
7.726     4.0       
8.041     1.0       
8.361     2.0       
8.696     3.0       
9.031     4.0       
9.364     1.0       
9.697     2.0       
10.029    3.0       
10.356    4.0       
10.674    1.0       
10.984    2.0       
11.314    3.0       
11.652    4.0       
11.961    1.0       
12.273    2.0       
12.614    3.0       
12.949    4.0       
13.289    1.0       
13.606    2.0       
13.941    3.0       
14.256    4.0       
14.597    1.0       
14.92     2.0       
15.249    3.0       
15.558    4.0       
15.879    1.0       
16.214    2.0       
16.548    3.0       
16.882    4.0       
17.191    5.0       
17.509    1.0       
17.828    2.0       
18.16     3.0       
18.493    4.0       
18.803    5.0       
19.134    1.0       
19.475    2.0       
19.806    3.0       
20.127    4.0       
20.455    5.0       
20.783    1.0       
21.109    2.0       
21.425    3.0       
21.75     4.0       
22.089    5.0       
22.411    1.0       
22.737    2.0       
23.071    3.0       
23.381    4.0       
23.721    5.0       
24.058    1.0       
24.392    2.0       
24.712    3.0       
25.023    4.0       
25.358    5.0       
25.678    1.0       
26.016    2.0       
26.327    3.0       
26.65     4.0       
26.959    5.0       
27.271    1.0       
27.593    2.0       
27.917    3.0       
28.252    4.0       
28.577    5.0       
28.904    1.0       
29.214    2.0       
29.531    3.0       
29.857    4.0       
30.198    5.0       
30.513    1.0       
30.837    2.0       
31.166    3.0       
31.495    4.0       
31.809    5.0       
32.123    1.0       
32.462    2.0       
32.777    3.0       
33.11     4.0       
33.446    5.0       
33.786    1.0       
34.124    2.0       
34.434    3.0       
34.758    4.0       
35.074    5.0       
35.401    1.0       
35.722    2.0       
36.038    3.0       
36.363    4.0       
36.692    5.0       
37.012    1.0       
37.329    2.0       
37.654    3.0       
37.986    4.0       
38.295    5.0       
38.628    1.0       
38.965    2.0       
39.293    3.0       
39.606    4.0       
39.921    5.0       
40.242    1.0       
40.571    2.0       
40.908    3.0       
41.245    4.0       
41.566    5.0       
41.88     1.0       
42.205    2.0       
42.516    3.0       
42.847    4.0       
43.182    5.0       
43.509    1.0       
43.821    2.0       
44.162    3.0       
44.481    4.0       
44.822    5.0       
45.162    1.0       
45.498    2.0       
45.831    3.0       
46.155    4.0       
46.476    5.0       
46.792    1.0       
47.129    2.0       
47.441    3.0       
47.76     4.0       
48.089    5.0       
48.407    1.0       
48.716    2.0       
49.032    3.0       
49.351    4.0       
49.689    5.0       
50.022    1.0       
50.353    2.0       
50.673    3.0       
51.013    4.0       
51.325    5.0       
51.637    1.0       
51.971    2.0       
52.306    3.0       
52.632    4.0       
52.968    5.0       
53.284    1.0       
53.62     2.0       
53.939    3.0       
54.267    4.0       
54.591    5.0       
