0.245     1.0       
0.471     2.0       
0.684     3.0       
0.915     4.0       
1.157     1.0       
1.369     2.0       
1.582     3.0       
1.819     4.0       
2.05      1.0       
2.281     2.0       
2.523     3.0       
2.757     4.0       
2.986     1.0       
3.222     2.0       
3.442     3.0       
3.668     4.0       
3.888     1.0       
4.119     2.0       
4.335     3.0       
4.569     4.0       
4.801     1.0       
5.019     2.0       
5.232     3.0       
5.466     4.0       
5.695     1.0       
5.907     2.0       
6.144     3.0       
6.355     4.0       
6.585     1.0       
6.812     2.0       
7.054     3.0       
7.291     4.0       
7.534     1.0       
7.762     2.0       
8.0       3.0       
8.226     4.0       
8.455     1.0       
8.683     2.0       
8.922     3.0       
9.162     4.0       
9.389     1.0       
9.623     2.0       
9.853     3.0       
10.076    4.0       
10.306    1.0       
10.518    2.0       
10.751    3.0       
10.976    4.0       
11.188    1.0       
11.424    2.0       
11.658    3.0       
11.89     4.0       
12.113    1.0       
12.329    2.0       
12.551    3.0       
12.769    4.0       
12.998    1.0       
13.225    2.0       
13.449    3.0       
13.669    4.0       
13.895    1.0       
14.132    2.0       
14.364    3.0       
14.578    4.0       
14.807    1.0       
15.04     2.0       
15.254    3.0       
15.477    4.0       
15.693    1.0       
15.906    2.0       
16.123    3.0       
16.364    4.0       
16.584    1.0       
16.817    2.0       
17.039    3.0       
17.27     4.0       
17.503    1.0       
17.726    2.0       
17.956    3.0       
18.171    4.0       
18.39     1.0       
18.622    2.0       
18.852    3.0       
19.082    4.0       
19.323    1.0       
19.56     2.0       
19.795    3.0       
20.021    4.0       
20.259    1.0       
20.482    2.0       
20.699    3.0       
20.92     4.0       
21.147    1.0       
21.371    2.0       
21.588    3.0       
21.808    4.0       
22.046    1.0       
22.265    2.0       
22.503    3.0       
22.743    4.0       
22.959    1.0       
23.202    2.0       
23.445    3.0       
23.667    4.0       
23.879    1.0       
24.117    2.0       
24.352    3.0       
24.589    4.0       
24.827    1.0       
25.052    2.0       
25.282    3.0       
25.506    4.0       
25.734    1.0       
25.966    2.0       
26.198    3.0       
26.427    4.0       
26.65     1.0       
26.866    2.0       
27.099    3.0       
27.318    4.0       
27.529    1.0       
27.743    2.0       
27.961    3.0       
28.201    4.0       
28.438    1.0       
28.673    2.0       
28.899    3.0       
29.138    4.0       
29.355    1.0       
29.57     2.0       
29.784    3.0       
30.025    4.0       
30.249    5.0       
30.486    1.0       
30.723    2.0       
30.937    3.0       
31.159    4.0       
31.391    5.0       
31.625    1.0       
31.866    2.0       
32.1      3.0       
32.335    4.0       
32.549    5.0       
32.781    1.0       
33.023    2.0       
33.264    3.0       
33.505    4.0       
33.743    5.0       
33.959    1.0       
34.185    2.0       
34.417    3.0       
34.628    4.0       
34.853    5.0       
35.071    1.0       
35.295    2.0       
35.52     3.0       
35.762    4.0       
35.994    5.0       
36.225    1.0       
36.438    2.0       
36.673    3.0       
36.895    4.0       
37.112    5.0       
37.342    1.0       
37.569    2.0       
37.804    3.0       
38.044    4.0       
38.285    5.0       
38.517    1.0       
38.755    2.0       
38.986    3.0       
39.229    4.0       
39.463    5.0       
39.677    1.0       
39.912    2.0       
40.155    3.0       
40.37     4.0       
40.581    5.0       
40.797    1.0       
41.036    2.0       
41.249    3.0       
41.462    4.0       
41.688    5.0       
41.926    1.0       
42.145    2.0       
42.383    3.0       
42.6      4.0       
42.835    5.0       
43.048    1.0       
43.269    2.0       
43.492    3.0       
43.729    4.0       
43.97     5.0       
44.187    1.0       
44.418    2.0       
44.649    3.0       
44.868    4.0       
45.097    5.0       
45.323    1.0       
45.546    2.0       
45.758    3.0       
45.987    4.0       
46.219    5.0       
46.445    1.0       
46.671    2.0       
46.889    3.0       
47.121    4.0       
47.345    5.0       
47.586    1.0       
47.798    2.0       
48.009    3.0       
48.249    4.0       
48.471    5.0       
48.712    1.0       
48.934    2.0       
49.172    3.0       
49.41     4.0       
49.643    5.0       
49.861    1.0       
50.104    2.0       
50.346    3.0       
50.56     4.0       
50.786    5.0       
51.023    1.0       
51.249    2.0       
51.477    3.0       
51.708    4.0       
51.93     5.0       
52.162    1.0       
52.387    2.0       
52.604    3.0       
52.833    4.0       
53.044    5.0       
53.276    1.0       
53.495    2.0       
53.731    3.0       
53.942    4.0       
54.168    5.0       
54.393    1.0       
54.61     2.0       
54.822    3.0       
55.059    4.0       
55.286    5.0       
55.524    1.0       
55.751    2.0       
55.992    3.0       
56.232    4.0       
56.46     5.0       
56.696    1.0       
56.936    2.0       
57.174    3.0       
57.41     4.0       
57.653    5.0       
57.875    1.0       
58.118    2.0       
58.342    3.0       
58.567    4.0       
58.79     5.0       
59.004    1.0       
59.239    2.0       
59.481    3.0       
59.694    4.0       
59.908    5.0       
60.13     1.0       
60.345    2.0       
60.586    3.0       
60.823    4.0       
61.035    5.0       
