0.1       1.0       
0.29      2.0       
0.494     3.0       
0.707     4.0       
0.91      1.0       
1.101     2.0       
1.312     3.0       
1.522     4.0       
1.741     1.0       
1.942     2.0       
2.164     3.0       
2.367     4.0       
2.566     1.0       
2.786     2.0       
2.981     3.0       
3.18      4.0       
3.393     1.0       
3.612     2.0       
3.81      3.0       
4.005     4.0       
4.195     1.0       
4.396     2.0       
4.591     3.0       
4.785     4.0       
4.999     1.0       
5.197     2.0       
5.406     3.0       
5.619     4.0       
5.817     1.0       
6.038     2.0       
6.242     3.0       
6.451     4.0       
6.672     1.0       
6.877     2.0       
7.071     3.0       
7.264     4.0       
7.456     5.0       
7.678     1.0       
7.882     2.0       
8.097     3.0       
8.297     4.0       
8.514     5.0       
8.734     1.0       
8.927     2.0       
9.13      3.0       
9.331     4.0       
9.539     5.0       
9.741     1.0       
9.961     2.0       
10.158    3.0       
10.36     4.0       
10.558    5.0       
10.78     1.0       
10.971    2.0       
11.189    3.0       
11.401    4.0       
11.605    5.0       
11.807    1.0       
12.028    2.0       
12.244    3.0       
12.446    4.0       
12.64     5.0       
12.853    1.0       
13.065    2.0       
13.265    3.0       
13.476    4.0       
13.671    5.0       
13.883    1.0       
14.088    2.0       
14.286    3.0       
14.494    4.0       
14.711    5.0       
14.933    1.0       
15.144    2.0       
15.338    3.0       
15.558    4.0       
15.778    5.0       
15.99     1.0       
16.212    2.0       
16.41     3.0       
16.629    4.0       
16.849    5.0       
17.057    1.0       
17.266    2.0       
17.479    3.0       
17.679    4.0       
17.892    5.0       
18.09     1.0       
18.282    2.0       
18.49     3.0       
18.686    4.0       
18.894    5.0       
