0.254     1.0       
0.544     2.0       
0.848     3.0       
1.128     4.0       
1.42      1.0       
1.705     2.0       
1.983     3.0       
2.271     4.0       
2.555     1.0       
2.848     2.0       
3.143     3.0       
3.43      4.0       
3.71      1.0       
4.017     2.0       
4.303     3.0       
4.597     4.0       
4.886     1.0       
5.178     2.0       
5.48      3.0       
5.768     4.0       
6.071     1.0       
6.349     2.0       
6.65      3.0       
6.925     4.0       
7.204     1.0       
7.507     2.0       
7.789     3.0       
8.096     4.0       
8.371     1.0       
8.662     2.0       
8.942     3.0       
9.231     4.0       
9.526     1.0       
9.827     2.0       
10.112    3.0       
10.413    4.0       
10.714    1.0       
11.011    2.0       
11.298    3.0       
11.594    4.0       
11.888    1.0       
12.195    2.0       
12.489    3.0       
12.795    4.0       
13.077    1.0       
13.364    2.0       
13.639    3.0       
13.926    4.0       
14.221    1.0       
14.496    2.0       
14.774    3.0       
15.081    4.0       
15.385    5.0       
15.66     1.0       
15.957    2.0       
16.242    3.0       
16.517    4.0       
16.797    5.0       
17.083    1.0       
17.372    2.0       
17.662    3.0       
17.968    4.0       
18.265    5.0       
18.552    1.0       
18.856    2.0       
19.16     3.0       
19.447    4.0       
19.731    5.0       
20.025    1.0       
20.321    2.0       
20.606    3.0       
20.895    4.0       
21.177    5.0       
21.477    1.0       
21.765    2.0       
22.072    3.0       
22.365    4.0       
22.67     5.0       
22.946    1.0       
23.235    2.0       
23.54     3.0       
23.84     4.0       
24.141    5.0       
24.416    1.0       
24.723    2.0       
25.015    3.0       
25.3      4.0       
25.607    5.0       
25.908    1.0       
26.185    2.0       
26.481    3.0       
26.774    4.0       
27.062    5.0       
27.343    1.0       
27.629    2.0       
27.934    3.0       
28.227    4.0       
28.523    5.0       
28.801    1.0       
29.098    2.0       
29.387    3.0       
29.684    4.0       
29.985    5.0       
30.287    1.0       
30.568    2.0       
30.85     3.0       
31.154    4.0       
31.437    5.0       
31.741    1.0       
32.034    2.0       
32.317    3.0       
32.604    4.0       
32.884    5.0       
33.169    1.0       
33.452    2.0       
33.741    3.0       
34.037    4.0       
34.34     5.0       
34.615    1.0       
34.897    2.0       
35.178    3.0       
35.456    4.0       
35.734    5.0       
36.036    1.0       
36.324    2.0       
36.63     3.0       
36.912    4.0       
37.214    5.0       
