0.133     1.0       
0.359     2.0       
0.602     3.0       
0.823     4.0       
1.061     1.0       
1.283     2.0       
1.516     3.0       
1.733     4.0       
1.978     1.0       
2.202     2.0       
2.438     3.0       
2.669     4.0       
2.905     1.0       
3.14      2.0       
3.383     3.0       
3.615     4.0       
3.839     1.0       
4.06      2.0       
4.278     3.0       
4.516     4.0       
4.757     1.0       
4.999     2.0       
5.216     3.0       
5.442     4.0       
5.678     1.0       
5.917     2.0       
6.16      3.0       
6.389     4.0       
6.632     1.0       
6.872     2.0       
7.104     3.0       
7.331     4.0       
7.553     1.0       
7.778     2.0       
7.995     3.0       
8.224     4.0       
8.468     1.0       
8.696     2.0       
8.911     3.0       
9.128     4.0       
9.373     1.0       
9.593     2.0       
9.819     3.0       
10.037    4.0       
10.273    1.0       
10.515    2.0       
10.738    3.0       
10.969    4.0       
11.19     1.0       
11.43     2.0       
11.657    3.0       
11.876    4.0       
12.113    1.0       
12.326    2.0       
12.548    3.0       
12.787    4.0       
13.026    1.0       
13.267    2.0       
13.5      3.0       
13.73     4.0       
13.966    1.0       
14.198    2.0       
14.419    3.0       
14.634    4.0       
14.856    1.0       
15.099    2.0       
15.335    3.0       
15.555    4.0       
15.786    1.0       
16.017    2.0       
16.235    3.0       
16.468    4.0       
16.709    1.0       
16.935    2.0       
17.162    3.0       
17.397    4.0       
17.624    1.0       
17.868    2.0       
18.085    3.0       
18.32     4.0       
18.534    1.0       
18.753    2.0       
18.995    3.0       
19.217    4.0       
19.45     1.0       
19.672    2.0       
19.912    3.0       
20.146    4.0       
20.379    1.0       
20.608    2.0       
20.846    3.0       
21.07     4.0       
21.307    1.0       
21.531    2.0       
21.758    3.0       
21.985    4.0       
22.217    1.0       
22.434    2.0       
22.669    3.0       
22.887    4.0       
23.114    5.0       
23.342    1.0       
23.562    2.0       
23.802    3.0       
24.04     4.0       
24.276    5.0       
24.506    1.0       
24.744    2.0       
24.989    3.0       
25.221    4.0       
25.443    5.0       
25.661    1.0       
25.9      2.0       
26.133    3.0       
26.377    4.0       
26.617    5.0       
26.841    1.0       
27.084    2.0       
27.321    3.0       
27.557    4.0       
27.8      5.0       
28.041    1.0       
28.26     2.0       
28.477    3.0       
28.716    4.0       
28.934    5.0       
29.156    1.0       
29.383    2.0       
29.597    3.0       
29.842    4.0       
30.056    5.0       
30.291    1.0       
30.517    2.0       
30.753    3.0       
30.984    4.0       
31.227    5.0       
31.471    1.0       
31.707    2.0       
31.92     3.0       
32.14     4.0       
32.37     5.0       
32.607    1.0       
32.827    2.0       
33.044    3.0       
33.263    4.0       
33.481    5.0       
33.699    1.0       
33.941    2.0       
34.175    3.0       
34.402    4.0       
34.626    5.0       
34.856    1.0       
35.081    2.0       
35.326    3.0       
35.556    4.0       
35.79     5.0       
36.025    1.0       
36.251    2.0       
36.468    3.0       
36.69     4.0       
36.929    5.0       
37.17     1.0       
37.408    2.0       
37.651    3.0       
37.89     4.0       
38.118    5.0       
38.35     1.0       
38.577    2.0       
38.808    3.0       
39.039    4.0       
39.257    5.0       
39.484    1.0       
39.705    2.0       
39.934    3.0       
40.156    4.0       
40.393    5.0       
40.629    1.0       
40.852    2.0       
41.074    3.0       
41.297    4.0       
41.518    5.0       
41.753    1.0       
41.985    2.0       
42.211    3.0       
42.45     4.0       
42.686    5.0       
42.902    1.0       
43.117    2.0       
43.349    3.0       
43.593    4.0       
43.825    5.0       
44.062    1.0       
44.301    2.0       
44.526    3.0       
44.755    4.0       
44.993    5.0       
45.219    1.0       
45.449    2.0       
45.69     3.0       
45.927    4.0       
46.152    5.0       
46.388    1.0       
46.612    2.0       
46.832    3.0       
47.075    4.0       
47.31     5.0       
47.551    1.0       
47.777    2.0       
48.009    3.0       
48.253    4.0       
48.493    5.0       
48.71     1.0       
48.952    2.0       
49.187    3.0       
49.412    4.0       
49.629    5.0       
49.851    1.0       
50.075    2.0       
50.302    3.0       
50.527    4.0       
50.744    5.0       
50.979    1.0       
51.203    2.0       
51.441    3.0       
51.682    4.0       
51.905    5.0       
52.121    1.0       
52.341    2.0       
52.572    3.0       
52.788    4.0       
53.033    5.0       
53.272    1.0       
53.505    2.0       
53.745    3.0       
53.96     4.0       
54.175    5.0       
54.415    1.0       
54.633    2.0       
54.854    3.0       
55.089    4.0       
55.308    5.0       
55.523    1.0       
55.74     2.0       
55.959    3.0       
56.181    4.0       
56.413    5.0       
56.652    1.0       
56.887    2.0       
57.114    3.0       
57.349    4.0       
57.576    5.0       
57.816    1.0       
58.03     2.0       
58.248    3.0       
58.49     4.0       
58.708    5.0       
