0.267     1.0       
0.525     2.0       
0.773     3.0       
1.035     4.0       
1.293     1.0       
1.543     2.0       
1.79      3.0       
2.059     4.0       
2.32      1.0       
2.578     2.0       
2.835     3.0       
3.098     4.0       
3.345     1.0       
3.592     2.0       
3.841     3.0       
4.106     4.0       
4.357     1.0       
4.626     2.0       
4.889     3.0       
5.131     4.0       
5.386     1.0       
5.656     2.0       
5.921     3.0       
6.163     4.0       
6.412     1.0       
6.66      2.0       
6.91      3.0       
7.169     4.0       
7.44      1.0       
7.687     2.0       
7.96      3.0       
8.215     4.0       
8.47      1.0       
8.744     2.0       
9.009     3.0       
9.275     4.0       
9.541     1.0       
9.789     2.0       
10.033    3.0       
10.306    4.0       
10.563    1.0       
10.816    2.0       
11.07     3.0       
11.334    4.0       
11.605    1.0       
11.862    2.0       
12.108    3.0       
12.36     4.0       
12.607    1.0       
12.86     2.0       
13.107    3.0       
13.352    4.0       
13.612    1.0       
13.886    2.0       
14.142    3.0       
14.415    4.0       
14.681    1.0       
14.933    2.0       
15.195    3.0       
15.458    4.0       
15.7      1.0       
15.959    2.0       
16.231    3.0       
16.498    4.0       
16.752    1.0       
17.021    2.0       
17.28     3.0       
17.536    4.0       
17.8      1.0       
18.049    2.0       
18.304    3.0       
18.568    4.0       
18.817    1.0       
19.086    2.0       
19.339    3.0       
19.593    4.0       
19.851    1.0       
20.112    2.0       
20.36     3.0       
20.608    4.0       
20.879    1.0       
21.124    2.0       
21.376    3.0       
21.647    4.0       
21.913    5.0       
22.185    1.0       
22.434    2.0       
22.703    3.0       
22.967    4.0       
23.225    5.0       
23.47     1.0       
23.724    2.0       
23.985    3.0       
24.259    4.0       
24.518    5.0       
24.771    1.0       
25.016    2.0       
25.289    3.0       
25.548    4.0       
25.806    5.0       
26.051    1.0       
26.318    2.0       
26.579    3.0       
26.822    4.0       
27.068    5.0       
27.338    1.0       
27.609    2.0       
27.851    3.0       
28.125    4.0       
28.375    5.0       
28.629    1.0       
28.876    2.0       
29.14     3.0       
29.397    4.0       
29.664    5.0       
29.934    1.0       
30.197    2.0       
30.46     3.0       
30.733    4.0       
30.995    5.0       
31.237    1.0       
31.507    2.0       
31.76     3.0       
32.023    4.0       
32.271    5.0       
32.543    1.0       
32.809    2.0       
33.076    3.0       
33.33     4.0       
33.585    5.0       
33.835    1.0       
34.107    2.0       
34.381    3.0       
34.636    4.0       
34.902    5.0       
35.153    1.0       
35.425    2.0       
35.693    3.0       
35.942    4.0       
36.201    5.0       
