0.109     1.0       
0.398     2.0       
0.712     3.0       
1.019     4.0       
1.327     1.0       
1.625     2.0       
1.927     3.0       
2.229     4.0       
2.514     1.0       
2.81      2.0       
3.105     3.0       
3.418     4.0       
3.703     1.0       
4.013     2.0       
4.295     3.0       
4.587     4.0       
4.873     1.0       
5.174     2.0       
5.482     3.0       
5.78      4.0       
6.074     1.0       
6.362     2.0       
6.657     3.0       
6.961     4.0       
7.273     1.0       
7.563     2.0       
7.859     3.0       
8.15      4.0       
8.461     1.0       
8.758     2.0       
9.064     3.0       
9.372     4.0       
9.658     1.0       
9.951     2.0       
10.258    3.0       
10.564    4.0       
10.846    1.0       
11.128    2.0       
11.419    3.0       
11.714    4.0       
12.0      1.0       
12.309    2.0       
12.613    3.0       
12.899    4.0       
13.193    1.0       
13.48     2.0       
13.788    3.0       
14.081    4.0       
14.388    1.0       
14.681    2.0       
14.989    3.0       
15.275    4.0       
15.589    1.0       
15.894    2.0       
16.202    3.0       
16.506    4.0       
16.797    1.0       
17.097    2.0       
17.386    3.0       
17.689    4.0       
18.002    1.0       
18.287    2.0       
18.584    3.0       
18.89     4.0       
19.201    1.0       
19.488    2.0       
19.801    3.0       
20.107    4.0       
20.416    1.0       
20.722    2.0       
21.008    3.0       
21.293    4.0       
21.575    1.0       
21.869    2.0       
22.166    3.0       
22.454    4.0       
22.748    1.0       
23.057    2.0       
23.343    3.0       
23.652    4.0       
23.95     1.0       
24.256    2.0       
24.564    3.0       
24.862    4.0       
25.144    1.0       
25.448    2.0       
25.739    3.0       
26.045    4.0       
26.337    1.0       
26.624    2.0       
26.927    3.0       
27.219    4.0       
27.504    1.0       
27.815    2.0       
28.102    3.0       
28.386    4.0       
28.672    1.0       
28.977    2.0       
29.263    3.0       
29.56     4.0       
29.843    1.0       
30.128    2.0       
30.423    3.0       
30.721    4.0       
31.011    1.0       
31.304    2.0       
31.607    3.0       
31.911    4.0       
32.213    1.0       
32.525    2.0       
32.818    3.0       
33.126    4.0       
33.416    1.0       
33.728    2.0       
34.024    3.0       
34.312    4.0       
34.613    1.0       
34.901    2.0       
35.202    3.0       
35.503    4.0       
35.795    1.0       
36.109    2.0       
36.416    3.0       
36.729    4.0       
37.021    1.0       
37.329    2.0       
37.636    3.0       
37.932    4.0       
38.242    1.0       
38.524    2.0       
38.811    3.0       
39.113    4.0       
39.403    5.0       
39.71     1.0       
40.008    2.0       
40.319    3.0       
40.624    4.0       
40.912    5.0       
41.203    1.0       
41.498    2.0       
41.81     3.0       
42.097    4.0       
42.4      5.0       
42.693    1.0       
42.996    2.0       
43.296    3.0       
43.585    4.0       
43.887    5.0       
44.193    1.0       
44.505    2.0       
44.816    3.0       
45.101    4.0       
45.399    5.0       
45.704    1.0       
46.017    2.0       
46.32     3.0       
46.634    4.0       
46.925    5.0       
47.216    1.0       
47.525    2.0       
47.819    3.0       
48.129    4.0       
48.416    5.0       
48.7      1.0       
48.989    2.0       
49.296    3.0       
49.585    4.0       
49.872    5.0       
50.167    1.0       
50.474    2.0       
50.785    3.0       
51.088    4.0       
51.371    5.0       
51.664    1.0       
51.96     2.0       
52.271    3.0       
52.585    4.0       
52.898    5.0       
53.186    1.0       
53.5      2.0       
53.802    3.0       
54.112    4.0       
54.426    5.0       
54.738    1.0       
55.023    2.0       
55.334    3.0       
55.643    4.0       
55.932    5.0       
56.236    1.0       
56.53     2.0       
56.843    3.0       
57.125    4.0       
57.431    5.0       
57.713    1.0       
58.014    2.0       
58.319    3.0       
58.629    4.0       
58.928    5.0       
59.22     1.0       
59.505    2.0       
59.807    3.0       
60.096    4.0       
60.387    5.0       
60.688    1.0       
60.979    2.0       
61.279    3.0       
61.573    4.0       
61.865    5.0       
62.168    1.0       
62.454    2.0       
62.753    3.0       
63.061    4.0       
63.346    5.0       
63.659    1.0       
63.941    2.0       
64.238    3.0       
64.55     4.0       
64.846    5.0       
65.151    1.0       
65.455    2.0       
65.765    3.0       
66.06     4.0       
66.349    5.0       
66.661    1.0       
66.968    2.0       
67.263    3.0       
67.549    4.0       
67.859    5.0       
