0.267     1.0       
0.46      2.0       
0.658     3.0       
0.864     4.0       
1.073     1.0       
1.277     2.0       
1.474     3.0       
1.672     4.0       
1.875     1.0       
2.086     2.0       
2.288     3.0       
2.508     4.0       
2.725     1.0       
2.936     2.0       
3.131     3.0       
3.353     4.0       
3.574     1.0       
3.797     2.0       
3.99      3.0       
4.199     4.0       
4.396     1.0       
4.591     2.0       
4.806     3.0       
5.011     4.0       
5.218     1.0       
5.437     2.0       
5.637     3.0       
5.84      4.0       
6.039     1.0       
6.247     2.0       
6.451     3.0       
6.656     4.0       
6.869     1.0       
7.061     2.0       
7.267     3.0       
7.476     4.0       
7.693     1.0       
7.884     2.0       
8.094     3.0       
8.296     4.0       
8.517     1.0       
8.711     2.0       
8.913     3.0       
9.118     4.0       
9.309     1.0       
9.529     2.0       
9.733     3.0       
9.928     4.0       
10.124    1.0       
10.333    2.0       
10.537    3.0       
10.729    4.0       
10.938    1.0       
11.157    2.0       
11.367    3.0       
11.59     4.0       
11.805    1.0       
12.009    2.0       
12.211    3.0       
12.428    4.0       
12.62     1.0       
12.817    2.0       
13.021    3.0       
13.227    4.0       
13.432    1.0       
13.642    2.0       
13.858    3.0       
14.061    4.0       
14.271    5.0       
14.464    1.0       
14.658    2.0       
14.867    3.0       
15.066    4.0       
15.285    5.0       
15.501    1.0       
15.699    2.0       
15.903    3.0       
16.111    4.0       
16.327    5.0       
16.532    1.0       
16.732    2.0       
16.942    3.0       
17.155    4.0       
17.354    5.0       
17.573    1.0       
17.773    2.0       
17.979    3.0       
18.193    4.0       
18.404    5.0       
18.606    1.0       
18.802    2.0       
19.006    3.0       
19.198    4.0       
19.395    5.0       
19.586    1.0       
19.802    2.0       
20.011    3.0       
20.231    4.0       
20.423    5.0       
20.646    1.0       
20.851    2.0       
21.072    3.0       
21.286    4.0       
21.494    5.0       
21.698    1.0       
21.915    2.0       
22.132    3.0       
22.338    4.0       
22.539    5.0       
22.756    1.0       
22.959    2.0       
23.171    3.0       
23.368    4.0       
23.574    5.0       
23.797    1.0       
24.019    2.0       
24.236    3.0       
24.439    4.0       
24.63     5.0       
24.821    1.0       
25.034    2.0       
25.251    3.0       
25.465    4.0       
25.657    5.0       
25.858    1.0       
26.052    2.0       
26.256    3.0       
26.471    4.0       
26.67     5.0       
26.869    1.0       
27.079    2.0       
27.298    3.0       
27.509    4.0       
27.713    5.0       
27.924    1.0       
28.136    2.0       
28.358    3.0       
28.577    4.0       
28.775    5.0       
28.978    1.0       
29.183    2.0       
29.378    3.0       
29.581    4.0       
29.803    5.0       
30.008    1.0       
30.214    2.0       
30.432    3.0       
30.636    4.0       
30.842    5.0       
31.04     1.0       
31.241    2.0       
31.45     3.0       
31.646    4.0       
31.867    5.0       
32.082    1.0       
32.295    2.0       
32.509    3.0       
32.725    4.0       
32.922    5.0       
33.138    1.0       
33.337    2.0       
33.548    3.0       
33.758    4.0       
33.981    5.0       
