0.212     1.0       
0.526     2.0       
0.833     3.0       
1.157     4.0       
1.473     1.0       
1.777     2.0       
2.088     3.0       
2.394     4.0       
2.69      1.0       
3.007     2.0       
3.302     3.0       
3.619     4.0       
3.932     1.0       
4.243     2.0       
4.545     3.0       
4.851     4.0       
5.175     1.0       
5.474     2.0       
5.773     3.0       
6.077     4.0       
6.391     1.0       
6.716     2.0       
7.04      3.0       
7.339     4.0       
7.635     1.0       
7.944     2.0       
8.248     3.0       
8.55      4.0       
8.86      1.0       
9.175     2.0       
9.475     3.0       
9.798     4.0       
10.101    1.0       
10.408    2.0       
10.726    3.0       
11.04     4.0       
11.337    5.0       
11.635    1.0       
11.948    2.0       
12.267    3.0       
12.564    4.0       
12.86     5.0       
13.181    1.0       
13.494    2.0       
13.817    3.0       
14.117    4.0       
14.436    5.0       
14.744    1.0       
15.062    2.0       
15.37     3.0       
15.673    4.0       
15.974    5.0       
16.276    1.0       
16.595    2.0       
16.9      3.0       
17.199    4.0       
17.508    5.0       
17.828    1.0       
18.149    2.0       
18.452    3.0       
18.749    4.0       
19.071    5.0       
19.388    1.0       
19.684    2.0       
19.984    3.0       
20.293    4.0       
20.609    5.0       
20.91     1.0       
21.216    2.0       
21.526    3.0       
21.837    4.0       
22.158    5.0       
22.457    1.0       
22.779    2.0       
23.103    3.0       
23.399    4.0       
23.716    5.0       
24.012    1.0       
24.339    2.0       
24.649    3.0       
24.972    4.0       
25.272    5.0       
25.582    1.0       
25.907    2.0       
26.227    3.0       
26.538    4.0       
26.864    5.0       
27.165    1.0       
27.492    2.0       
27.811    3.0       
28.126    4.0       
28.428    5.0       
28.729    1.0       
29.05     2.0       
29.376    3.0       
29.687    4.0       
30.004    5.0       
30.299    1.0       
30.597    2.0       
30.919    3.0       
31.219    4.0       
31.517    5.0       
31.833    1.0       
32.15     2.0       
32.476    3.0       
32.78     4.0       
33.095    5.0       
33.407    1.0       
33.723    2.0       
34.04     3.0       
34.343    4.0       
34.66     5.0       
34.986    1.0       
35.3      2.0       
35.597    3.0       
35.9      4.0       
36.2      5.0       
36.524    1.0       
36.83     2.0       
37.139    3.0       
37.445    4.0       
37.746    5.0       
38.044    1.0       
38.341    2.0       
38.66     3.0       
38.96     4.0       
39.275    5.0       
39.597    1.0       
39.915    2.0       
40.227    3.0       
40.534    4.0       
40.851    5.0       
