0.204     1.0       
0.515     2.0       
0.822     3.0       
1.148     4.0       
1.478     1.0       
1.798     2.0       
2.107     3.0       
2.432     4.0       
2.736     1.0       
3.048     2.0       
3.351     3.0       
3.681     4.0       
4.011     1.0       
4.321     2.0       
4.635     3.0       
4.952     4.0       
5.257     1.0       
5.567     2.0       
5.889     3.0       
6.214     4.0       
6.515     1.0       
6.837     2.0       
7.158     3.0       
7.488     4.0       
7.794     1.0       
8.1       2.0       
8.424     3.0       
8.737     4.0       
9.067     1.0       
9.392     2.0       
9.699     3.0       
10.002    4.0       
10.304    1.0       
10.608    2.0       
10.924    3.0       
11.225    4.0       
11.551    1.0       
11.875    2.0       
12.197    3.0       
12.509    4.0       
12.81     1.0       
13.119    2.0       
13.436    3.0       
13.749    4.0       
14.057    1.0       
14.366    2.0       
14.682    3.0       
14.998    4.0       
15.319    1.0       
15.629    2.0       
15.927    3.0       
16.232    4.0       
16.551    1.0       
16.859    2.0       
17.18     3.0       
17.498    4.0       
17.805    1.0       
18.116    2.0       
18.418    3.0       
18.718    4.0       
19.023    1.0       
19.341    2.0       
19.657    3.0       
19.974    4.0       
20.303    1.0       
20.633    2.0       
20.949    3.0       
21.273    4.0       
21.583    1.0       
21.911    2.0       
22.216    3.0       
22.541    4.0       
22.845    1.0       
23.15     2.0       
23.459    3.0       
23.781    4.0       
24.093    1.0       
24.423    2.0       
24.748    3.0       
25.077    4.0       
25.402    1.0       
25.73     2.0       
26.052    3.0       
26.373    4.0       
26.672    1.0       
26.985    2.0       
27.292    3.0       
27.59     4.0       
27.908    1.0       
28.209    2.0       
28.526    3.0       
28.831    4.0       
29.16     1.0       
29.473    2.0       
29.777    3.0       
30.083    4.0       
30.397    1.0       
30.703    2.0       
31.027    3.0       
31.351    4.0       
31.671    5.0       
31.991    1.0       
32.298    2.0       
32.601    3.0       
32.905    4.0       
33.207    5.0       
33.506    1.0       
33.825    2.0       
34.14     3.0       
34.456    4.0       
34.78     5.0       
35.096    1.0       
35.399    2.0       
35.713    3.0       
36.043    4.0       
36.357    5.0       
36.676    1.0       
36.981    2.0       
37.308    3.0       
37.612    4.0       
37.926    5.0       
38.25     1.0       
38.573    2.0       
38.871    3.0       
39.201    4.0       
39.531    5.0       
39.846    1.0       
40.165    2.0       
40.483    3.0       
40.813    4.0       
41.135    5.0       
41.457    1.0       
41.784    2.0       
42.112    3.0       
42.436    4.0       
42.755    5.0       
43.072    1.0       
43.397    2.0       
43.696    3.0       
44.006    4.0       
44.304    5.0       
44.612    1.0       
44.92     2.0       
45.23     3.0       
45.558    4.0       
45.88     5.0       
46.195    1.0       
46.513    2.0       
46.826    3.0       
47.153    4.0       
47.463    5.0       
47.777    1.0       
48.084    2.0       
48.395    3.0       
48.702    4.0       
49.02     5.0       
49.328    1.0       
49.637    2.0       
49.966    3.0       
50.282    4.0       
50.603    5.0       
50.923    1.0       
51.239    2.0       
51.539    3.0       
51.839    4.0       
52.168    5.0       
52.473    1.0       
52.793    2.0       
53.102    3.0       
53.432    4.0       
53.731    5.0       
54.034    1.0       
54.341    2.0       
54.666    3.0       
54.969    4.0       
55.281    5.0       
