0.283     1.0       
0.534     2.0       
0.785     3.0       
1.028     4.0       
1.271     1.0       
1.524     2.0       
1.78      3.0       
2.038     4.0       
2.286     1.0       
2.55      2.0       
2.812     3.0       
3.06      4.0       
3.325     1.0       
3.579     2.0       
3.829     3.0       
4.07      4.0       
4.321     1.0       
4.571     2.0       
4.828     3.0       
5.098     4.0       
5.339     1.0       
5.605     2.0       
5.868     3.0       
6.133     4.0       
6.393     1.0       
6.666     2.0       
6.923     3.0       
7.166     4.0       
7.419     1.0       
7.674     2.0       
7.938     3.0       
8.187     4.0       
8.454     1.0       
8.708     2.0       
8.978     3.0       
9.227     4.0       
9.469     1.0       
9.732     2.0       
9.981     3.0       
10.224    4.0       
10.49     1.0       
10.747    2.0       
10.996    3.0       
11.251    4.0       
11.517    1.0       
11.776    2.0       
12.036    3.0       
12.281    4.0       
12.549    1.0       
12.796    2.0       
13.059    3.0       
13.31     4.0       
13.573    1.0       
13.833    2.0       
14.085    3.0       
14.329    4.0       
14.57     1.0       
14.84     2.0       
15.083    3.0       
15.347    4.0       
15.592    1.0       
15.847    2.0       
16.097    3.0       
16.345    4.0       
16.612    1.0       
16.866    2.0       
17.126    3.0       
17.378    4.0       
17.644    1.0       
17.892    2.0       
18.133    3.0       
18.388    4.0       
18.635    1.0       
18.908    2.0       
19.15     3.0       
19.405    4.0       
19.647    1.0       
19.897    2.0       
20.138    3.0       
20.402    4.0       
20.673    1.0       
20.938    2.0       
21.182    3.0       
21.439    4.0       
21.698    1.0       
21.966    2.0       
22.223    3.0       
22.489    4.0       
22.754    1.0       
23.021    2.0       
23.279    3.0       
23.537    4.0       
23.798    1.0       
24.063    2.0       
24.324    3.0       
24.575    4.0       
24.817    1.0       
25.079    2.0       
25.34     3.0       
25.595    4.0       
25.841    1.0       
26.114    2.0       
26.359    3.0       
26.629    4.0       
26.87     1.0       
27.12     2.0       
27.368    3.0       
27.64     4.0       
27.904    1.0       
28.147    2.0       
28.415    3.0       
28.661    4.0       
28.907    1.0       
29.158    2.0       
29.427    3.0       
29.691    4.0       
29.947    1.0       
30.219    2.0       
30.472    3.0       
30.732    4.0       
30.974    1.0       
31.238    2.0       
31.51     3.0       
31.76     4.0       
32.033    1.0       
32.292    2.0       
32.55     3.0       
32.809    4.0       
33.081    1.0       
33.353    2.0       
33.626    3.0       
33.899    4.0       
34.159    5.0       
34.416    1.0       
34.66     2.0       
34.931    3.0       
35.194    4.0       
35.463    5.0       
35.708    1.0       
35.98     2.0       
36.238    3.0       
36.504    4.0       
36.77     5.0       
37.03     1.0       
37.279    2.0       
37.525    3.0       
37.797    4.0       
38.042    5.0       
38.298    1.0       
38.563    2.0       
38.81     3.0       
39.056    4.0       
39.305    5.0       
39.568    1.0       
39.83     2.0       
40.084    3.0       
40.335    4.0       
40.592    5.0       
40.859    1.0       
41.111    2.0       
41.369    3.0       
41.636    4.0       
41.899    5.0       
42.156    1.0       
42.423    2.0       
42.668    3.0       
42.914    4.0       
43.184    5.0       
43.451    1.0       
43.709    2.0       
43.97     3.0       
44.241    4.0       
44.505    5.0       
44.777    1.0       
45.024    2.0       
45.283    3.0       
45.527    4.0       
45.775    5.0       
46.046    1.0       
46.298    2.0       
46.554    3.0       
46.812    4.0       
47.053    5.0       
47.297    1.0       
47.557    2.0       
47.806    3.0       
48.047    4.0       
48.295    5.0       
