0.147     1.0       
0.433     2.0       
0.721     3.0       
0.996     4.0       
1.294     1.0       
1.589     2.0       
1.876     3.0       
2.17      4.0       
2.461     1.0       
2.757     2.0       
3.048     3.0       
3.32      4.0       
3.61      1.0       
3.893     2.0       
4.173     3.0       
4.449     4.0       
4.731     1.0       
5.03      2.0       
5.309     3.0       
5.593     4.0       
5.891     1.0       
6.162     2.0       
6.453     3.0       
6.731     4.0       
6.999     1.0       
7.278     2.0       
7.547     3.0       
7.816     4.0       
8.111     1.0       
8.387     2.0       
8.666     3.0       
8.936     4.0       
9.233     1.0       
9.511     2.0       
9.799     3.0       
10.088    4.0       
10.372    1.0       
10.67     2.0       
10.954    3.0       
11.223    4.0       
11.519    1.0       
11.791    2.0       
12.065    3.0       
12.363    4.0       
12.654    1.0       
12.939    2.0       
13.21     3.0       
13.501    4.0       
13.801    1.0       
14.1      2.0       
14.376    3.0       
14.673    4.0       
14.972    1.0       
15.259    2.0       
15.545    3.0       
15.841    4.0       
16.137    1.0       
16.432    2.0       
16.701    3.0       
16.974    4.0       
17.254    1.0       
17.53     2.0       
17.816    3.0       
18.087    4.0       
18.373    1.0       
18.641    2.0       
18.936    3.0       
19.224    4.0       
19.497    1.0       
19.788    2.0       
20.085    3.0       
20.363    4.0       
20.658    1.0       
20.926    2.0       
21.209    3.0       
21.478    4.0       
21.777    1.0       
22.065    2.0       
22.335    3.0       
22.611    4.0       
22.908    1.0       
23.207    2.0       
23.479    3.0       
23.765    4.0       
24.055    1.0       
24.352    2.0       
24.639    3.0       
24.911    4.0       
25.207    1.0       
25.475    2.0       
25.769    3.0       
26.056    4.0       
26.343    1.0       
26.631    2.0       
26.904    3.0       
27.176    4.0       
27.448    1.0       
27.718    2.0       
27.99     3.0       
28.262    4.0       
28.531    1.0       
28.828    2.0       
29.127    3.0       
29.419    4.0       
29.688    1.0       
29.974    2.0       
30.242    3.0       
30.537    4.0       
30.823    1.0       
31.098    2.0       
31.384    3.0       
31.658    4.0       
31.951    1.0       
32.219    2.0       
32.499    3.0       
32.797    4.0       
33.066    1.0       
33.358    2.0       
33.648    3.0       
33.948    4.0       
34.217    1.0       
34.485    2.0       
34.756    3.0       
35.04     4.0       
35.312    1.0       
35.604    2.0       
35.899    3.0       
36.191    4.0       
36.482    1.0       
36.772    2.0       
37.043    3.0       
37.333    4.0       
37.633    5.0       
37.93     1.0       
38.215    2.0       
38.514    3.0       
38.8      4.0       
39.076    5.0       
39.363    1.0       
39.647    2.0       
39.938    3.0       
40.22     4.0       
40.5      5.0       
40.796    1.0       
41.094    2.0       
41.379    3.0       
41.658    4.0       
41.956    5.0       
42.24     1.0       
42.533    2.0       
42.808    3.0       
43.092    4.0       
43.387    5.0       
43.682    1.0       
43.967    2.0       
44.25     3.0       
44.518    4.0       
44.803    5.0       
45.09     1.0       
45.39     2.0       
45.687    3.0       
45.962    4.0       
46.234    5.0       
46.53     1.0       
46.804    2.0       
47.079    3.0       
47.361    4.0       
47.645    5.0       
47.928    1.0       
48.209    2.0       
48.485    3.0       
48.774    4.0       
49.043    5.0       
49.332    1.0       
49.626    2.0       
49.915    3.0       
50.202    4.0       
50.485    5.0       
50.772    1.0       
51.04     2.0       
51.31     3.0       
51.589    4.0       
51.886    5.0       
52.157    1.0       
52.43     2.0       
52.73     3.0       
53.004    4.0       
53.284    5.0       
