0.214     1.0       
0.52      2.0       
0.819     3.0       
1.094     4.0       
1.378     1.0       
1.653     2.0       
1.957     3.0       
2.245     4.0       
2.546     1.0       
2.82      2.0       
3.106     3.0       
3.404     4.0       
3.699     1.0       
3.981     2.0       
4.28      3.0       
4.554     4.0       
4.841     1.0       
5.135     2.0       
5.427     3.0       
5.725     4.0       
6.01      1.0       
6.315     2.0       
6.62      3.0       
6.901     4.0       
7.195     1.0       
7.482     2.0       
7.769     3.0       
8.055     4.0       
8.351     1.0       
8.641     2.0       
8.918     3.0       
9.217     4.0       
9.521     1.0       
9.804     2.0       
10.098    3.0       
10.384    4.0       
10.659    5.0       
10.94     1.0       
11.226    2.0       
11.507    3.0       
11.783    4.0       
12.071    5.0       
12.365    1.0       
12.668    2.0       
12.958    3.0       
13.239    4.0       
13.517    5.0       
13.796    1.0       
14.082    2.0       
14.36     3.0       
14.655    4.0       
14.935    5.0       
15.209    1.0       
15.499    2.0       
15.805    3.0       
16.111    4.0       
16.417    5.0       
16.707    1.0       
16.993    2.0       
17.298    3.0       
17.584    4.0       
17.863    5.0       
18.156    1.0       
18.447    2.0       
18.745    3.0       
19.026    4.0       
19.308    5.0       
19.602    1.0       
19.889    2.0       
20.169    3.0       
20.456    4.0       
20.752    5.0       
21.027    1.0       
21.305    2.0       
21.593    3.0       
21.867    4.0       
22.166    5.0       
22.469    1.0       
22.759    2.0       
23.044    3.0       
23.346    4.0       
23.635    5.0       
23.935    1.0       
24.223    2.0       
24.503    3.0       
24.779    4.0       
25.057    5.0       
25.338    1.0       
25.616    2.0       
25.909    3.0       
26.191    4.0       
26.465    5.0       
