0.258     1.0       
0.496     2.0       
0.734     3.0       
0.967     4.0       
1.2       1.0       
1.437     2.0       
1.674     3.0       
1.889     4.0       
2.131     1.0       
2.366     2.0       
2.581     3.0       
2.818     4.0       
3.058     1.0       
3.275     2.0       
3.507     3.0       
3.745     4.0       
3.988     1.0       
4.217     2.0       
4.462     3.0       
4.683     4.0       
4.929     1.0       
5.15      2.0       
5.373     3.0       
5.591     4.0       
5.828     1.0       
6.052     2.0       
6.277     3.0       
6.497     4.0       
6.741     1.0       
6.967     2.0       
7.191     3.0       
7.406     4.0       
7.629     1.0       
7.846     2.0       
8.075     3.0       
8.297     4.0       
8.518     5.0       
8.755     1.0       
8.984     2.0       
9.225     3.0       
9.442     4.0       
9.658     5.0       
9.875     1.0       
10.113    2.0       
10.355    3.0       
10.579    4.0       
10.793    5.0       
11.021    1.0       
11.259    2.0       
11.49     3.0       
11.721    4.0       
11.962    5.0       
12.205    1.0       
12.433    2.0       
12.661    3.0       
12.895    4.0       
13.135    5.0       
13.358    1.0       
13.572    2.0       
13.789    3.0       
14.032    4.0       
14.253    5.0       
14.469    1.0       
14.693    2.0       
14.914    3.0       
15.138    4.0       
15.374    5.0       
15.609    1.0       
15.836    2.0       
16.057    3.0       
16.296    4.0       
16.514    5.0       
16.75     1.0       
16.964    2.0       
17.2      3.0       
17.442    4.0       
17.659    5.0       
17.896    1.0       
18.137    2.0       
18.381    3.0       
18.598    4.0       
18.831    5.0       
19.055    1.0       
19.273    2.0       
19.504    3.0       
19.733    4.0       
19.953    5.0       
20.189    1.0       
20.405    2.0       
20.622    3.0       
20.862    4.0       
21.084    5.0       
21.302    1.0       
21.548    2.0       
21.791    3.0       
22.005    4.0       
22.247    5.0       
22.463    1.0       
22.689    2.0       
22.903    3.0       
23.12     4.0       
23.337    5.0       
23.581    1.0       
23.827    2.0       
24.056    3.0       
24.299    4.0       
24.533    5.0       
24.764    1.0       
24.994    2.0       
25.231    3.0       
25.458    4.0       
25.69     5.0       
25.916    1.0       
26.135    2.0       
26.371    3.0       
26.599    4.0       
26.828    5.0       
27.069    1.0       
27.311    2.0       
27.529    3.0       
27.766    4.0       
28.006    5.0       
28.239    1.0       
28.455    2.0       
28.68     3.0       
28.926    4.0       
29.147    5.0       
29.382    1.0       
29.612    2.0       
29.851    3.0       
30.093    4.0       
30.333    5.0       
30.566    1.0       
30.801    2.0       
31.041    3.0       
31.278    4.0       
31.522    5.0       
31.761    1.0       
32.003    2.0       
32.239    3.0       
32.471    4.0       
32.705    5.0       
32.951    1.0       
33.176    2.0       
33.406    3.0       
33.636    4.0       
33.868    5.0       
34.109    1.0       
34.351    2.0       
34.585    3.0       
34.821    4.0       
35.055    5.0       
35.301    1.0       
35.518    2.0       
35.744    3.0       
35.974    4.0       
36.19     5.0       
36.411    1.0       
36.625    2.0       
36.85     3.0       
37.093    4.0       
37.335    5.0       
37.565    1.0       
37.793    2.0       
38.014    3.0       
38.26     4.0       
38.504    5.0       
38.728    1.0       
38.955    2.0       
39.185    3.0       
39.418    4.0       
39.659    5.0       
39.874    1.0       
40.091    2.0       
40.313    3.0       
40.556    4.0       
40.794    5.0       
41.011    1.0       
41.225    2.0       
41.456    3.0       
41.701    4.0       
41.916    5.0       
42.148    1.0       
42.373    2.0       
42.608    3.0       
42.849    4.0       
43.085    5.0       
43.3      1.0       
43.52     2.0       
43.764    3.0       
43.984    4.0       
44.229    5.0       
