0.146     1.0       
0.466     2.0       
0.782     3.0       
1.108     4.0       
1.42      1.0       
1.748     2.0       
2.085     3.0       
2.408     4.0       
2.739     1.0       
3.064     2.0       
3.398     3.0       
3.74      4.0       
4.077     1.0       
4.397     2.0       
4.721     3.0       
5.049     4.0       
5.361     1.0       
5.703     2.0       
6.025     3.0       
6.346     4.0       
6.681     1.0       
7.005     2.0       
7.324     3.0       
7.652     4.0       
7.964     1.0       
8.294     2.0       
8.619     3.0       
8.949     4.0       
9.261     1.0       
9.586     2.0       
9.907     3.0       
10.228    4.0       
10.564    1.0       
10.889    2.0       
11.226    3.0       
11.55     4.0       
11.881    1.0       
12.208    2.0       
12.547    3.0       
12.886    4.0       
13.22     1.0       
13.55     2.0       
13.868    3.0       
14.186    4.0       
14.52     1.0       
14.852    2.0       
15.18     3.0       
15.521    4.0       
15.86     1.0       
16.182    2.0       
16.508    3.0       
16.851    4.0       
17.179    1.0       
17.505    2.0       
17.826    3.0       
18.159    4.0       
18.479    1.0       
18.814    2.0       
19.136    3.0       
19.469    4.0       
19.802    1.0       
20.114    2.0       
20.426    3.0       
20.761    4.0       
21.089    1.0       
21.427    2.0       
21.745    3.0       
22.088    4.0       
22.41     1.0       
22.751    2.0       
23.092    3.0       
23.434    4.0       
23.747    1.0       
24.078    2.0       
24.393    3.0       
24.71     4.0       
25.045    1.0       
25.375    2.0       
25.695    3.0       
26.024    4.0       
26.358    1.0       
26.693    2.0       
27.007    3.0       
27.342    4.0       
27.664    1.0       
27.982    2.0       
28.317    3.0       
28.648    4.0       
28.972    1.0       
29.306    2.0       
29.647    3.0       
29.976    4.0       
30.306    1.0       
30.643    2.0       
30.959    3.0       
31.282    4.0       
31.617    1.0       
31.953    2.0       
32.29     3.0       
32.605    4.0       
32.934    5.0       
33.248    1.0       
33.563    2.0       
33.874    3.0       
34.201    4.0       
34.512    5.0       
34.848    1.0       
35.162    2.0       
35.478    3.0       
35.815    4.0       
36.152    5.0       
36.478    1.0       
36.804    2.0       
37.12     3.0       
37.434    4.0       
37.745    5.0       
38.071    1.0       
38.407    2.0       
38.734    3.0       
39.059    4.0       
39.402    5.0       
39.744    1.0       
40.077    2.0       
40.414    3.0       
40.733    4.0       
41.046    5.0       
41.388    1.0       
41.708    2.0       
42.045    3.0       
42.378    4.0       
42.716    5.0       
43.055    1.0       
43.367    2.0       
43.686    3.0       
44.02     4.0       
44.343    5.0       
44.664    1.0       
44.978    2.0       
45.291    3.0       
45.604    4.0       
45.927    5.0       
46.255    1.0       
46.584    2.0       
46.917    3.0       
47.247    4.0       
47.559    5.0       
47.9      1.0       
48.213    2.0       
48.528    3.0       
48.855    4.0       
49.192    5.0       
49.532    1.0       
49.848    2.0       
50.161    3.0       
50.474    4.0       
50.797    5.0       
51.134    1.0       
51.467    2.0       
51.785    3.0       
52.123    4.0       
52.438    5.0       
52.762    1.0       
53.077    2.0       
53.394    3.0       
53.706    4.0       
54.019    5.0       
54.338    1.0       
54.666    2.0       
55.007    3.0       
55.327    4.0       
55.667    5.0       
55.982    1.0       
56.309    2.0       
56.623    3.0       
56.954    4.0       
57.277    5.0       
57.616    1.0       
57.935    2.0       
58.25     3.0       
58.59     4.0       
58.915    5.0       
59.226    1.0       
59.552    2.0       
59.873    3.0       
60.202    4.0       
60.526    5.0       
60.84     1.0       
61.175    2.0       
61.508    3.0       
61.824    4.0       
62.137    5.0       
62.479    1.0       
62.821    2.0       
63.156    3.0       
63.485    4.0       
63.817    5.0       
64.14     1.0       
64.457    2.0       
64.797    3.0       
65.131    4.0       
65.454    5.0       
65.765    1.0       
66.101    2.0       
66.417    3.0       
66.758    4.0       
67.075    5.0       
67.406    1.0       
67.718    2.0       
68.055    3.0       
68.366    4.0       
68.695    5.0       
69.009    1.0       
69.337    2.0       
69.676    3.0       
70.009    4.0       
70.329    5.0       
70.652    1.0       
70.992    2.0       
71.316    3.0       
71.654    4.0       
71.974    5.0       
72.285    1.0       
72.624    2.0       
72.937    3.0       
73.27     4.0       
73.604    5.0       
73.933    1.0       
74.255    2.0       
74.593    3.0       
74.92     4.0       
75.246    5.0       
75.582    1.0       
75.898    2.0       
76.223    3.0       
76.55     4.0       
76.89     5.0       
77.21     1.0       
77.54     2.0       
77.864    3.0       
78.183    4.0       
78.494    5.0       
78.815    1.0       
79.135    2.0       
79.47     3.0       
79.794    4.0       
80.129    5.0       
80.443    1.0       
80.767    2.0       
81.098    3.0       
81.421    4.0       
81.758    5.0       
82.076    1.0       
82.397    2.0       
82.708    3.0       
83.037    4.0       
83.368    5.0       
