0.267     1.0       
0.481     2.0       
0.714     3.0       
0.941     4.0       
1.173     1.0       
1.387     2.0       
1.619     3.0       
1.826     4.0       
2.049     1.0       
2.288     2.0       
2.516     3.0       
2.73      4.0       
2.95      1.0       
3.175     2.0       
3.402     3.0       
3.64      4.0       
3.869     1.0       
4.078     2.0       
4.307     3.0       
4.534     4.0       
4.77      1.0       
4.977     2.0       
5.207     3.0       
5.435     4.0       
5.643     1.0       
5.878     2.0       
6.088     3.0       
6.31      4.0       
6.54      1.0       
6.758     2.0       
6.997     3.0       
7.223     4.0       
7.434     1.0       
7.665     2.0       
7.904     3.0       
8.112     4.0       
8.345     1.0       
8.581     2.0       
8.805     3.0       
9.033     4.0       
9.246     1.0       
9.465     2.0       
9.684     3.0       
9.908     4.0       
10.141    1.0       
10.367    2.0       
10.604    3.0       
10.836    4.0       
11.07     1.0       
11.302    2.0       
11.527    3.0       
11.755    4.0       
11.972    1.0       
12.191    2.0       
12.42     3.0       
12.633    4.0       
12.842    1.0       
13.065    2.0       
13.284    3.0       
13.507    4.0       
13.73     1.0       
13.958    2.0       
14.169    3.0       
14.407    4.0       
14.614    1.0       
14.83     2.0       
15.053    3.0       
15.26     4.0       
15.497    5.0       
15.705    1.0       
15.914    2.0       
16.123    3.0       
16.338    4.0       
16.559    5.0       
16.787    1.0       
17.021    2.0       
17.257    3.0       
17.494    4.0       
17.719    5.0       
17.933    1.0       
18.171    2.0       
18.405    3.0       
18.628    4.0       
18.851    5.0       
19.061    1.0       
19.276    2.0       
19.499    3.0       
19.73     4.0       
19.947    5.0       
20.186    1.0       
20.418    2.0       
20.646    3.0       
20.863    4.0       
21.079    5.0       
21.295    1.0       
21.523    2.0       
21.75     3.0       
21.989    4.0       
22.199    5.0       
22.436    1.0       
22.643    2.0       
22.867    3.0       
23.075    4.0       
23.284    5.0       
23.506    1.0       
23.713    2.0       
23.945    3.0       
24.183    4.0       
24.394    5.0       
24.63     1.0       
24.861    2.0       
25.078    3.0       
25.304    4.0       
25.538    5.0       
25.757    1.0       
25.972    2.0       
26.199    3.0       
26.427    4.0       
26.665    5.0       
26.888    1.0       
27.107    2.0       
27.33     3.0       
27.538    4.0       
27.768    5.0       
