0.243     1.0       
0.525     2.0       
0.819     3.0       
1.102     4.0       
1.402     1.0       
1.697     2.0       
2.001     3.0       
2.302     4.0       
2.588     1.0       
2.894     2.0       
3.18      3.0       
3.493     4.0       
3.778     1.0       
4.065     2.0       
4.358     3.0       
4.655     4.0       
4.947     1.0       
5.232     2.0       
5.54      3.0       
5.821     4.0       
6.126     1.0       
6.408     2.0       
6.713     3.0       
7.013     4.0       
7.299     1.0       
7.601     2.0       
7.892     3.0       
8.186     4.0       
8.484     1.0       
8.766     2.0       
9.071     3.0       
9.366     4.0       
9.665     1.0       
9.967     2.0       
10.256    3.0       
10.541    4.0       
10.839    1.0       
11.142    2.0       
11.436    3.0       
11.739    4.0       
12.023    1.0       
12.335    2.0       
12.621    3.0       
12.902    4.0       
13.187    1.0       
13.478    2.0       
13.776    3.0       
14.064    4.0       
14.354    1.0       
14.663    2.0       
14.958    3.0       
15.251    4.0       
15.546    5.0       
15.858    1.0       
16.168    2.0       
16.468    3.0       
16.757    4.0       
17.053    5.0       
17.357    1.0       
17.666    2.0       
17.961    3.0       
18.261    4.0       
18.557    5.0       
18.87     1.0       
19.171    2.0       
19.47     3.0       
19.771    4.0       
20.067    5.0       
20.379    1.0       
20.689    2.0       
20.993    3.0       
21.305    4.0       
21.615    5.0       
21.896    1.0       
22.206    2.0       
22.504    3.0       
22.789    4.0       
23.098    5.0       
23.41     1.0       
23.703    2.0       
23.997    3.0       
24.281    4.0       
24.579    5.0       
24.881    1.0       
25.169    2.0       
25.45     3.0       
25.757    4.0       
26.042    5.0       
