0.168     1.0       
0.458     2.0       
0.756     3.0       
1.036     4.0       
1.315     1.0       
1.616     2.0       
1.914     3.0       
2.202     4.0       
2.49      1.0       
2.799     2.0       
3.104     3.0       
3.388     4.0       
3.672     1.0       
3.962     2.0       
4.256     3.0       
4.564     4.0       
4.853     1.0       
5.152     2.0       
5.448     3.0       
5.741     4.0       
6.04      1.0       
6.325     2.0       
6.611     3.0       
6.892     4.0       
7.176     1.0       
7.454     2.0       
7.762     3.0       
8.055     4.0       
8.357     1.0       
8.634     2.0       
8.943     3.0       
9.252     4.0       
9.547     1.0       
9.825     2.0       
10.113    3.0       
10.409    4.0       
10.707    1.0       
11.011    2.0       
11.32     3.0       
11.597    4.0       
11.876    1.0       
12.162    2.0       
12.454    3.0       
12.756    4.0       
13.044    1.0       
13.341    2.0       
13.633    3.0       
13.925    4.0       
14.233    1.0       
14.512    2.0       
14.821    3.0       
15.112    4.0       
15.401    5.0       
15.687    1.0       
15.966    2.0       
16.262    3.0       
16.54     4.0       
16.848    5.0       
17.137    1.0       
17.426    2.0       
17.724    3.0       
18.017    4.0       
18.306    5.0       
18.602    1.0       
18.908    2.0       
19.21     3.0       
19.518    4.0       
19.799    5.0       
20.079    1.0       
20.359    2.0       
20.658    3.0       
20.95     4.0       
21.243    5.0       
21.531    1.0       
21.838    2.0       
22.142    3.0       
22.444    4.0       
22.749    5.0       
23.043    1.0       
23.347    2.0       
23.656    3.0       
23.965    4.0       
24.258    5.0       
24.55     1.0       
24.842    2.0       
25.138    3.0       
25.44     4.0       
25.718    5.0       
26.013    1.0       
26.299    2.0       
26.596    3.0       
26.893    4.0       
27.171    5.0       
27.473    1.0       
27.761    2.0       
28.044    3.0       
28.353    4.0       
28.651    5.0       
28.928    1.0       
29.215    2.0       
29.505    3.0       
29.785    4.0       
30.091    5.0       
30.385    1.0       
30.686    2.0       
30.974    3.0       
31.261    4.0       
31.56     5.0       
31.858    1.0       
32.165    2.0       
32.469    3.0       
32.754    4.0       
33.042    5.0       
33.335    1.0       
33.634    2.0       
33.916    3.0       
34.198    4.0       
34.478    5.0       
34.757    1.0       
35.063    2.0       
35.352    3.0       
35.653    4.0       
35.954    5.0       
36.246    1.0       
36.54     2.0       
36.82     3.0       
37.097    4.0       
37.4      5.0       
