0.228     1.0       
0.461     2.0       
0.692     3.0       
0.906     4.0       
1.129     1.0       
1.342     2.0       
1.554     3.0       
1.779     4.0       
1.987     1.0       
2.212     2.0       
2.42      3.0       
2.627     4.0       
2.832     1.0       
3.04      2.0       
3.27      3.0       
3.506     4.0       
3.73      1.0       
3.964     2.0       
4.186     3.0       
4.417     4.0       
4.624     1.0       
4.831     2.0       
5.046     3.0       
5.259     4.0       
5.487     1.0       
5.707     2.0       
5.916     3.0       
6.147     4.0       
6.356     1.0       
6.561     2.0       
6.779     3.0       
7.014     4.0       
7.219     1.0       
7.456     2.0       
7.672     3.0       
7.906     4.0       
8.138     1.0       
8.365     2.0       
8.591     3.0       
8.81      4.0       
9.047     1.0       
9.252     2.0       
9.487     3.0       
9.722     4.0       
9.959     1.0       
10.173    2.0       
10.4      3.0       
10.624    4.0       
10.846    1.0       
11.068    2.0       
11.303    3.0       
11.539    4.0       
11.758    1.0       
11.98     2.0       
12.216    3.0       
12.442    4.0       
12.676    1.0       
12.897    2.0       
13.113    3.0       
13.347    4.0       
13.578    1.0       
13.806    2.0       
14.041    3.0       
14.252    4.0       
14.458    1.0       
14.672    2.0       
14.886    3.0       
15.114    4.0       
15.344    1.0       
15.557    2.0       
15.785    3.0       
16.022    4.0       
16.249    1.0       
16.459    2.0       
16.693    3.0       
16.923    4.0       
17.16     1.0       
17.391    2.0       
17.596    3.0       
17.802    4.0       
18.021    1.0       
18.23     2.0       
18.465    3.0       
18.677    4.0       
18.882    1.0       
19.093    2.0       
19.325    3.0       
19.556    4.0       
19.774    1.0       
19.983    2.0       
20.197    3.0       
20.414    4.0       
20.647    1.0       
20.88     2.0       
21.092    3.0       
21.328    4.0       
21.557    1.0       
21.769    2.0       
21.997    3.0       
22.214    4.0       
22.44     1.0       
22.659    2.0       
22.865    3.0       
23.082    4.0       
23.314    1.0       
23.519    2.0       
23.748    3.0       
23.977    4.0       
24.2      1.0       
24.412    2.0       
24.645    3.0       
24.854    4.0       
25.073    1.0       
25.296    2.0       
25.501    3.0       
25.718    4.0       
25.952    5.0       
26.176    1.0       
26.384    2.0       
26.59     3.0       
26.825    4.0       
27.057    5.0       
27.268    1.0       
27.496    2.0       
27.701    3.0       
27.916    4.0       
28.133    5.0       
28.345    1.0       
28.568    2.0       
28.799    3.0       
29.026    4.0       
29.249    5.0       
29.454    1.0       
29.688    2.0       
29.915    3.0       
30.147    4.0       
30.352    5.0       
30.573    1.0       
30.782    2.0       
31.002    3.0       
31.231    4.0       
31.45     5.0       
31.678    1.0       
31.903    2.0       
32.132    3.0       
32.344    4.0       
32.559    5.0       
32.767    1.0       
32.98     2.0       
33.208    3.0       
33.441    4.0       
33.658    5.0       
33.874    1.0       
34.1      2.0       
34.33     3.0       
34.546    4.0       
34.765    5.0       
34.994    1.0       
35.209    2.0       
35.444    3.0       
35.665    4.0       
35.897    5.0       
36.103    1.0       
36.316    2.0       
36.544    3.0       
36.769    4.0       
36.997    5.0       
37.209    1.0       
37.442    2.0       
37.664    3.0       
37.871    4.0       
38.098    5.0       
