0.213     1.0       
0.486     2.0       
0.765     3.0       
1.05      4.0       
1.335     1.0       
1.611     2.0       
1.913     3.0       
2.197     4.0       
2.498     1.0       
2.788     2.0       
3.072     3.0       
3.365     4.0       
3.665     1.0       
3.966     2.0       
4.247     3.0       
4.524     4.0       
4.796     1.0       
5.091     2.0       
5.392     3.0       
5.673     4.0       
5.973     1.0       
6.266     2.0       
6.549     3.0       
6.826     4.0       
7.114     1.0       
7.388     2.0       
7.663     3.0       
7.96      4.0       
8.249     1.0       
8.539     2.0       
8.833     3.0       
9.13      4.0       
9.434     1.0       
9.726     2.0       
10.028    3.0       
10.319    4.0       
10.623    1.0       
10.906    2.0       
11.206    3.0       
11.486    4.0       
11.787    1.0       
12.083    2.0       
12.383    3.0       
12.66     4.0       
12.937    1.0       
13.215    2.0       
13.514    3.0       
13.797    4.0       
14.094    1.0       
14.372    2.0       
14.676    3.0       
14.957    4.0       
15.24     1.0       
15.515    2.0       
15.818    3.0       
16.093    4.0       
16.386    1.0       
16.669    2.0       
16.969    3.0       
17.253    4.0       
17.531    1.0       
17.818    2.0       
18.094    3.0       
18.385    4.0       
18.686    1.0       
18.968    2.0       
19.251    3.0       
19.53     4.0       
19.804    1.0       
20.097    2.0       
20.376    3.0       
20.673    4.0       
20.959    1.0       
21.246    2.0       
21.536    3.0       
21.828    4.0       
22.128    1.0       
22.412    2.0       
22.71     3.0       
23.007    4.0       
23.311    1.0       
23.6      2.0       
23.888    3.0       
24.168    4.0       
24.451    1.0       
24.744    2.0       
25.046    3.0       
25.346    4.0       
25.638    1.0       
25.941    2.0       
26.243    3.0       
26.533    4.0       
26.805    1.0       
27.094    2.0       
27.379    3.0       
27.679    4.0       
27.97     1.0       
28.267    2.0       
28.539    3.0       
28.834    4.0       
29.134    1.0       
29.426    2.0       
29.726    3.0       
30.001    4.0       
30.287    1.0       
30.569    2.0       
30.851    3.0       
31.145    4.0       
31.427    1.0       
31.71     2.0       
32.014    3.0       
32.294    4.0       
32.575    1.0       
32.851    2.0       
33.129    3.0       
33.401    4.0       
33.685    1.0       
33.979    2.0       
34.26     3.0       
34.54     4.0       
34.83     1.0       
35.107    2.0       
35.394    3.0       
35.692    4.0       
35.966    1.0       
36.264    2.0       
36.568    3.0       
36.872    4.0       
37.176    1.0       
37.461    2.0       
37.733    3.0       
38.031    4.0       
38.33     5.0       
38.63     1.0       
38.933    2.0       
39.225    3.0       
39.517    4.0       
39.799    5.0       
40.085    1.0       
40.374    2.0       
40.648    3.0       
40.927    4.0       
41.203    5.0       
41.506    1.0       
41.797    2.0       
42.069    3.0       
42.344    4.0       
42.631    5.0       
42.935    1.0       
43.238    2.0       
43.519    3.0       
43.795    4.0       
44.074    5.0       
44.351    1.0       
44.654    2.0       
44.953    3.0       
45.244    4.0       
45.544    5.0       
45.833    1.0       
46.112    2.0       
46.394    3.0       
46.675    4.0       
46.969    5.0       
47.255    1.0       
47.551    2.0       
47.848    3.0       
48.134    4.0       
48.408    5.0       
48.702    1.0       
48.997    2.0       
49.276    3.0       
49.574    4.0       
49.872    5.0       
50.154    1.0       
50.44     2.0       
50.728    3.0       
51.0      4.0       
51.283    5.0       
51.558    1.0       
51.852    2.0       
52.144    3.0       
52.435    4.0       
52.709    5.0       
53.013    1.0       
53.313    2.0       
53.611    3.0       
53.911    4.0       
54.207    5.0       
54.501    1.0       
54.774    2.0       
55.076    3.0       
55.355    4.0       
55.632    5.0       
55.911    1.0       
56.201    2.0       
56.496    3.0       
56.789    4.0       
57.073    5.0       
57.363    1.0       
57.659    2.0       
57.957    3.0       
58.248    4.0       
58.543    5.0       
58.828    1.0       
59.102    2.0       
59.396    3.0       
59.676    4.0       
59.957    5.0       
60.253    1.0       
60.546    2.0       
60.839    3.0       
61.124    4.0       
61.415    5.0       
61.691    1.0       
61.983    2.0       
62.277    3.0       
62.576    4.0       
62.867    5.0       
63.143    1.0       
63.445    2.0       
63.739    3.0       
64.013    4.0       
64.313    5.0       
64.612    1.0       
64.909    2.0       
65.2      3.0       
65.478    4.0       
65.76     5.0       
66.032    1.0       
66.334    2.0       
66.613    3.0       
66.898    4.0       
67.19     5.0       
67.488    1.0       
67.764    2.0       
68.036    3.0       
68.335    4.0       
68.627    5.0       
68.908    1.0       
69.202    2.0       
69.49     3.0       
69.78     4.0       
70.063    5.0       
70.352    1.0       
70.648    2.0       
70.939    3.0       
71.235    4.0       
71.517    5.0       
