0.239     1.0       
0.466     2.0       
0.693     3.0       
0.903     4.0       
1.118     1.0       
1.339     2.0       
1.56      3.0       
1.785     4.0       
1.991     1.0       
2.212     2.0       
2.442     3.0       
2.662     4.0       
2.883     1.0       
3.108     2.0       
3.319     3.0       
3.547     4.0       
3.772     1.0       
3.98      2.0       
4.194     3.0       
4.426     4.0       
4.642     1.0       
4.865     2.0       
5.087     3.0       
5.302     4.0       
5.531     1.0       
5.768     2.0       
5.998     3.0       
6.205     4.0       
6.428     1.0       
6.649     2.0       
6.87      3.0       
7.093     4.0       
7.316     1.0       
7.553     2.0       
7.767     3.0       
7.989     4.0       
8.196     1.0       
8.408     2.0       
8.625     3.0       
8.83      4.0       
9.066     1.0       
9.303     2.0       
9.51      3.0       
9.737     4.0       
9.974     1.0       
10.208    2.0       
10.435    3.0       
10.666    4.0       
10.877    1.0       
11.095    2.0       
11.306    3.0       
11.528    4.0       
11.739    1.0       
11.961    2.0       
12.171    3.0       
12.397    4.0       
12.609    1.0       
12.835    2.0       
13.069    3.0       
13.303    4.0       
13.534    1.0       
13.758    2.0       
13.989    3.0       
14.226    4.0       
14.444    1.0       
14.677    2.0       
14.885    3.0       
15.113    4.0       
15.326    1.0       
15.55     2.0       
15.764    3.0       
15.999    4.0       
16.234    1.0       
16.455    2.0       
16.683    3.0       
16.909    4.0       
17.115    1.0       
17.331    2.0       
17.555    3.0       
17.773    4.0       
17.98     1.0       
18.195    2.0       
18.417    3.0       
18.639    4.0       
18.863    5.0       
19.073    1.0       
19.299    2.0       
19.516    3.0       
19.733    4.0       
19.96     5.0       
20.165    1.0       
20.374    2.0       
20.581    3.0       
20.811    4.0       
21.024    5.0       
21.246    1.0       
21.473    2.0       
21.692    3.0       
21.914    4.0       
22.125    5.0       
22.346    1.0       
22.559    2.0       
22.775    3.0       
22.985    4.0       
23.207    5.0       
23.423    1.0       
23.647    2.0       
23.868    3.0       
24.083    4.0       
24.302    5.0       
24.524    1.0       
24.754    2.0       
24.982    3.0       
25.191    4.0       
25.426    5.0       
25.654    1.0       
25.86     2.0       
26.075    3.0       
26.303    4.0       
26.54     5.0       
26.749    1.0       
26.961    2.0       
27.177    3.0       
27.397    4.0       
27.634    5.0       
27.87     1.0       
28.096    2.0       
28.307    3.0       
28.541    4.0       
28.768    5.0       
28.979    1.0       
29.216    2.0       
29.431    3.0       
29.651    4.0       
29.858    5.0       
30.094    1.0       
30.317    2.0       
30.54     3.0       
30.758    4.0       
30.994    5.0       
31.22     1.0       
31.431    2.0       
31.647    3.0       
31.877    4.0       
32.082    5.0       
32.291    1.0       
32.503    2.0       
32.719    3.0       
32.956    4.0       
33.167    5.0       
33.389    1.0       
33.617    2.0       
33.849    3.0       
34.068    4.0       
34.29     5.0       
34.516    1.0       
34.737    2.0       
34.954    3.0       
35.163    4.0       
35.381    5.0       
35.604    1.0       
35.836    2.0       
36.055    3.0       
36.287    4.0       
36.504    5.0       
36.726    1.0       
36.943    2.0       
37.149    3.0       
37.356    4.0       
37.565    5.0       
37.802    1.0       
38.02     2.0       
38.245    3.0       
38.46     4.0       
38.68     5.0       
38.897    1.0       
39.105    2.0       
39.317    3.0       
39.522    4.0       
39.759    5.0       
39.99     1.0       
40.196    2.0       
40.432    3.0       
40.668    4.0       
40.89     5.0       
41.115    1.0       
41.347    2.0       
41.568    3.0       
41.805    4.0       
42.012    5.0       
42.238    1.0       
42.466    2.0       
42.677    3.0       
42.893    4.0       
43.1      5.0       
43.318    1.0       
43.531    2.0       
43.76     3.0       
43.98     4.0       
44.192    5.0       
