0.101     1.0       
0.442     2.0       
0.759     3.0       
1.077     4.0       
1.411     1.0       
1.738     2.0       
2.063     3.0       
2.397     4.0       
2.726     1.0       
3.047     2.0       
3.367     3.0       
3.708     4.0       
4.05      1.0       
4.385     2.0       
4.708     3.0       
5.056     4.0       
5.397     1.0       
5.721     2.0       
6.061     3.0       
6.402     4.0       
6.749     1.0       
7.082     2.0       
7.417     3.0       
7.765     4.0       
8.093     1.0       
8.438     2.0       
8.766     3.0       
9.107     4.0       
9.454     1.0       
9.782     2.0       
10.121    3.0       
10.469    4.0       
10.806    1.0       
11.134    2.0       
11.453    3.0       
11.775    4.0       
12.112    1.0       
12.449    2.0       
12.778    3.0       
13.112    4.0       
13.454    1.0       
13.787    2.0       
14.103    3.0       
14.442    4.0       
14.758    1.0       
15.085    2.0       
15.403    3.0       
15.731    4.0       
16.061    1.0       
16.385    2.0       
16.71     3.0       
17.028    4.0       
17.346    1.0       
17.691    2.0       
18.037    3.0       
18.357    4.0       
18.673    1.0       
19.001    2.0       
19.342    3.0       
19.667    4.0       
19.992    1.0       
20.33     2.0       
20.668    3.0       
20.999    4.0       
21.338    1.0       
21.68     2.0       
21.999    3.0       
22.334    4.0       
22.677    1.0       
23.002    2.0       
23.344    3.0       
23.672    4.0       
24.0      1.0       
24.335    2.0       
24.655    3.0       
24.995    4.0       
25.336    1.0       
25.674    2.0       
26.003    3.0       
26.332    4.0       
26.65     1.0       
26.99     2.0       
27.312    3.0       
27.645    4.0       
27.986    5.0       
28.314    1.0       
28.641    2.0       
28.988    3.0       
29.321    4.0       
29.669    5.0       
30.014    1.0       
30.356    2.0       
30.704    3.0       
31.039    4.0       
31.356    5.0       
31.681    1.0       
32.012    2.0       
32.329    3.0       
32.645    4.0       
32.963    5.0       
33.304    1.0       
33.636    2.0       
33.983    3.0       
34.311    4.0       
34.629    5.0       
34.958    1.0       
35.294    2.0       
35.626    3.0       
35.967    4.0       
36.314    5.0       
36.631    1.0       
36.979    2.0       
37.3      3.0       
37.627    4.0       
37.967    5.0       
38.31     1.0       
38.649    2.0       
38.996    3.0       
39.316    4.0       
39.639    5.0       
39.969    1.0       
40.305    2.0       
40.653    3.0       
40.972    4.0       
41.317    5.0       
41.661    1.0       
42.008    2.0       
42.33     3.0       
42.667    4.0       
42.995    5.0       
43.327    1.0       
43.674    2.0       
44.016    3.0       
44.356    4.0       
44.675    5.0       
45.017    1.0       
45.351    2.0       
45.671    3.0       
45.997    4.0       
46.327    5.0       
46.648    1.0       
46.996    2.0       
47.329    3.0       
47.66     4.0       
47.998    5.0       
48.338    1.0       
48.666    2.0       
48.995    3.0       
49.318    4.0       
49.648    5.0       
49.974    1.0       
50.314    2.0       
50.639    3.0       
50.974    4.0       
51.301    5.0       
51.622    1.0       
51.948    2.0       
52.286    3.0       
52.63     4.0       
52.965    5.0       
53.289    1.0       
53.624    2.0       
53.96     3.0       
54.285    4.0       
54.622    5.0       
54.959    1.0       
55.305    2.0       
55.645    3.0       
55.968    4.0       
56.309    5.0       
56.646    1.0       
56.982    2.0       
57.305    3.0       
57.641    4.0       
57.957    5.0       
58.302    1.0       
58.62     2.0       
58.95     3.0       
59.275    4.0       
59.593    5.0       
59.928    1.0       
60.245    2.0       
60.585    3.0       
60.914    4.0       
61.24     5.0       
61.574    1.0       
61.892    2.0       
62.236    3.0       
62.568    4.0       
62.892    5.0       
63.229    1.0       
63.546    2.0       
63.873    3.0       
64.198    4.0       
64.541    5.0       
64.869    1.0       
65.188    2.0       
65.521    3.0       
65.842    4.0       
66.165    5.0       
66.483    1.0       
66.828    2.0       
67.162    3.0       
67.51     4.0       
67.849    5.0       
68.192    1.0       
68.539    2.0       
68.883    3.0       
69.219    4.0       
69.559    5.0       
69.881    1.0       
70.224    2.0       
70.549    3.0       
70.88     4.0       
71.227    5.0       
71.549    1.0       
71.897    2.0       
72.243    3.0       
72.58     4.0       
72.927    5.0       
73.244    1.0       
73.589    2.0       
73.933    3.0       
74.268    4.0       
74.595    5.0       
74.918    1.0       
75.239    2.0       
75.56     3.0       
75.891    4.0       
76.221    5.0       
76.539    1.0       
76.868    2.0       
77.203    3.0       
77.538    4.0       
77.885    5.0       
78.23     1.0       
78.546    2.0       
78.87     3.0       
79.188    4.0       
79.511    5.0       
