0.123     1.0       
0.448     2.0       
0.779     3.0       
1.101     4.0       
1.435     1.0       
1.765     2.0       
2.089     3.0       
2.424     4.0       
2.754     1.0       
3.079     2.0       
3.42      3.0       
3.767     4.0       
4.094     1.0       
4.434     2.0       
4.753     3.0       
5.103     4.0       
5.452     1.0       
5.782     2.0       
6.123     3.0       
6.467     4.0       
6.807     1.0       
7.132     2.0       
7.474     3.0       
7.795     4.0       
8.143     1.0       
8.461     2.0       
8.787     3.0       
9.123     4.0       
9.454     1.0       
9.791     2.0       
10.134    3.0       
10.478    4.0       
10.827    1.0       
11.165    2.0       
11.513    3.0       
11.836    4.0       
12.169    5.0       
12.518    1.0       
12.849    2.0       
13.167    3.0       
13.499    4.0       
13.84     5.0       
14.19     1.0       
14.539    2.0       
14.872    3.0       
15.216    4.0       
15.556    5.0       
15.882    1.0       
16.231    2.0       
16.58     3.0       
16.922    4.0       
17.259    5.0       
17.602    1.0       
17.944    2.0       
18.265    3.0       
18.599    4.0       
18.92     5.0       
19.246    1.0       
19.592    2.0       
19.923    3.0       
20.264    4.0       
20.602    5.0       
20.932    1.0       
21.272    2.0       
21.595    3.0       
21.92     4.0       
22.24     5.0       
22.579    1.0       
22.898    2.0       
23.24     3.0       
23.586    4.0       
23.915    5.0       
24.236    1.0       
24.584    2.0       
24.923    3.0       
25.262    4.0       
25.581    5.0       
25.926    1.0       
26.25     2.0       
26.575    3.0       
26.925    4.0       
27.273    5.0       
27.605    1.0       
27.926    2.0       
28.272    3.0       
28.603    4.0       
28.943    5.0       
29.262    1.0       
29.591    2.0       
29.93     3.0       
30.255    4.0       
30.575    5.0       
30.902    1.0       
31.25     2.0       
31.6      3.0       
31.945    4.0       
32.278    5.0       
32.619    1.0       
32.944    2.0       
33.272    3.0       
33.609    4.0       
33.943    5.0       
34.265    1.0       
34.606    2.0       
34.933    3.0       
35.267    4.0       
35.614    5.0       
35.958    1.0       
36.308    2.0       
36.638    3.0       
36.958    4.0       
37.277    5.0       
37.617    1.0       
37.953    2.0       
38.297    3.0       
38.622    4.0       
38.953    5.0       
39.271    1.0       
39.619    2.0       
39.949    3.0       
40.297    4.0       
40.62     5.0       
40.966    1.0       
41.296    2.0       
41.631    3.0       
41.965    4.0       
42.292    5.0       
42.637    1.0       
42.967    2.0       
43.299    3.0       
43.644    4.0       
43.984    5.0       
44.304    1.0       
44.641    2.0       
44.98     3.0       
45.325    4.0       
45.674    5.0       
45.994    1.0       
46.329    2.0       
46.67     3.0       
46.998    4.0       
47.333    5.0       
47.677    1.0       
47.997    2.0       
48.324    3.0       
48.66     4.0       
48.994    5.0       
49.316    1.0       
49.657    2.0       
49.982    3.0       
50.318    4.0       
50.652    5.0       
50.975    1.0       
51.305    2.0       
51.653    3.0       
51.989    4.0       
52.338    5.0       
52.66     1.0       
52.979    2.0       
53.304    3.0       
53.625    4.0       
53.949    5.0       
54.295    1.0       
54.629    2.0       
54.961    3.0       
55.286    4.0       
55.62     5.0       
55.945    1.0       
56.263    2.0       
56.586    3.0       
56.927    4.0       
57.269    5.0       
57.591    1.0       
57.936    2.0       
58.256    3.0       
58.606    4.0       
58.929    5.0       
59.255    1.0       
59.574    2.0       
59.901    3.0       
60.244    4.0       
60.593    5.0       
60.916    1.0       
61.255    2.0       
61.574    3.0       
61.923    4.0       
62.258    5.0       
62.576    1.0       
62.924    2.0       
63.269    3.0       
63.605    4.0       
63.949    5.0       
