0.279     1.0       
0.626     2.0       
0.971     3.0       
1.319     4.0       
1.659     1.0       
1.999     2.0       
2.335     3.0       
2.658     4.0       
3.004     1.0       
3.331     2.0       
3.649     3.0       
3.982     4.0       
4.323     1.0       
4.64      2.0       
4.973     3.0       
5.309     4.0       
5.629     1.0       
5.973     2.0       
6.32      3.0       
6.658     4.0       
6.998     1.0       
7.345     2.0       
7.662     3.0       
7.997     4.0       
8.343     1.0       
8.685     2.0       
9.03      3.0       
9.346     4.0       
9.694     1.0       
10.018    2.0       
10.36     3.0       
10.697    4.0       
11.028    1.0       
11.37     2.0       
11.707    3.0       
12.045    4.0       
12.373    5.0       
12.69     1.0       
13.029    2.0       
13.364    3.0       
13.698    4.0       
14.02     5.0       
14.358    1.0       
14.702    2.0       
15.049    3.0       
15.384    4.0       
15.72     5.0       
16.067    1.0       
16.404    2.0       
16.746    3.0       
17.076    4.0       
17.403    5.0       
17.723    1.0       
18.047    2.0       
18.385    3.0       
18.71     4.0       
19.037    5.0       
19.372    1.0       
19.705    2.0       
20.046    3.0       
20.386    4.0       
20.725    5.0       
21.041    1.0       
21.375    2.0       
21.715    3.0       
22.043    4.0       
22.373    5.0       
22.716    1.0       
23.039    2.0       
23.359    3.0       
23.684    4.0       
24.028    5.0       
24.376    1.0       
24.713    2.0       
25.058    3.0       
25.391    4.0       
25.719    5.0       
26.05     1.0       
26.367    2.0       
26.709    3.0       
27.026    4.0       
27.368    5.0       
27.7      1.0       
28.042    2.0       
28.379    3.0       
28.72     4.0       
29.064    5.0       
29.405    1.0       
29.743    2.0       
30.078    3.0       
30.397    4.0       
30.73     5.0       
