0.188     1.0       
0.459     2.0       
0.735     3.0       
1.016     4.0       
1.284     1.0       
1.559     2.0       
1.855     3.0       
2.131     4.0       
2.416     1.0       
2.703     2.0       
2.974     3.0       
3.255     4.0       
3.521     1.0       
3.81      2.0       
4.082     3.0       
4.374     4.0       
4.639     1.0       
4.912     2.0       
5.205     3.0       
5.474     4.0       
5.767     1.0       
6.047     2.0       
6.339     3.0       
6.629     4.0       
6.922     1.0       
7.19      2.0       
7.457     3.0       
7.735     4.0       
8.019     1.0       
8.287     2.0       
8.576     3.0       
8.866     4.0       
9.162     1.0       
9.45      2.0       
9.715     3.0       
9.98      4.0       
10.27     5.0       
10.542    1.0       
10.829    2.0       
11.125    3.0       
11.399    4.0       
11.679    5.0       
11.974    1.0       
12.258    2.0       
12.528    3.0       
12.817    4.0       
13.091    5.0       
13.358    1.0       
13.641    2.0       
13.915    3.0       
14.203    4.0       
14.497    5.0       
14.761    1.0       
15.055    2.0       
15.35     3.0       
15.629    4.0       
15.9      5.0       
16.182    1.0       
16.452    2.0       
16.716    3.0       
16.995    4.0       
17.271    5.0       
17.554    1.0       
17.824    2.0       
18.088    3.0       
18.384    4.0       
18.668    5.0       
18.952    1.0       
19.236    2.0       
19.516    3.0       
19.794    4.0       
20.067    5.0       
20.343    1.0       
20.622    2.0       
20.892    3.0       
21.171    4.0       
21.454    5.0       
21.749    1.0       
22.016    2.0       
22.288    3.0       
22.572    4.0       
22.858    5.0       
23.138    1.0       
23.423    2.0       
23.695    3.0       
23.985    4.0       
24.256    5.0       
24.544    1.0       
24.823    2.0       
25.104    3.0       
25.394    4.0       
25.676    5.0       
