0.162     1.0       
0.44      2.0       
0.707     3.0       
0.991     4.0       
1.281     1.0       
1.565     2.0       
1.852     3.0       
2.119     4.0       
2.378     1.0       
2.651     2.0       
2.923     3.0       
3.183     4.0       
3.459     1.0       
3.737     2.0       
4.005     3.0       
4.27      4.0       
4.546     1.0       
4.811     2.0       
5.086     3.0       
5.371     4.0       
5.659     1.0       
5.942     2.0       
6.218     3.0       
6.496     4.0       
6.754     1.0       
7.039     2.0       
7.3       3.0       
7.581     4.0       
7.841     1.0       
8.105     2.0       
8.395     3.0       
8.682     4.0       
8.967     1.0       
9.238     2.0       
9.504     3.0       
9.791     4.0       
10.076    1.0       
10.34     2.0       
10.625    3.0       
10.914    4.0       
11.176    1.0       
11.444    2.0       
11.728    3.0       
12.003    4.0       
12.269    1.0       
12.547    2.0       
12.813    3.0       
13.079    4.0       
13.341    1.0       
13.616    2.0       
13.876    3.0       
14.151    4.0       
14.417    1.0       
14.682    2.0       
14.962    3.0       
15.231    4.0       
15.489    1.0       
15.75     2.0       
16.027    3.0       
16.302    4.0       
16.577    1.0       
16.838    2.0       
17.102    3.0       
17.373    4.0       
17.659    1.0       
17.922    2.0       
18.183    3.0       
18.465    4.0       
18.754    5.0       
19.015    1.0       
19.297    2.0       
19.579    3.0       
19.843    4.0       
20.12     5.0       
20.402    1.0       
20.673    2.0       
20.939    3.0       
21.222    4.0       
21.502    5.0       
21.783    1.0       
22.05     2.0       
22.324    3.0       
22.588    4.0       
22.849    5.0       
23.126    1.0       
23.392    2.0       
23.667    3.0       
23.935    4.0       
24.222    5.0       
24.485    1.0       
24.759    2.0       
25.041    3.0       
25.328    4.0       
25.587    5.0       
25.865    1.0       
26.147    2.0       
26.428    3.0       
26.703    4.0       
26.973    5.0       
27.252    1.0       
27.51     2.0       
27.774    3.0       
28.054    4.0       
28.333    5.0       
