0.281     1.0       
0.629     2.0       
0.955     3.0       
1.288     4.0       
1.61      1.0       
1.944     2.0       
2.268     3.0       
2.615     4.0       
2.949     1.0       
3.266     2.0       
3.6       3.0       
3.929     4.0       
4.266     1.0       
4.614     2.0       
4.944     3.0       
5.284     4.0       
5.616     1.0       
5.959     2.0       
6.306     3.0       
6.647     4.0       
6.968     1.0       
7.307     2.0       
7.634     3.0       
7.973     4.0       
8.289     1.0       
8.626     2.0       
8.963     3.0       
9.31      4.0       
9.658     1.0       
9.981     2.0       
10.297    3.0       
10.613    4.0       
10.945    1.0       
11.286    2.0       
11.623    3.0       
11.965    4.0       
12.301    1.0       
12.641    2.0       
12.964    3.0       
13.298    4.0       
13.646    1.0       
13.962    2.0       
14.305    3.0       
14.65     4.0       
14.991    1.0       
15.307    2.0       
15.653    3.0       
15.983    4.0       
16.301    1.0       
16.641    2.0       
16.957    3.0       
17.282    4.0       
17.63     1.0       
17.968    2.0       
18.294    3.0       
18.636    4.0       
18.959    1.0       
19.294    2.0       
19.622    3.0       
19.96     4.0       
20.281    1.0       
20.616    2.0       
20.942    3.0       
21.282    4.0       
21.626    1.0       
21.963    2.0       
22.287    3.0       
22.624    4.0       
22.959    5.0       
23.279    1.0       
23.611    2.0       
23.931    3.0       
24.264    4.0       
24.599    5.0       
24.921    1.0       
25.269    2.0       
25.617    3.0       
25.952    4.0       
26.285    5.0       
26.631    1.0       
26.956    2.0       
27.3      3.0       
27.623    4.0       
27.948    5.0       
28.287    1.0       
28.63     2.0       
28.964    3.0       
29.295    4.0       
29.643    5.0       
29.967    1.0       
30.307    2.0       
30.649    3.0       
30.99     4.0       
31.322    5.0       
31.65     1.0       
31.982    2.0       
32.324    3.0       
32.66     4.0       
32.985    5.0       
33.301    1.0       
33.622    2.0       
33.938    3.0       
34.263    4.0       
34.587    5.0       
34.915    1.0       
35.262    2.0       
35.608    3.0       
35.928    4.0       
36.273    5.0       
36.598    1.0       
36.93     2.0       
37.274    3.0       
37.595    4.0       
37.931    5.0       
38.249    1.0       
38.57     2.0       
38.918    3.0       
39.243    4.0       
39.59     5.0       
39.932    1.0       
40.255    2.0       
40.593    3.0       
40.916    4.0       
41.255    5.0       
41.578    1.0       
41.92     2.0       
42.245    3.0       
42.583    4.0       
42.929    5.0       
43.275    1.0       
43.613    2.0       
43.947    3.0       
44.275    4.0       
44.613    5.0       
44.953    1.0       
45.281    2.0       
45.627    3.0       
45.951    4.0       
46.267    5.0       
46.606    1.0       
46.94     2.0       
47.272    3.0       
47.609    4.0       
47.927    5.0       
48.269    1.0       
48.585    2.0       
48.912    3.0       
49.248    4.0       
49.577    5.0       
49.914    1.0       
50.25     2.0       
50.577    3.0       
50.911    4.0       
51.235    5.0       
51.562    1.0       
51.907    2.0       
52.251    3.0       
52.571    4.0       
52.919    5.0       
53.245    1.0       
53.567    2.0       
53.912    3.0       
54.243    4.0       
54.575    5.0       
54.92     1.0       
55.242    2.0       
55.563    3.0       
55.907    4.0       
56.237    5.0       
56.562    1.0       
56.892    2.0       
57.221    3.0       
57.544    4.0       
57.875    5.0       
58.191    1.0       
58.518    2.0       
58.857    3.0       
59.2      4.0       
59.544    5.0       
59.869    1.0       
60.204    2.0       
60.526    3.0       
60.844    4.0       
61.173    5.0       
