0.106     1.0       
0.39      2.0       
0.695     3.0       
0.995     4.0       
1.297     1.0       
1.591     2.0       
1.897     3.0       
2.198     4.0       
2.5       1.0       
2.778     2.0       
3.086     3.0       
3.376     4.0       
3.656     1.0       
3.947     2.0       
4.223     3.0       
4.5       4.0       
4.782     1.0       
5.077     2.0       
5.38      3.0       
5.666     4.0       
5.967     1.0       
6.271     2.0       
6.577     3.0       
6.874     4.0       
7.172     1.0       
7.466     2.0       
7.774     3.0       
8.072     4.0       
8.351     1.0       
8.652     2.0       
8.944     3.0       
9.252     4.0       
9.54      1.0       
9.836     2.0       
10.142    3.0       
10.447    4.0       
10.75     1.0       
11.056    2.0       
11.356    3.0       
11.662    4.0       
11.945    1.0       
12.247    2.0       
12.538    3.0       
12.819    4.0       
13.123    1.0       
13.408    2.0       
13.701    3.0       
13.979    4.0       
14.284    1.0       
14.591    2.0       
14.876    3.0       
15.153    4.0       
15.436    1.0       
15.735    2.0       
16.022    3.0       
16.301    4.0       
16.607    1.0       
16.896    2.0       
17.189    3.0       
17.484    4.0       
17.782    1.0       
18.072    2.0       
18.354    3.0       
18.651    4.0       
18.933    1.0       
19.228    2.0       
19.506    3.0       
19.807    4.0       
20.102    1.0       
20.378    2.0       
20.672    3.0       
20.948    4.0       
21.243    1.0       
21.52     2.0       
21.802    3.0       
22.105    4.0       
22.387    1.0       
22.684    2.0       
22.983    3.0       
23.272    4.0       
23.573    1.0       
23.872    2.0       
24.168    3.0       
24.452    4.0       
24.76     1.0       
25.052    2.0       
25.354    3.0       
25.643    4.0       
25.95     1.0       
26.239    2.0       
26.535    3.0       
26.831    4.0       
27.123    1.0       
27.413    2.0       
27.704    3.0       
27.999    4.0       
28.289    1.0       
28.59     2.0       
28.868    3.0       
29.164    4.0       
29.451    5.0       
29.753    1.0       
30.033    2.0       
30.321    3.0       
30.621    4.0       
30.899    5.0       
31.177    1.0       
31.484    2.0       
31.788    3.0       
32.068    4.0       
32.345    5.0       
32.632    1.0       
32.924    2.0       
33.211    3.0       
33.499    4.0       
33.799    5.0       
34.089    1.0       
34.391    2.0       
34.677    3.0       
34.963    4.0       
35.246    5.0       
35.536    1.0       
35.837    2.0       
36.126    3.0       
36.419    4.0       
36.725    5.0       
37.027    1.0       
37.316    2.0       
37.602    3.0       
37.91     4.0       
38.198    5.0       
38.474    1.0       
38.774    2.0       
39.051    3.0       
39.352    4.0       
39.634    5.0       
39.921    1.0       
40.212    2.0       
40.489    3.0       
40.796    4.0       
41.087    5.0       
41.377    1.0       
41.671    2.0       
41.978    3.0       
42.266    4.0       
42.558    5.0       
42.835    1.0       
43.135    2.0       
43.442    3.0       
43.725    4.0       
44.013    5.0       
44.316    1.0       
44.593    2.0       
44.875    3.0       
45.177    4.0       
45.476    5.0       
45.773    1.0       
46.053    2.0       
46.359    3.0       
46.656    4.0       
46.944    5.0       
47.233    1.0       
47.53     2.0       
47.819    3.0       
48.127    4.0       
48.427    5.0       
48.729    1.0       
49.033    2.0       
49.336    3.0       
49.635    4.0       
49.918    5.0       
50.214    1.0       
50.519    2.0       
50.802    3.0       
51.085    4.0       
51.373    5.0       
