0.211     1.0       
0.503     2.0       
0.796     3.0       
1.08      4.0       
1.392     1.0       
1.693     2.0       
1.993     3.0       
2.294     4.0       
2.586     1.0       
2.87      2.0       
3.153     3.0       
3.445     4.0       
3.733     1.0       
4.015     2.0       
4.317     3.0       
4.629     4.0       
4.926     1.0       
5.233     2.0       
5.523     3.0       
5.814     4.0       
6.12      1.0       
6.423     2.0       
6.72      3.0       
7.031     4.0       
7.343     1.0       
7.638     2.0       
7.923     3.0       
8.208     4.0       
8.499     1.0       
8.808     2.0       
9.106     3.0       
9.412     4.0       
9.698     1.0       
9.978     2.0       
10.262    3.0       
10.547    4.0       
10.844    1.0       
11.132    2.0       
11.421    3.0       
11.733    4.0       
12.027    1.0       
12.329    2.0       
12.63     3.0       
12.924    4.0       
13.213    1.0       
13.513    2.0       
13.798    3.0       
14.106    4.0       
14.403    1.0       
14.69     2.0       
14.998    3.0       
15.308    4.0       
15.603    1.0       
15.885    2.0       
16.18     3.0       
16.46     4.0       
16.75     1.0       
17.034    2.0       
17.324    3.0       
17.618    4.0       
17.899    1.0       
18.186    2.0       
18.49     3.0       
18.773    4.0       
19.081    1.0       
19.379    2.0       
19.683    3.0       
19.98     4.0       
20.281    1.0       
20.587    2.0       
20.89     3.0       
21.191    4.0       
21.493    1.0       
21.789    2.0       
22.074    3.0       
22.381    4.0       
22.672    1.0       
22.983    2.0       
23.28     3.0       
23.583    4.0       
23.893    1.0       
24.182    2.0       
24.478    3.0       
24.786    4.0       
25.092    1.0       
25.376    2.0       
25.686    3.0       
25.996    4.0       
26.291    1.0       
26.598    2.0       
26.906    3.0       
27.204    4.0       
27.502    1.0       
27.802    2.0       
28.088    3.0       
28.397    4.0       
28.705    1.0       
28.986    2.0       
29.276    3.0       
29.563    4.0       
29.855    5.0       
30.154    1.0       
30.464    2.0       
30.77     3.0       
31.051    4.0       
31.359    5.0       
31.662    1.0       
31.954    2.0       
32.257    3.0       
32.548    4.0       
32.842    5.0       
33.127    1.0       
33.409    2.0       
33.705    3.0       
34.003    4.0       
34.289    5.0       
34.59     1.0       
34.885    2.0       
35.187    3.0       
35.498    4.0       
35.788    5.0       
36.088    1.0       
36.375    2.0       
36.665    3.0       
36.972    4.0       
37.267    5.0       
37.575    1.0       
37.864    2.0       
38.153    3.0       
38.436    4.0       
38.72     5.0       
39.001    1.0       
39.291    2.0       
39.597    3.0       
39.907    4.0       
40.219    5.0       
40.527    1.0       
40.816    2.0       
41.117    3.0       
41.398    4.0       
41.694    5.0       
41.984    1.0       
42.293    2.0       
42.601    3.0       
42.909    4.0       
43.208    5.0       
43.504    1.0       
43.792    2.0       
44.093    3.0       
44.375    4.0       
44.687    5.0       
44.994    1.0       
45.28     2.0       
45.572    3.0       
45.871    4.0       
46.158    5.0       
46.463    1.0       
46.771    2.0       
47.051    3.0       
47.352    4.0       
47.652    5.0       
47.963    1.0       
48.26     2.0       
48.57     3.0       
48.877    4.0       
49.176    5.0       
49.459    1.0       
49.759    2.0       
50.07     3.0       
50.366    4.0       
50.646    5.0       
50.946    1.0       
51.229    2.0       
51.529    3.0       
51.836    4.0       
52.118    5.0       
52.419    1.0       
52.701    2.0       
52.996    3.0       
53.304    4.0       
53.594    5.0       
53.897    1.0       
54.209    2.0       
54.519    3.0       
54.808    4.0       
55.119    5.0       
55.422    1.0       
55.706    2.0       
56.001    3.0       
56.292    4.0       
56.588    5.0       
56.898    1.0       
57.203    2.0       
57.515    3.0       
57.813    4.0       
58.11     5.0       
