0.211     1.0       
0.466     2.0       
0.713     3.0       
0.965     4.0       
1.208     1.0       
1.444     2.0       
1.684     3.0       
1.936     4.0       
2.196     1.0       
2.43      2.0       
2.664     3.0       
2.925     4.0       
3.165     1.0       
3.423     2.0       
3.655     3.0       
3.901     4.0       
4.159     1.0       
4.404     2.0       
4.64      3.0       
4.876     4.0       
5.137     1.0       
5.386     2.0       
5.618     3.0       
5.87      4.0       
6.102     1.0       
6.344     2.0       
6.581     3.0       
6.824     4.0       
7.055     1.0       
7.29      2.0       
7.537     3.0       
7.774     4.0       
8.027     1.0       
8.287     2.0       
8.521     3.0       
8.757     4.0       
8.999     1.0       
9.246     2.0       
9.499     3.0       
9.739     4.0       
9.992     1.0       
10.25     2.0       
10.511    3.0       
10.773    4.0       
11.018    1.0       
11.279    2.0       
11.538    3.0       
11.785    4.0       
12.037    1.0       
12.288    2.0       
12.55     3.0       
12.784    4.0       
13.038    1.0       
13.294    2.0       
13.544    3.0       
13.775    4.0       
14.008    1.0       
14.238    2.0       
14.48     3.0       
14.736    4.0       
14.972    1.0       
15.22     2.0       
15.469    3.0       
15.724    4.0       
15.955    1.0       
16.197    2.0       
16.449    3.0       
16.686    4.0       
16.917    5.0       
17.158    1.0       
17.403    2.0       
17.637    3.0       
17.872    4.0       
18.113    5.0       
18.374    1.0       
18.623    2.0       
18.874    3.0       
19.127    4.0       
19.377    5.0       
19.637    1.0       
19.891    2.0       
20.148    3.0       
20.4      4.0       
20.662    5.0       
20.907    1.0       
21.168    2.0       
21.425    3.0       
21.665    4.0       
21.925    5.0       
22.177    1.0       
22.412    2.0       
22.672    3.0       
22.912    4.0       
23.142    5.0       
23.388    1.0       
23.645    2.0       
23.893    3.0       
24.136    4.0       
24.389    5.0       
24.633    1.0       
24.891    2.0       
25.134    3.0       
25.385    4.0       
25.646    5.0       
25.905    1.0       
26.147    2.0       
26.386    3.0       
26.642    4.0       
26.885    5.0       
27.146    1.0       
27.39     2.0       
27.648    3.0       
27.895    4.0       
28.15     5.0       
28.385    1.0       
28.625    2.0       
28.87     3.0       
29.11     4.0       
29.352    5.0       
29.596    1.0       
29.836    2.0       
30.081    3.0       
30.312    4.0       
30.546    5.0       
30.793    1.0       
31.047    2.0       
31.28     3.0       
31.516    4.0       
31.749    5.0       
32.011    1.0       
32.255    2.0       
32.515    3.0       
32.757    4.0       
33.016    5.0       
33.257    1.0       
33.497    2.0       
33.735    3.0       
33.968    4.0       
34.219    5.0       
34.474    1.0       
34.731    2.0       
34.971    3.0       
35.22     4.0       
35.453    5.0       
35.707    1.0       
35.957    2.0       
36.189    3.0       
36.445    4.0       
36.705    5.0       
36.948    1.0       
37.199    2.0       
37.449    3.0       
37.704    4.0       
37.945    5.0       
38.193    1.0       
38.431    2.0       
38.675    3.0       
38.906    4.0       
39.167    5.0       
39.429    1.0       
39.679    2.0       
39.918    3.0       
40.175    4.0       
40.432    5.0       
40.682    1.0       
40.938    2.0       
41.179    3.0       
41.438    4.0       
41.694    5.0       
41.951    1.0       
42.204    2.0       
42.455    3.0       
42.711    4.0       
42.964    5.0       
43.226    1.0       
43.479    2.0       
43.73     3.0       
43.98     4.0       
44.212    5.0       
44.447    1.0       
44.707    2.0       
44.955    3.0       
45.19     4.0       
45.441    5.0       
45.672    1.0       
45.929    2.0       
46.177    3.0       
46.409    4.0       
46.651    5.0       
46.893    1.0       
47.127    2.0       
47.386    3.0       
47.624    4.0       
47.877    5.0       
48.124    1.0       
48.378    2.0       
48.609    3.0       
48.858    4.0       
49.12     5.0       
49.381    1.0       
49.615    2.0       
49.853    3.0       
50.107    4.0       
50.338    5.0       
50.576    1.0       
50.838    2.0       
51.087    3.0       
51.318    4.0       
51.579    5.0       
51.822    1.0       
52.067    2.0       
52.306    3.0       
52.564    4.0       
52.805    5.0       
53.049    1.0       
53.302    2.0       
53.538    3.0       
53.789    4.0       
54.032    5.0       
54.291    1.0       
54.538    2.0       
54.768    3.0       
55.027    4.0       
55.262    5.0       
