0.298     1.0       
0.555     2.0       
0.819     3.0       
1.084     4.0       
1.362     1.0       
1.639     2.0       
1.907     3.0       
2.18      4.0       
2.459     1.0       
2.73      2.0       
2.989     3.0       
3.278     4.0       
3.567     1.0       
3.85      2.0       
4.113     3.0       
4.373     4.0       
4.637     1.0       
4.914     2.0       
5.186     3.0       
5.446     4.0       
5.714     1.0       
5.982     2.0       
6.259     3.0       
6.524     4.0       
6.802     1.0       
7.076     2.0       
7.36      3.0       
7.64      4.0       
7.913     1.0       
8.174     2.0       
8.433     3.0       
8.692     4.0       
8.96      1.0       
9.241     2.0       
9.529     3.0       
9.792     4.0       
10.071    1.0       
10.336    2.0       
10.601    3.0       
10.866    4.0       
11.13     1.0       
11.403    2.0       
11.688    3.0       
11.973    4.0       
12.257    1.0       
12.543    2.0       
12.821    3.0       
13.103    4.0       
13.384    1.0       
13.649    2.0       
13.918    3.0       
14.178    4.0       
14.441    1.0       
14.721    2.0       
15.004    3.0       
15.279    4.0       
15.544    1.0       
15.813    2.0       
16.08     3.0       
16.346    4.0       
16.625    1.0       
16.907    2.0       
17.195    3.0       
17.481    4.0       
17.766    1.0       
18.042    2.0       
18.329    3.0       
18.618    4.0       
18.902    5.0       
19.177    1.0       
19.439    2.0       
19.728    3.0       
20.009    4.0       
20.297    5.0       
20.56     1.0       
20.849    2.0       
21.128    3.0       
21.389    4.0       
21.646    5.0       
21.911    1.0       
22.195    2.0       
22.46     3.0       
22.721    4.0       
22.986    5.0       
23.258    1.0       
23.531    2.0       
23.79     3.0       
24.064    4.0       
24.339    5.0       
24.6      1.0       
24.866    2.0       
25.123    3.0       
25.411    4.0       
25.685    5.0       
25.971    1.0       
26.26     2.0       
26.524    3.0       
26.783    4.0       
27.051    5.0       
27.321    1.0       
27.591    2.0       
27.878    3.0       
28.143    4.0       
28.419    5.0       
28.703    1.0       
28.974    2.0       
29.255    3.0       
29.515    4.0       
29.775    5.0       
30.041    1.0       
30.304    2.0       
30.581    3.0       
30.862    4.0       
31.123    5.0       
31.408    1.0       
31.67     2.0       
31.937    3.0       
32.207    4.0       
32.488    5.0       
32.746    1.0       
33.031    2.0       
33.316    3.0       
33.584    4.0       
33.842    5.0       
