0.128     1.0       
0.427     2.0       
0.72      3.0       
1.028     4.0       
1.332     1.0       
1.623     2.0       
1.92      3.0       
2.229     4.0       
2.522     1.0       
2.832     2.0       
3.135     3.0       
3.437     4.0       
3.741     1.0       
4.037     2.0       
4.357     3.0       
4.661     4.0       
4.95      1.0       
5.242     2.0       
5.539     3.0       
5.835     4.0       
6.145     1.0       
6.464     2.0       
6.764     3.0       
7.072     4.0       
7.382     1.0       
7.674     2.0       
7.977     3.0       
8.293     4.0       
8.596     1.0       
8.89      2.0       
9.204     3.0       
9.514     4.0       
9.809     1.0       
10.127    2.0       
10.429    3.0       
10.74     4.0       
11.06     1.0       
11.375    2.0       
11.679    3.0       
11.998    4.0       
12.307    1.0       
12.604    2.0       
12.899    3.0       
13.208    4.0       
13.522    1.0       
13.818    2.0       
14.13     3.0       
14.42     4.0       
14.714    1.0       
15.021    2.0       
15.327    3.0       
15.628    4.0       
15.931    1.0       
16.226    2.0       
16.515    3.0       
16.828    4.0       
17.132    1.0       
17.439    2.0       
17.735    3.0       
18.038    4.0       
18.356    1.0       
18.67     2.0       
18.984    3.0       
19.292    4.0       
19.583    1.0       
19.874    2.0       
20.172    3.0       
20.468    4.0       
20.763    1.0       
21.076    2.0       
21.396    3.0       
21.704    4.0       
22.024    1.0       
22.332    2.0       
22.628    3.0       
22.926    4.0       
23.236    1.0       
23.547    2.0       
23.854    3.0       
24.149    4.0       
24.438    1.0       
24.756    2.0       
25.048    3.0       
25.357    4.0       
25.651    1.0       
25.949    2.0       
26.242    3.0       
26.54     4.0       
26.831    1.0       
27.129    2.0       
27.433    3.0       
27.722    4.0       
28.041    1.0       
28.332    2.0       
28.627    3.0       
28.936    4.0       
29.233    1.0       
29.544    2.0       
29.859    3.0       
30.172    4.0       
30.476    1.0       
30.778    2.0       
31.082    3.0       
31.395    4.0       
31.693    1.0       
31.989    2.0       
32.277    3.0       
32.568    4.0       
32.866    1.0       
33.161    2.0       
33.465    3.0       
33.764    4.0       
34.062    1.0       
34.371    2.0       
34.666    3.0       
34.954    4.0       
35.258    5.0       
35.568    1.0       
35.875    2.0       
36.176    3.0       
36.484    4.0       
36.795    5.0       
37.105    1.0       
37.411    2.0       
37.71     3.0       
38.004    4.0       
38.3      5.0       
38.597    1.0       
38.913    2.0       
39.205    3.0       
39.52     4.0       
39.816    5.0       
40.128    1.0       
40.438    2.0       
40.74     3.0       
41.03     4.0       
41.341    5.0       
41.66     1.0       
41.979    2.0       
42.284    3.0       
42.596    4.0       
42.905    5.0       
43.205    1.0       
43.516    2.0       
43.82     3.0       
44.132    4.0       
44.423    5.0       
44.714    1.0       
45.02     2.0       
45.314    3.0       
45.623    4.0       
45.921    5.0       
46.234    1.0       
46.554    2.0       
46.853    3.0       
47.142    4.0       
47.448    5.0       
47.766    1.0       
48.074    2.0       
48.389    3.0       
48.704    4.0       
49.014    5.0       
49.304    1.0       
49.62     2.0       
49.913    3.0       
50.231    4.0       
50.547    5.0       
50.84     1.0       
51.158    2.0       
51.467    3.0       
51.765    4.0       
52.082    5.0       
52.386    1.0       
52.704    2.0       
53.005    3.0       
53.312    4.0       
53.603    5.0       
53.914    1.0       
54.216    2.0       
54.505    3.0       
54.824    4.0       
55.125    5.0       
55.419    1.0       
55.735    2.0       
56.025    3.0       
56.318    4.0       
56.613    5.0       
56.917    1.0       
57.205    2.0       
57.512    3.0       
57.807    4.0       
58.122    5.0       
58.417    1.0       
58.72     2.0       
59.011    3.0       
59.321    4.0       
59.623    5.0       
59.935    1.0       
60.235    2.0       
60.531    3.0       
60.841    4.0       
61.151    5.0       
61.464    1.0       
61.779    2.0       
62.073    3.0       
62.377    4.0       
62.671    5.0       
62.968    1.0       
63.257    2.0       
63.569    3.0       
63.86     4.0       
64.15     5.0       
64.442    1.0       
64.753    2.0       
65.046    3.0       
65.346    4.0       
65.634    5.0       
65.944    1.0       
66.262    2.0       
66.57     3.0       
66.885    4.0       
67.181    5.0       
67.493    1.0       
67.793    2.0       
68.109    3.0       
68.398    4.0       
68.708    5.0       
69.028    1.0       
69.325    2.0       
69.631    3.0       
69.931    4.0       
70.224    5.0       
70.541    1.0       
70.829    2.0       
71.148    3.0       
71.468    4.0       
71.786    5.0       
72.088    1.0       
72.402    2.0       
72.718    3.0       
73.022    4.0       
73.311    5.0       
73.61     1.0       
73.913    2.0       
74.232    3.0       
74.53     4.0       
74.846    5.0       
75.138    1.0       
75.458    2.0       
75.748    3.0       
76.048    4.0       
76.337    5.0       
76.627    1.0       
76.932    2.0       
77.243    3.0       
77.56     4.0       
77.874    5.0       
78.172    1.0       
78.478    2.0       
78.774    3.0       
79.068    4.0       
79.37     5.0       
79.689    1.0       
80.002    2.0       
80.309    3.0       
80.623    4.0       
80.923    5.0       
81.216    1.0       
81.509    2.0       
81.817    3.0       
82.107    4.0       
82.402    5.0       
