0.198     1.0       
0.471     2.0       
0.739     3.0       
0.986     4.0       
1.256     1.0       
1.522     2.0       
1.769     3.0       
2.02      4.0       
2.291     1.0       
2.547     2.0       
2.808     3.0       
3.074     4.0       
3.353     1.0       
3.604     2.0       
3.858     3.0       
4.125     4.0       
4.378     1.0       
4.642     2.0       
4.893     3.0       
5.153     4.0       
5.411     1.0       
5.672     2.0       
5.946     3.0       
6.215     4.0       
6.471     1.0       
6.733     2.0       
7.012     3.0       
7.263     4.0       
7.52      1.0       
7.771     2.0       
8.029     3.0       
8.3       4.0       
8.569     1.0       
8.828     2.0       
9.092     3.0       
9.356     4.0       
9.634     1.0       
9.899     2.0       
10.148    3.0       
10.419    4.0       
10.669    1.0       
10.945    2.0       
11.198    3.0       
11.458    4.0       
11.732    1.0       
11.989    2.0       
12.265    3.0       
12.518    4.0       
12.775    1.0       
13.053    2.0       
13.306    3.0       
13.561    4.0       
13.827    1.0       
14.094    2.0       
14.347    3.0       
14.621    4.0       
14.887    1.0       
15.135    2.0       
15.385    3.0       
15.659    4.0       
15.92     1.0       
16.19     2.0       
16.45     3.0       
16.723    4.0       
16.992    1.0       
17.24     2.0       
17.5      3.0       
17.747    4.0       
18.024    1.0       
18.282    2.0       
18.542    3.0       
18.807    4.0       
19.079    1.0       
19.326    2.0       
19.585    3.0       
19.847    4.0       
20.094    1.0       
20.362    2.0       
20.615    3.0       
20.867    4.0       
21.134    1.0       
21.397    2.0       
21.674    3.0       
21.927    4.0       
22.177    5.0       
22.446    1.0       
22.707    2.0       
22.97     3.0       
23.241    4.0       
23.5      5.0       
23.763    1.0       
24.038    2.0       
24.304    3.0       
24.558    4.0       
24.806    5.0       
25.079    1.0       
25.329    2.0       
25.584    3.0       
25.863    4.0       
26.12     5.0       
26.383    1.0       
26.652    2.0       
26.915    3.0       
27.163    4.0       
27.418    5.0       
27.69     1.0       
27.938    2.0       
28.193    3.0       
28.469    4.0       
28.729    5.0       
28.998    1.0       
29.247    2.0       
29.526    3.0       
29.799    4.0       
30.077    5.0       
30.326    1.0       
30.577    2.0       
30.838    3.0       
31.098    4.0       
31.347    5.0       
31.623    1.0       
31.901    2.0       
32.157    3.0       
32.418    4.0       
32.669    5.0       
32.928    1.0       
33.203    2.0       
33.479    3.0       
33.746    4.0       
34.004    5.0       
34.251    1.0       
34.505    2.0       
34.759    3.0       
35.019    4.0       
35.289    5.0       
35.54     1.0       
35.789    2.0       
36.052    3.0       
36.324    4.0       
36.574    5.0       
36.836    1.0       
37.084    2.0       
37.348    3.0       
37.611    4.0       
37.869    5.0       
38.141    1.0       
38.398    2.0       
38.664    3.0       
38.912    4.0       
39.167    5.0       
39.443    1.0       
39.722    2.0       
39.989    3.0       
40.268    4.0       
40.534    5.0       
40.801    1.0       
41.076    2.0       
41.34     3.0       
41.6      4.0       
41.868    5.0       
42.13     1.0       
42.394    2.0       
42.654    3.0       
42.901    4.0       
43.171    5.0       
43.423    1.0       
43.701    2.0       
43.969    3.0       
44.225    4.0       
44.493    5.0       
44.755    1.0       
45.008    2.0       
45.255    3.0       
45.513    4.0       
45.792    5.0       
46.056    1.0       
46.331    2.0       
46.587    3.0       
46.838    4.0       
47.088    5.0       
47.351    1.0       
47.602    2.0       
47.858    3.0       
48.126    4.0       
48.398    5.0       
48.658    1.0       
48.905    2.0       
49.179    3.0       
49.432    4.0       
49.688    5.0       
49.936    1.0       
50.206    2.0       
50.469    3.0       
50.716    4.0       
50.988    5.0       
51.24     1.0       
51.5      2.0       
51.753    3.0       
52.021    4.0       
52.269    5.0       
