0.268     1.0       
0.574     2.0       
0.881     3.0       
1.183     4.0       
1.493     1.0       
1.796     2.0       
2.112     3.0       
2.408     4.0       
2.706     1.0       
3.002     2.0       
3.304     3.0       
3.619     4.0       
3.937     1.0       
4.24      2.0       
4.542     3.0       
4.83      4.0       
5.125     1.0       
5.44      2.0       
5.734     3.0       
6.031     4.0       
6.328     1.0       
6.63      2.0       
6.923     3.0       
7.24      4.0       
7.548     1.0       
7.854     2.0       
8.16      3.0       
8.473     4.0       
8.789     1.0       
9.107     2.0       
9.419     3.0       
9.733     4.0       
10.032    1.0       
10.342    2.0       
10.659    3.0       
10.961    4.0       
11.258    1.0       
11.565    2.0       
11.87     3.0       
12.167    4.0       
12.473    1.0       
12.778    2.0       
13.087    3.0       
13.4      4.0       
13.708    1.0       
14.026    2.0       
14.321    3.0       
14.615    4.0       
14.913    1.0       
15.214    2.0       
15.512    3.0       
15.799    4.0       
16.088    1.0       
16.382    2.0       
16.688    3.0       
16.996    4.0       
17.296    1.0       
17.595    2.0       
17.881    3.0       
18.18     4.0       
18.491    1.0       
18.809    2.0       
19.11     3.0       
19.424    4.0       
19.712    1.0       
20.006    2.0       
20.305    3.0       
20.592    4.0       
20.89     1.0       
21.196    2.0       
21.513    3.0       
21.822    4.0       
22.114    1.0       
22.429    2.0       
22.721    3.0       
23.014    4.0       
23.33     1.0       
23.646    2.0       
23.944    3.0       
24.247    4.0       
24.547    1.0       
24.856    2.0       
25.147    3.0       
25.436    4.0       
25.749    1.0       
26.048    2.0       
26.343    3.0       
26.658    4.0       
26.976    1.0       
27.266    2.0       
27.582    3.0       
27.887    4.0       
28.178    1.0       
28.493    2.0       
28.793    3.0       
29.107    4.0       
29.396    1.0       
29.694    2.0       
29.982    3.0       
30.287    4.0       
30.583    1.0       
30.87     2.0       
31.159    3.0       
31.455    4.0       
31.773    1.0       
32.086    2.0       
32.39     3.0       
32.697    4.0       
32.987    1.0       
33.278    2.0       
33.583    3.0       
33.88     4.0       
34.191    1.0       
34.508    2.0       
34.805    3.0       
35.116    4.0       
35.411    1.0       
35.711    2.0       
36.027    3.0       
36.324    4.0       
36.642    1.0       
36.943    2.0       
37.242    3.0       
37.545    4.0       
37.837    1.0       
38.153    2.0       
38.47     3.0       
38.783    4.0       
39.083    1.0       
39.386    2.0       
39.685    3.0       
39.978    4.0       
40.284    5.0       
40.594    1.0       
40.906    2.0       
41.199    3.0       
41.497    4.0       
41.791    5.0       
42.108    1.0       
42.425    2.0       
42.735    3.0       
43.035    4.0       
43.335    5.0       
43.648    1.0       
43.947    2.0       
44.247    3.0       
44.554    4.0       
44.847    5.0       
45.159    1.0       
45.465    2.0       
45.763    3.0       
46.057    4.0       
46.363    5.0       
46.676    1.0       
46.973    2.0       
47.284    3.0       
47.587    4.0       
47.877    5.0       
48.188    1.0       
48.492    2.0       
48.781    3.0       
49.085    4.0       
49.38     5.0       
49.668    1.0       
49.954    2.0       
50.269    3.0       
50.561    4.0       
50.865    5.0       
51.174    1.0       
51.461    2.0       
51.776    3.0       
52.063    4.0       
52.368    5.0       
52.68     1.0       
52.989    2.0       
53.277    3.0       
53.581    4.0       
53.868    5.0       
54.182    1.0       
54.486    2.0       
54.796    3.0       
55.085    4.0       
55.378    5.0       
55.671    1.0       
55.981    2.0       
56.287    3.0       
56.6      4.0       
56.9      5.0       
57.207    1.0       
57.514    2.0       
57.812    3.0       
58.12     4.0       
58.436    5.0       
58.749    1.0       
59.066    2.0       
59.38     3.0       
59.689    4.0       
59.994    5.0       
60.288    1.0       
60.593    2.0       
60.9      3.0       
61.188    4.0       
61.506    5.0       
61.816    1.0       
62.114    2.0       
62.419    3.0       
62.713    4.0       
63.008    5.0       
