0.115     1.0       
0.444     2.0       
0.749     3.0       
1.062     4.0       
1.373     1.0       
1.697     2.0       
2.003     3.0       
2.315     4.0       
2.628     1.0       
2.956     2.0       
3.27      3.0       
3.592     4.0       
3.928     1.0       
4.256     2.0       
4.581     3.0       
4.918     4.0       
5.231     1.0       
5.565     2.0       
5.874     3.0       
6.204     4.0       
6.512     1.0       
6.83      2.0       
7.154     3.0       
7.485     4.0       
7.817     1.0       
8.125     2.0       
8.458     3.0       
8.775     4.0       
9.087     1.0       
9.416     2.0       
9.731     3.0       
10.055    4.0       
10.383    1.0       
10.718    2.0       
11.026    3.0       
11.354    4.0       
11.68     1.0       
11.991    2.0       
12.316    3.0       
12.634    4.0       
12.961    1.0       
13.278    2.0       
13.59     3.0       
13.926    4.0       
14.246    1.0       
14.58     2.0       
14.896    3.0       
15.202    4.0       
15.513    1.0       
15.84     2.0       
16.152    3.0       
16.461    4.0       
16.777    1.0       
17.104    2.0       
17.414    3.0       
17.742    4.0       
18.054    1.0       
18.367    2.0       
18.689    3.0       
19.026    4.0       
19.363    1.0       
19.67     2.0       
20.007    3.0       
20.34     4.0       
20.673    1.0       
21.004    2.0       
21.327    3.0       
21.661    4.0       
21.982    1.0       
22.303    2.0       
22.621    3.0       
22.945    4.0       
23.268    1.0       
23.587    2.0       
23.907    3.0       
24.233    4.0       
24.564    1.0       
24.896    2.0       
25.222    3.0       
25.558    4.0       
25.884    1.0       
26.219    2.0       
26.546    3.0       
26.857    4.0       
27.168    1.0       
27.477    2.0       
27.81     3.0       
28.147    4.0       
28.47     1.0       
28.787    2.0       
29.092    3.0       
29.405    4.0       
29.737    1.0       
30.064    2.0       
30.392    3.0       
30.704    4.0       
31.03     1.0       
31.367    2.0       
31.683    3.0       
32.006    4.0       
32.328    5.0       
32.654    1.0       
32.968    2.0       
33.288    3.0       
33.608    4.0       
33.931    5.0       
34.262    1.0       
34.57     2.0       
34.876    3.0       
35.198    4.0       
35.514    5.0       
35.846    1.0       
36.156    2.0       
36.484    3.0       
36.811    4.0       
37.132    5.0       
37.437    1.0       
37.746    2.0       
38.062    3.0       
38.38     4.0       
38.696    5.0       
39.008    1.0       
39.334    2.0       
39.655    3.0       
39.974    4.0       
40.308    5.0       
40.645    1.0       
40.982    2.0       
41.295    3.0       
41.617    4.0       
41.932    5.0       
42.24     1.0       
42.55     2.0       
42.879    3.0       
43.187    4.0       
43.497    5.0       
43.829    1.0       
44.135    2.0       
44.448    3.0       
44.77     4.0       
45.101    5.0       
45.431    1.0       
45.753    2.0       
46.06     3.0       
46.38     4.0       
46.7      5.0       
47.018    1.0       
47.33     2.0       
47.654    3.0       
47.981    4.0       
48.292    5.0       
48.607    1.0       
48.944    2.0       
49.256    3.0       
49.585    4.0       
49.914    5.0       
50.248    1.0       
50.567    2.0       
50.904    3.0       
51.23     4.0       
51.54     5.0       
51.851    1.0       
52.173    2.0       
52.5      3.0       
52.827    4.0       
53.159    5.0       
53.467    1.0       
53.795    2.0       
54.115    3.0       
54.451    4.0       
54.778    5.0       
55.112    1.0       
55.436    2.0       
55.761    3.0       
56.076    4.0       
56.394    5.0       
56.721    1.0       
57.055    2.0       
57.385    3.0       
57.72     4.0       
58.051    5.0       
58.377    1.0       
58.713    2.0       
59.043    3.0       
59.351    4.0       
59.664    5.0       
60.0      1.0       
60.322    2.0       
60.649    3.0       
60.984    4.0       
61.304    5.0       
61.613    1.0       
61.931    2.0       
62.267    3.0       
62.573    4.0       
62.887    5.0       
63.224    1.0       
63.529    2.0       
63.852    3.0       
64.183    4.0       
64.488    5.0       
64.818    1.0       
65.149    2.0       
65.478    3.0       
65.809    4.0       
66.131    5.0       
66.459    1.0       
66.772    2.0       
67.084    3.0       
67.41     4.0       
67.744    5.0       
68.072    1.0       
68.393    2.0       
68.729    3.0       
69.041    4.0       
69.374    5.0       
69.706    1.0       
70.016    2.0       
70.347    3.0       
70.652    4.0       
70.98     5.0       
71.307    1.0       
71.632    2.0       
71.961    3.0       
72.288    4.0       
72.6      5.0       
72.924    1.0       
73.249    2.0       
73.555    3.0       
73.891    4.0       
74.208    5.0       
74.544    1.0       
74.878    2.0       
75.209    3.0       
75.534    4.0       
75.86     5.0       
