0.104     1.0       
0.292     2.0       
0.495     3.0       
0.697     4.0       
0.886     1.0       
1.082     2.0       
1.281     3.0       
1.476     4.0       
1.677     1.0       
1.893     2.0       
2.109     3.0       
2.304     4.0       
2.52      1.0       
2.724     2.0       
2.934     3.0       
3.148     4.0       
3.362     1.0       
3.569     2.0       
3.77      3.0       
3.971     4.0       
4.185     1.0       
4.387     2.0       
4.599     3.0       
4.789     4.0       
4.989     1.0       
5.197     2.0       
5.408     3.0       
5.615     4.0       
5.819     1.0       
6.034     2.0       
6.227     3.0       
6.424     4.0       
6.64      1.0       
6.853     2.0       
7.062     3.0       
7.27      4.0       
7.483     1.0       
7.691     2.0       
7.894     3.0       
8.086     4.0       
8.299     1.0       
8.489     2.0       
8.698     3.0       
8.911     4.0       
9.102     1.0       
9.293     2.0       
9.484     3.0       
9.695     4.0       
9.893     1.0       
10.089    2.0       
10.292    3.0       
10.496    4.0       
10.69     1.0       
10.88     2.0       
11.083    3.0       
11.278    4.0       
11.471    1.0       
11.685    2.0       
11.894    3.0       
12.099    4.0       
12.303    1.0       
12.49     2.0       
12.703    3.0       
12.917    4.0       
13.122    1.0       
13.315    2.0       
13.509    3.0       
13.695    4.0       
13.885    1.0       
14.078    2.0       
14.284    3.0       
14.484    4.0       
14.691    1.0       
14.877    2.0       
15.069    3.0       
15.256    4.0       
15.44     1.0       
15.624    2.0       
15.831    3.0       
16.031    4.0       
16.238    1.0       
16.449    2.0       
16.634    3.0       
16.849    4.0       
17.058    1.0       
17.257    2.0       
17.47     3.0       
17.685    4.0       
17.874    1.0       
18.072    2.0       
18.282    3.0       
18.494    4.0       
18.692    1.0       
18.882    2.0       
19.069    3.0       
19.282    4.0       
19.477    1.0       
19.672    2.0       
19.857    3.0       
20.054    4.0       
20.26     1.0       
20.464    2.0       
20.663    3.0       
20.854    4.0       
21.042    1.0       
21.254    2.0       
21.456    3.0       
21.656    4.0       
21.854    1.0       
22.055    2.0       
22.263    3.0       
22.458    4.0       
22.666    1.0       
22.88     2.0       
23.068    3.0       
23.283    4.0       
23.488    1.0       
23.673    2.0       
23.882    3.0       
24.098    4.0       
24.283    1.0       
24.495    2.0       
24.7      3.0       
24.893    4.0       
25.1      1.0       
25.293    2.0       
25.5      3.0       
25.716    4.0       
25.932    1.0       
26.14     2.0       
26.333    3.0       
26.53     4.0       
26.716    5.0       
26.903    1.0       
27.116    2.0       
27.331    3.0       
27.536    4.0       
27.731    5.0       
27.933    1.0       
28.137    2.0       
28.343    3.0       
28.542    4.0       
28.734    5.0       
28.923    1.0       
29.136    2.0       
29.331    3.0       
29.52     4.0       
29.704    5.0       
29.918    1.0       
30.108    2.0       
30.324    3.0       
30.526    4.0       
30.726    5.0       
30.926    1.0       
31.141    2.0       
31.352    3.0       
31.539    4.0       
31.733    5.0       
31.923    1.0       
32.111    2.0       
32.317    3.0       
32.526    4.0       
32.731    5.0       
32.945    1.0       
33.146    2.0       
33.345    3.0       
33.546    4.0       
33.761    5.0       
33.946    1.0       
34.136    2.0       
34.333    3.0       
34.532    4.0       
34.737    5.0       
34.95     1.0       
35.148    2.0       
35.364    3.0       
35.558    4.0       
35.751    5.0       
35.959    1.0       
36.161    2.0       
36.365    3.0       
36.568    4.0       
36.761    5.0       
36.963    1.0       
37.174    2.0       
37.362    3.0       
37.569    4.0       
37.758    5.0       
37.974    1.0       
38.189    2.0       
38.377    3.0       
38.569    4.0       
38.762    5.0       
38.974    1.0       
39.165    2.0       
39.356    3.0       
39.544    4.0       
39.736    5.0       
39.943    1.0       
40.127    2.0       
40.319    3.0       
40.51     4.0       
40.701    5.0       
40.891    1.0       
41.087    2.0       
41.278    3.0       
41.47     4.0       
41.658    5.0       
