0.1       1.0       
0.45      2.0       
0.783     3.0       
1.128     4.0       
1.478     1.0       
1.811     2.0       
2.156     3.0       
2.509     4.0       
2.847     1.0       
3.186     2.0       
3.525     3.0       
3.86      4.0       
4.208     1.0       
4.549     2.0       
4.896     3.0       
5.229     4.0       
5.578     1.0       
5.916     2.0       
6.238     3.0       
6.568     4.0       
6.891     1.0       
7.231     2.0       
7.556     3.0       
7.901     4.0       
8.245     1.0       
8.575     2.0       
8.909     3.0       
9.231     4.0       
9.572     1.0       
9.893     2.0       
10.242    3.0       
10.572    4.0       
10.897    1.0       
11.235    2.0       
11.585    3.0       
11.924    4.0       
12.266    5.0       
12.602    1.0       
12.925    2.0       
13.249    3.0       
13.592    4.0       
13.94     5.0       
14.263    1.0       
14.613    2.0       
14.949    3.0       
15.3      4.0       
15.648    5.0       
15.984    1.0       
16.316    2.0       
16.642    3.0       
16.984    4.0       
17.33     5.0       
17.675    1.0       
18.009    2.0       
18.342    3.0       
18.688    4.0       
19.037    5.0       
19.384    1.0       
19.708    2.0       
20.061    3.0       
20.391    4.0       
20.726    5.0       
21.069    1.0       
21.413    2.0       
21.76     3.0       
22.101    4.0       
22.426    5.0       
22.754    1.0       
23.1      2.0       
23.439    3.0       
23.789    4.0       
24.141    5.0       
24.493    1.0       
24.832    2.0       
25.162    3.0       
25.501    4.0       
25.847    5.0       
26.194    1.0       
26.538    2.0       
26.872    3.0       
27.225    4.0       
27.571    5.0       
27.918    1.0       
28.25     2.0       
28.584    3.0       
28.92     4.0       
29.255    5.0       
29.586    1.0       
29.934    2.0       
30.276    3.0       
30.623    4.0       
30.961    5.0       
31.285    1.0       
31.634    2.0       
31.975    3.0       
32.32     4.0       
32.666    5.0       
32.993    1.0       
33.314    2.0       
33.651    3.0       
33.994    4.0       
34.339    5.0       
34.664    1.0       
35.014    2.0       
35.35     3.0       
35.676    4.0       
36.004    5.0       
36.335    1.0       
36.675    2.0       
37.003    3.0       
37.332    4.0       
37.66     5.0       
