0.191     1.0       
0.405     2.0       
0.599     3.0       
0.801     4.0       
1.008     1.0       
1.213     2.0       
1.415     3.0       
1.627     4.0       
1.837     1.0       
2.02      2.0       
2.214     3.0       
2.413     4.0       
2.604     1.0       
2.797     2.0       
3.006     3.0       
3.212     4.0       
3.395     1.0       
3.582     2.0       
3.781     3.0       
3.99      4.0       
4.194     1.0       
4.405     2.0       
4.609     3.0       
4.802     4.0       
5.002     1.0       
5.204     2.0       
5.417     3.0       
5.615     4.0       
5.822     1.0       
6.02      2.0       
6.218     3.0       
6.43      4.0       
6.614     1.0       
6.826     2.0       
7.037     3.0       
7.233     4.0       
7.443     1.0       
7.644     2.0       
7.828     3.0       
8.036     4.0       
8.239     1.0       
8.424     2.0       
8.618     3.0       
8.8       4.0       
9.006     1.0       
9.216     2.0       
9.404     3.0       
9.613     4.0       
9.817     1.0       
9.999     2.0       
10.21     3.0       
10.397    4.0       
10.588    5.0       
10.789    1.0       
11.0      2.0       
11.21     3.0       
11.394    4.0       
11.587    5.0       
11.794    1.0       
12.004    2.0       
12.207    3.0       
12.42     4.0       
12.605    5.0       
12.799    1.0       
12.999    2.0       
13.202    3.0       
13.387    4.0       
13.594    5.0       
13.791    1.0       
14.001    2.0       
14.212    3.0       
14.422    4.0       
14.622    5.0       
14.822    1.0       
15.029    2.0       
15.232    3.0       
15.435    4.0       
15.645    5.0       
15.843    1.0       
16.036    2.0       
16.25     3.0       
16.441    4.0       
16.623    5.0       
16.831    1.0       
17.014    2.0       
17.211    3.0       
17.409    4.0       
17.611    5.0       
17.808    1.0       
18.016    2.0       
18.209    3.0       
18.395    4.0       
18.582    5.0       
18.791    1.0       
18.994    2.0       
19.19     3.0       
19.396    4.0       
19.59     5.0       
19.781    1.0       
19.984    2.0       
20.189    3.0       
20.391    4.0       
20.585    5.0       
20.793    1.0       
21.004    2.0       
21.203    3.0       
21.406    4.0       
21.589    5.0       
21.788    1.0       
21.971    2.0       
22.161    3.0       
22.36     4.0       
22.574    5.0       
22.772    1.0       
22.954    2.0       
23.162    3.0       
23.344    4.0       
23.528    5.0       
23.723    1.0       
23.927    2.0       
24.137    3.0       
24.335    4.0       
24.544    5.0       
24.755    1.0       
24.961    2.0       
25.149    3.0       
25.335    4.0       
25.526    5.0       
25.722    1.0       
25.93     2.0       
26.114    3.0       
26.298    4.0       
26.508    5.0       
26.709    1.0       
26.922    2.0       
27.114    3.0       
27.311    4.0       
27.512    5.0       
27.719    1.0       
27.931    2.0       
28.117    3.0       
28.325    4.0       
28.531    5.0       
28.717    1.0       
28.918    2.0       
29.104    3.0       
29.288    4.0       
29.474    5.0       
29.673    1.0       
29.866    2.0       
30.056    3.0       
30.246    4.0       
30.444    5.0       
30.655    1.0       
30.86     2.0       
31.052    3.0       
31.235    4.0       
31.434    5.0       
31.643    1.0       
31.838    2.0       
32.045    3.0       
32.24     4.0       
32.432    5.0       
32.642    1.0       
32.837    2.0       
33.038    3.0       
33.232    4.0       
33.42     5.0       
