0.189     1.0       
0.398     2.0       
0.609     3.0       
0.823     4.0       
1.014     1.0       
1.233     2.0       
1.43      3.0       
1.64      4.0       
1.855     1.0       
2.046     2.0       
2.247     3.0       
2.446     4.0       
2.658     1.0       
2.876     2.0       
3.075     3.0       
3.27      4.0       
3.466     1.0       
3.667     2.0       
3.886     3.0       
4.103     4.0       
4.325     1.0       
4.517     2.0       
4.708     3.0       
4.922     4.0       
5.127     1.0       
5.35      2.0       
5.554     3.0       
5.756     4.0       
5.967     1.0       
6.171     2.0       
6.393     3.0       
6.61      4.0       
6.811     1.0       
7.011     2.0       
7.214     3.0       
7.429     4.0       
7.633     5.0       
7.849     1.0       
8.062     2.0       
8.267     3.0       
8.464     4.0       
8.656     5.0       
8.878     1.0       
9.097     2.0       
9.312     3.0       
9.534     4.0       
9.74      5.0       
9.959     1.0       
10.155    2.0       
10.35     3.0       
10.551    4.0       
10.769    5.0       
10.981    1.0       
11.188    2.0       
11.395    3.0       
11.595    4.0       
11.796    5.0       
12.014    1.0       
12.207    2.0       
12.414    3.0       
12.633    4.0       
12.85     5.0       
13.064    1.0       
13.255    2.0       
13.458    3.0       
13.68     4.0       
13.883    5.0       
14.101    1.0       
14.294    2.0       
14.502    3.0       
14.723    4.0       
14.928    5.0       
15.141    1.0       
15.334    2.0       
15.529    3.0       
15.732    4.0       
15.928    5.0       
16.127    1.0       
16.326    2.0       
16.542    3.0       
16.764    4.0       
16.956    5.0       
17.166    1.0       
17.357    2.0       
17.555    3.0       
17.763    4.0       
17.975    5.0       
18.196    1.0       
18.412    2.0       
18.626    3.0       
18.827    4.0       
19.036    5.0       
19.24     1.0       
19.462    2.0       
19.659    3.0       
19.857    4.0       
20.06     5.0       
20.252    1.0       
20.446    2.0       
20.637    3.0       
20.839    4.0       
21.031    5.0       
21.25     1.0       
21.46     2.0       
21.651    3.0       
21.857    4.0       
22.069    5.0       
22.292    1.0       
22.513    2.0       
22.704    3.0       
22.904    4.0       
23.101    5.0       
23.313    1.0       
23.531    2.0       
23.723    3.0       
23.93     4.0       
24.129    5.0       
24.352    1.0       
24.543    2.0       
24.752    3.0       
24.969    4.0       
25.165    5.0       
25.374    1.0       
25.577    2.0       
25.787    3.0       
25.998    4.0       
26.206    5.0       
26.42     1.0       
26.629    2.0       
26.834    3.0       
27.048    4.0       
27.255    5.0       
27.458    1.0       
27.657    2.0       
27.871    3.0       
28.081    4.0       
28.283    5.0       
28.495    1.0       
28.692    2.0       
28.887    3.0       
29.08     4.0       
29.292    5.0       
29.51     1.0       
29.733    2.0       
29.944    3.0       
30.164    4.0       
30.36     5.0       
30.579    1.0       
30.79     2.0       
31.003    3.0       
31.217    4.0       
31.417    5.0       
31.636    1.0       
31.845    2.0       
32.044    3.0       
32.255    4.0       
32.462    5.0       
32.675    1.0       
32.868    2.0       
33.073    3.0       
33.293    4.0       
33.501    5.0       
33.709    1.0       
33.909    2.0       
34.107    3.0       
34.312    4.0       
34.507    5.0       
34.727    1.0       
34.923    2.0       
35.135    3.0       
35.343    4.0       
35.564    5.0       
35.764    1.0       
35.974    2.0       
36.172    3.0       
36.364    4.0       
36.569    5.0       
36.783    1.0       
36.974    2.0       
37.188    3.0       
37.385    4.0       
37.595    5.0       
37.798    1.0       
37.996    2.0       
38.206    3.0       
38.411    4.0       
38.612    5.0       
38.806    1.0       
39.018    2.0       
39.232    3.0       
39.446    4.0       
39.651    5.0       
