0.101     1.0       
0.355     2.0       
0.614     3.0       
0.862     4.0       
1.099     1.0       
1.34      2.0       
1.595     3.0       
1.843     4.0       
2.091     1.0       
2.352     2.0       
2.591     3.0       
2.848     4.0       
3.107     1.0       
3.345     2.0       
3.593     3.0       
3.839     4.0       
4.098     1.0       
4.35      2.0       
4.597     3.0       
4.836     4.0       
5.091     1.0       
5.325     2.0       
5.579     3.0       
5.838     4.0       
6.096     1.0       
6.329     2.0       
6.574     3.0       
6.819     4.0       
7.062     1.0       
7.314     2.0       
7.558     3.0       
7.798     4.0       
8.03      1.0       
8.277     2.0       
8.522     3.0       
8.78      4.0       
9.027     1.0       
9.275     2.0       
9.532     3.0       
9.766     4.0       
10.01     1.0       
10.258    2.0       
10.499    3.0       
10.751    4.0       
11.013    1.0       
11.271    2.0       
11.526    3.0       
11.77     4.0       
12.019    1.0       
12.256    2.0       
12.492    3.0       
12.723    4.0       
12.965    1.0       
13.208    2.0       
13.451    3.0       
13.708    4.0       
13.954    1.0       
14.189    2.0       
14.436    3.0       
14.678    4.0       
14.94     1.0       
15.193    2.0       
15.439    3.0       
15.682    4.0       
15.932    1.0       
16.169    2.0       
16.422    3.0       
16.659    4.0       
16.918    1.0       
17.148    2.0       
17.383    3.0       
17.64     4.0       
17.893    1.0       
18.131    2.0       
18.366    3.0       
18.611    4.0       
18.87     1.0       
19.117    2.0       
19.352    3.0       
19.592    4.0       
19.848    1.0       
20.101    2.0       
20.336    3.0       
20.582    4.0       
20.823    1.0       
21.084    2.0       
21.328    3.0       
21.569    4.0       
21.831    1.0       
22.069    2.0       
22.305    3.0       
22.54     4.0       
22.785    1.0       
23.035    2.0       
23.285    3.0       
23.526    4.0       
23.766    1.0       
24.02     2.0       
24.255    3.0       
24.512    4.0       
24.771    1.0       
25.033    2.0       
25.286    3.0       
25.546    4.0       
25.8      1.0       
26.056    2.0       
26.311    3.0       
26.57     4.0       
26.807    1.0       
27.061    2.0       
27.309    3.0       
27.565    4.0       
27.822    1.0       
28.067    2.0       
28.311    3.0       
28.551    4.0       
28.807    1.0       
29.06     2.0       
29.295    3.0       
29.534    4.0       
29.781    1.0       
30.026    2.0       
30.288    3.0       
30.529    4.0       
30.77     1.0       
31.014    2.0       
31.256    3.0       
31.501    4.0       
31.754    1.0       
31.997    2.0       
32.24     3.0       
32.471    4.0       
32.715    5.0       
32.955    1.0       
33.191    2.0       
33.443    3.0       
33.699    4.0       
33.953    5.0       
34.195    1.0       
34.448    2.0       
34.702    3.0       
34.948    4.0       
35.197    5.0       
35.455    1.0       
35.703    2.0       
35.948    3.0       
36.206    4.0       
36.455    5.0       
36.686    1.0       
36.944    2.0       
37.18     3.0       
37.413    4.0       
37.657    5.0       
37.906    1.0       
38.143    2.0       
38.402    3.0       
38.658    4.0       
38.89     5.0       
39.152    1.0       
39.392    2.0       
39.64     3.0       
39.878    4.0       
40.108    5.0       
40.36     1.0       
40.604    2.0       
40.866    3.0       
41.096    4.0       
41.331    5.0       
41.585    1.0       
41.842    2.0       
42.097    3.0       
42.33     4.0       
42.592    5.0       
42.841    1.0       
43.081    2.0       
43.323    3.0       
43.562    4.0       
43.818    5.0       
44.075    1.0       
44.323    2.0       
44.567    3.0       
44.826    4.0       
45.067    5.0       
45.308    1.0       
45.55     2.0       
45.812    3.0       
46.047    4.0       
46.297    5.0       
46.549    1.0       
46.811    2.0       
47.058    3.0       
47.304    4.0       
47.562    5.0       
47.806    1.0       
48.045    2.0       
48.286    3.0       
48.527    4.0       
48.766    5.0       
49.018    1.0       
49.264    2.0       
49.523    3.0       
49.758    4.0       
50.004    5.0       
50.254    1.0       
50.485    2.0       
50.744    3.0       
50.974    4.0       
51.224    5.0       
51.476    1.0       
51.717    2.0       
51.978    3.0       
52.218    4.0       
52.48     5.0       
52.726    1.0       
52.971    2.0       
53.207    3.0       
53.469    4.0       
53.731    5.0       
53.963    1.0       
54.219    2.0       
54.468    3.0       
54.702    4.0       
54.957    5.0       
55.192    1.0       
55.441    2.0       
55.682    3.0       
55.913    4.0       
56.165    5.0       
56.411    1.0       
56.663    2.0       
56.893    3.0       
57.134    4.0       
57.378    5.0       
57.636    1.0       
57.868    2.0       
58.13     3.0       
58.377    4.0       
58.617    5.0       
58.85     1.0       
59.109    2.0       
59.357    3.0       
59.593    4.0       
59.825    5.0       
60.057    1.0       
60.291    2.0       
60.537    3.0       
60.782    4.0       
61.019    5.0       
61.259    1.0       
61.509    2.0       
61.759    3.0       
62.003    4.0       
62.256    5.0       
62.49     1.0       
62.741    2.0       
62.979    3.0       
63.221    4.0       
63.464    5.0       
63.712    1.0       
63.959    2.0       
64.203    3.0       
64.464    4.0       
64.695    5.0       
64.95     1.0       
65.207    2.0       
65.464    3.0       
65.709    4.0       
65.961    5.0       
