0.258     1.0       
0.495     2.0       
0.71      3.0       
0.937     4.0       
1.153     1.0       
1.362     2.0       
1.598     3.0       
1.809     4.0       
2.042     1.0       
2.268     2.0       
2.497     3.0       
2.731     4.0       
2.948     1.0       
3.178     2.0       
3.409     3.0       
3.616     4.0       
3.847     1.0       
4.059     2.0       
4.281     3.0       
4.519     4.0       
4.751     1.0       
4.979     2.0       
5.205     3.0       
5.433     4.0       
5.662     1.0       
5.891     2.0       
6.122     3.0       
6.356     4.0       
6.577     1.0       
6.804     2.0       
7.042     3.0       
7.262     4.0       
7.495     1.0       
7.717     2.0       
7.951     3.0       
8.183     4.0       
8.392     1.0       
8.616     2.0       
8.851     3.0       
9.057     4.0       
9.281     1.0       
9.508     2.0       
9.72      3.0       
9.93      4.0       
10.162    1.0       
10.374    2.0       
10.601    3.0       
10.835    4.0       
11.072    1.0       
11.305    2.0       
11.517    3.0       
11.738    4.0       
11.95     1.0       
12.166    2.0       
12.374    3.0       
12.583    4.0       
12.803    1.0       
13.019    2.0       
13.255    3.0       
13.472    4.0       
13.695    1.0       
13.933    2.0       
14.16     3.0       
14.374    4.0       
14.603    1.0       
14.814    2.0       
15.024    3.0       
15.251    4.0       
15.473    1.0       
15.698    2.0       
15.924    3.0       
16.14     4.0       
16.368    1.0       
16.59     2.0       
16.82     3.0       
17.027    4.0       
17.257    1.0       
17.476    2.0       
17.689    3.0       
17.911    4.0       
18.146    1.0       
18.366    2.0       
18.584    3.0       
18.801    4.0       
19.039    1.0       
19.246    2.0       
19.471    3.0       
19.7      4.0       
19.924    1.0       
20.157    2.0       
20.382    3.0       
20.619    4.0       
20.825    1.0       
21.04     2.0       
21.269    3.0       
21.501    4.0       
21.724    1.0       
21.93     2.0       
22.141    3.0       
22.367    4.0       
22.579    5.0       
22.803    1.0       
23.027    2.0       
23.263    3.0       
23.476    4.0       
23.691    5.0       
23.927    1.0       
24.147    2.0       
24.355    3.0       
24.593    4.0       
24.828    5.0       
25.065    1.0       
25.289    2.0       
25.515    3.0       
25.729    4.0       
25.949    5.0       
26.171    1.0       
26.383    2.0       
26.594    3.0       
26.828    4.0       
27.054    5.0       
27.262    1.0       
27.487    2.0       
27.707    3.0       
27.928    4.0       
28.162    5.0       
28.394    1.0       
28.616    2.0       
28.835    3.0       
29.068    4.0       
29.294    5.0       
29.507    1.0       
29.728    2.0       
29.963    3.0       
30.2      4.0       
30.415    5.0       
30.646    1.0       
30.868    2.0       
31.084    3.0       
31.312    4.0       
31.53     5.0       
31.763    1.0       
31.992    2.0       
32.211    3.0       
32.431    4.0       
32.66     5.0       
32.882    1.0       
33.109    2.0       
33.339    3.0       
33.549    4.0       
33.762    5.0       
33.981    1.0       
34.215    2.0       
34.45     3.0       
34.68     4.0       
34.907    5.0       
35.123    1.0       
35.349    2.0       
35.571    3.0       
35.787    4.0       
36.012    5.0       
36.222    1.0       
36.431    2.0       
36.65     3.0       
36.862    4.0       
37.075    5.0       
37.295    1.0       
37.527    2.0       
37.764    3.0       
37.973    4.0       
38.179    5.0       
38.39     1.0       
38.616    2.0       
38.823    3.0       
39.057    4.0       
39.267    5.0       
39.505    1.0       
39.711    2.0       
39.933    3.0       
40.143    4.0       
40.351    5.0       
40.58     1.0       
40.808    2.0       
41.023    3.0       
41.239    4.0       
41.456    5.0       
41.688    1.0       
41.897    2.0       
42.109    3.0       
42.332    4.0       
42.553    5.0       
42.774    1.0       
42.98     2.0       
43.206    3.0       
43.423    4.0       
43.637    5.0       
43.87     1.0       
44.076    2.0       
44.298    3.0       
44.504    4.0       
44.729    5.0       
44.959    1.0       
45.166    2.0       
45.397    3.0       
45.613    4.0       
45.829    5.0       
46.055    1.0       
46.283    2.0       
46.5      3.0       
46.718    4.0       
46.951    5.0       
47.186    1.0       
47.412    2.0       
47.644    3.0       
47.88     4.0       
48.109    5.0       
