0.196     1.0       
0.519     2.0       
0.854     3.0       
1.185     4.0       
1.519     1.0       
1.851     2.0       
2.176     3.0       
2.513     4.0       
2.847     1.0       
3.182     2.0       
3.505     3.0       
3.812     4.0       
4.145     1.0       
4.474     2.0       
4.806     3.0       
5.115     4.0       
5.451     1.0       
5.779     2.0       
6.094     3.0       
6.428     4.0       
6.74      1.0       
7.064     2.0       
7.37      3.0       
7.697     4.0       
8.022     1.0       
8.344     2.0       
8.681     3.0       
9.015     4.0       
9.33      1.0       
9.656     2.0       
9.981     3.0       
10.302    4.0       
10.619    1.0       
10.928    2.0       
11.261    3.0       
11.594    4.0       
11.907    1.0       
12.228    2.0       
12.535    3.0       
12.851    4.0       
13.189    1.0       
13.502    2.0       
13.812    3.0       
14.149    4.0       
14.459    1.0       
14.78     2.0       
15.115    3.0       
15.437    4.0       
15.763    1.0       
16.092    2.0       
16.426    3.0       
16.744    4.0       
17.058    1.0       
17.38     2.0       
17.691    3.0       
17.998    4.0       
18.314    1.0       
18.624    2.0       
18.958    3.0       
19.294    4.0       
19.622    1.0       
19.958    2.0       
20.29     3.0       
20.625    4.0       
20.96     1.0       
21.294    2.0       
21.618    3.0       
21.955    4.0       
22.267    1.0       
22.593    2.0       
22.914    3.0       
23.252    4.0       
23.57     1.0       
23.895    2.0       
24.201    3.0       
24.538    4.0       
24.854    1.0       
25.189    2.0       
25.497    3.0       
25.803    4.0       
26.11     1.0       
26.416    2.0       
26.722    3.0       
27.051    4.0       
27.368    1.0       
27.68     2.0       
27.987    3.0       
28.305    4.0       
28.626    1.0       
28.961    2.0       
29.283    3.0       
29.618    4.0       
29.94     1.0       
30.257    2.0       
30.564    3.0       
30.876    4.0       
31.209    1.0       
31.526    2.0       
31.861    3.0       
32.172    4.0       
32.492    1.0       
32.829    2.0       
33.154    3.0       
33.483    4.0       
33.809    1.0       
34.121    2.0       
34.43     3.0       
34.761    4.0       
35.078    1.0       
35.389    2.0       
35.709    3.0       
36.035    4.0       
36.368    1.0       
36.7      2.0       
37.026    3.0       
37.334    4.0       
37.668    5.0       
37.984    1.0       
38.315    2.0       
38.638    3.0       
38.959    4.0       
39.276    5.0       
39.585    1.0       
39.922    2.0       
40.252    3.0       
40.584    4.0       
40.895    5.0       
41.232    1.0       
41.559    2.0       
41.893    3.0       
42.215    4.0       
42.524    5.0       
42.845    1.0       
43.168    2.0       
43.493    3.0       
43.804    4.0       
44.111    5.0       
44.429    1.0       
44.737    2.0       
45.052    3.0       
45.381    4.0       
45.718    5.0       
46.03     1.0       
46.364    2.0       
46.683    3.0       
46.993    4.0       
47.327    5.0       
47.651    1.0       
47.965    2.0       
48.29     3.0       
48.606    4.0       
48.931    5.0       
