0.264     1.0       
0.472     2.0       
0.665     3.0       
0.866     4.0       
1.061     1.0       
1.261     2.0       
1.445     3.0       
1.632     4.0       
1.827     1.0       
2.018     2.0       
2.218     3.0       
2.415     4.0       
2.604     1.0       
2.801     2.0       
3.01      3.0       
3.194     4.0       
3.404     1.0       
3.606     2.0       
3.793     3.0       
3.981     4.0       
4.191     1.0       
4.39      2.0       
4.606     3.0       
4.802     4.0       
4.997     1.0       
5.183     2.0       
5.381     3.0       
5.582     4.0       
5.798     1.0       
5.986     2.0       
6.183     3.0       
6.367     4.0       
6.568     1.0       
6.771     2.0       
6.969     3.0       
7.181     4.0       
7.365     1.0       
7.58      2.0       
7.792     3.0       
7.983     4.0       
8.171     1.0       
8.377     2.0       
8.583     3.0       
8.782     4.0       
8.973     1.0       
9.176     2.0       
9.391     3.0       
9.602     4.0       
9.81      1.0       
9.997     2.0       
10.202    3.0       
10.399    4.0       
10.593    1.0       
10.784    2.0       
10.973    3.0       
11.162    4.0       
11.362    1.0       
11.556    2.0       
11.75     3.0       
11.945    4.0       
12.159    1.0       
12.367    2.0       
12.564    3.0       
12.761    4.0       
12.946    1.0       
13.155    2.0       
13.365    3.0       
13.578    4.0       
13.779    5.0       
13.972    1.0       
14.158    2.0       
14.369    3.0       
14.557    4.0       
14.746    5.0       
14.955    1.0       
15.152    2.0       
15.367    3.0       
15.578    4.0       
15.776    5.0       
15.96     1.0       
16.148    2.0       
16.356    3.0       
16.547    4.0       
16.748    5.0       
16.952    1.0       
17.162    2.0       
17.376    3.0       
17.581    4.0       
17.794    5.0       
18.009    1.0       
18.213    2.0       
18.428    3.0       
18.638    4.0       
18.846    5.0       
19.057    1.0       
19.244    2.0       
19.43     3.0       
19.628    4.0       
19.823    5.0       
20.026    1.0       
20.23     2.0       
20.443    3.0       
20.658    4.0       
20.846    5.0       
21.052    1.0       
21.258    2.0       
21.457    3.0       
21.648    4.0       
21.863    5.0       
22.052    1.0       
22.245    2.0       
22.449    3.0       
22.659    4.0       
22.864    5.0       
23.079    1.0       
23.276    2.0       
23.466    3.0       
23.681    4.0       
23.875    5.0       
24.07     1.0       
24.258    2.0       
24.444    3.0       
24.636    4.0       
24.83     5.0       
25.02     1.0       
25.214    2.0       
25.403    3.0       
25.587    4.0       
25.801    5.0       
25.994    1.0       
26.202    2.0       
26.396    3.0       
26.607    4.0       
26.796    5.0       
26.994    1.0       
27.185    2.0       
27.379    3.0       
27.594    4.0       
27.809    5.0       
28.005    1.0       
28.21     2.0       
28.426    3.0       
28.621    4.0       
28.806    5.0       
