0.121     1.0       
0.466     2.0       
0.811     3.0       
1.163     4.0       
1.504     1.0       
1.859     2.0       
2.212     3.0       
2.54      4.0       
2.865     1.0       
3.22      2.0       
3.574     3.0       
3.921     4.0       
4.272     1.0       
4.621     2.0       
4.946     3.0       
5.289     4.0       
5.618     1.0       
5.963     2.0       
6.294     3.0       
6.621     4.0       
6.956     1.0       
7.296     2.0       
7.643     3.0       
7.98      4.0       
8.316     1.0       
8.664     2.0       
9.001     3.0       
9.326     4.0       
9.673     1.0       
10.016    2.0       
10.355    3.0       
10.709    4.0       
11.047    1.0       
11.388    2.0       
11.724    3.0       
12.076    4.0       
12.4      5.0       
12.754    1.0       
13.079    2.0       
13.413    3.0       
13.765    4.0       
14.114    5.0       
14.445    1.0       
14.783    2.0       
15.121    3.0       
15.473    4.0       
15.805    5.0       
16.144    1.0       
16.472    2.0       
16.825    3.0       
17.159    4.0       
17.487    5.0       
17.811    1.0       
18.16     2.0       
18.515    3.0       
18.841    4.0       
19.19     5.0       
19.515    1.0       
19.84     2.0       
20.175    3.0       
20.528    4.0       
20.868    5.0       
21.221    1.0       
21.555    2.0       
21.892    3.0       
22.219    4.0       
22.547    5.0       
22.877    1.0       
23.222    2.0       
23.546    3.0       
23.875    4.0       
24.23     5.0       
24.573    1.0       
24.917    2.0       
25.242    3.0       
25.566    4.0       
25.919    5.0       
26.266    1.0       
26.612    2.0       
26.954    3.0       
27.285    4.0       
27.623    5.0       
27.954    1.0       
28.31     2.0       
28.658    3.0       
29.005    4.0       
29.359    5.0       
29.702    1.0       
30.027    2.0       
30.37     3.0       
30.694    4.0       
31.02     5.0       
