0.237     1.0       
0.441     2.0       
0.658     3.0       
0.88      4.0       
1.084     1.0       
1.305     2.0       
1.526     3.0       
1.721     4.0       
1.937     1.0       
2.148     2.0       
2.358     3.0       
2.568     4.0       
2.773     1.0       
2.983     2.0       
3.194     3.0       
3.395     4.0       
3.6       1.0       
3.818     2.0       
4.03      3.0       
4.242     4.0       
4.434     1.0       
4.655     2.0       
4.854     3.0       
5.052     4.0       
5.264     1.0       
5.474     2.0       
5.692     3.0       
5.888     4.0       
6.092     1.0       
6.291     2.0       
6.499     3.0       
6.699     4.0       
6.889     1.0       
7.109     2.0       
7.317     3.0       
7.533     4.0       
7.735     1.0       
7.948     2.0       
8.154     3.0       
8.368     4.0       
8.564     1.0       
8.773     2.0       
8.976     3.0       
9.19      4.0       
9.411     1.0       
9.63      2.0       
9.835     3.0       
10.035    4.0       
10.24     1.0       
10.436    2.0       
10.644    3.0       
10.85     4.0       
11.055    1.0       
11.251    2.0       
11.461    3.0       
11.659    4.0       
11.856    1.0       
12.067    2.0       
12.271    3.0       
12.466    4.0       
12.669    1.0       
12.862    2.0       
13.059    3.0       
13.268    4.0       
13.459    1.0       
13.671    2.0       
13.884    3.0       
14.085    4.0       
14.3      1.0       
14.496    2.0       
14.696    3.0       
14.89     4.0       
15.086    1.0       
15.302    2.0       
15.512    3.0       
15.721    4.0       
15.923    1.0       
16.133    2.0       
16.337    3.0       
16.539    4.0       
16.739    1.0       
16.935    2.0       
17.138    3.0       
17.358    4.0       
17.574    5.0       
17.791    1.0       
17.993    2.0       
18.189    3.0       
18.41     4.0       
18.61     5.0       
18.818    1.0       
19.027    2.0       
19.24     3.0       
19.455    4.0       
19.649    5.0       
19.855    1.0       
20.055    2.0       
20.275    3.0       
20.471    4.0       
20.661    5.0       
20.865    1.0       
21.061    2.0       
21.269    3.0       
21.47     4.0       
21.678    5.0       
21.893    1.0       
22.084    2.0       
22.301    3.0       
22.514    4.0       
22.717    5.0       
22.929    1.0       
23.124    2.0       
23.345    3.0       
23.549    4.0       
23.757    5.0       
23.971    1.0       
24.18     2.0       
24.382    3.0       
24.604    4.0       
24.802    5.0       
25.022    1.0       
25.216    2.0       
25.428    3.0       
25.63     4.0       
25.847    5.0       
26.066    1.0       
26.257    2.0       
26.473    3.0       
26.67     4.0       
26.882    5.0       
27.088    1.0       
27.296    2.0       
27.512    3.0       
27.708    4.0       
27.911    5.0       
28.108    1.0       
28.307    2.0       
28.52     3.0       
28.714    4.0       
28.928    5.0       
29.119    1.0       
29.322    2.0       
29.524    3.0       
29.74     4.0       
29.931    5.0       
30.151    1.0       
30.343    2.0       
30.535    3.0       
30.736    4.0       
30.945    5.0       
31.164    1.0       
31.382    2.0       
31.572    3.0       
31.793    4.0       
32.014    5.0       
32.234    1.0       
32.425    2.0       
32.64     3.0       
32.83     4.0       
33.034    5.0       
