0.157     1.0       
0.456     2.0       
0.733     3.0       
1.029     4.0       
1.31      1.0       
1.591     2.0       
1.893     3.0       
2.194     4.0       
2.471     1.0       
2.76      2.0       
3.039     3.0       
3.327     4.0       
3.63      1.0       
3.927     2.0       
4.217     3.0       
4.518     4.0       
4.789     1.0       
5.076     2.0       
5.376     3.0       
5.648     4.0       
5.923     1.0       
6.202     2.0       
6.474     3.0       
6.774     4.0       
7.047     1.0       
7.32      2.0       
7.607     3.0       
7.886     4.0       
8.164     1.0       
8.461     2.0       
8.738     3.0       
9.023     4.0       
9.32      1.0       
9.619     2.0       
9.893     3.0       
10.164    4.0       
10.466    1.0       
10.749    2.0       
11.034    3.0       
11.313    4.0       
11.604    1.0       
11.875    2.0       
12.157    3.0       
12.45     4.0       
12.734    1.0       
13.01     2.0       
13.308    3.0       
13.605    4.0       
13.887    1.0       
14.185    2.0       
14.458    3.0       
14.756    4.0       
15.058    1.0       
15.343    2.0       
15.633    3.0       
15.925    4.0       
16.209    1.0       
16.501    2.0       
16.773    3.0       
17.059    4.0       
17.339    1.0       
17.625    2.0       
17.925    3.0       
18.199    4.0       
18.472    1.0       
18.752    2.0       
19.039    3.0       
19.313    4.0       
19.603    1.0       
19.893    2.0       
20.167    3.0       
20.461    4.0       
20.761    1.0       
21.039    2.0       
21.324    3.0       
21.627    4.0       
21.927    1.0       
22.21     2.0       
22.491    3.0       
22.763    4.0       
23.055    1.0       
23.327    2.0       
23.606    3.0       
23.909    4.0       
24.182    1.0       
24.477    2.0       
24.775    3.0       
25.051    4.0       
25.346    1.0       
25.627    2.0       
25.901    3.0       
26.198    4.0       
26.472    1.0       
26.751    2.0       
27.047    3.0       
27.339    4.0       
27.641    1.0       
27.926    2.0       
28.221    3.0       
28.51     4.0       
28.806    1.0       
29.077    2.0       
29.368    3.0       
29.655    4.0       
29.935    1.0       
30.22     2.0       
30.504    3.0       
30.801    4.0       
31.083    1.0       
31.369    2.0       
31.654    3.0       
31.932    4.0       
32.231    1.0       
32.534    2.0       
32.822    3.0       
33.122    4.0       
33.407    1.0       
33.699    2.0       
33.998    3.0       
34.269    4.0       
34.566    1.0       
34.842    2.0       
35.128    3.0       
35.424    4.0       
35.697    1.0       
35.972    2.0       
36.271    3.0       
36.555    4.0       
36.829    1.0       
37.123    2.0       
37.398    3.0       
37.681    4.0       
37.979    5.0       
38.254    1.0       
38.551    2.0       
38.826    3.0       
39.1      4.0       
39.402    5.0       
39.703    1.0       
39.996    2.0       
40.287    3.0       
40.567    4.0       
40.857    5.0       
41.131    1.0       
41.405    2.0       
41.679    3.0       
41.956    4.0       
42.249    5.0       
42.52     1.0       
42.812    2.0       
43.114    3.0       
43.408    4.0       
43.702    5.0       
43.988    1.0       
44.286    2.0       
44.566    3.0       
44.855    4.0       
45.135    5.0       
45.428    1.0       
45.722    2.0       
46.019    3.0       
46.317    4.0       
46.601    5.0       
46.893    1.0       
47.187    2.0       
47.468    3.0       
47.76     4.0       
48.033    5.0       
48.331    1.0       
48.63     2.0       
48.924    3.0       
49.223    4.0       
49.5      5.0       
49.791    1.0       
50.078    2.0       
50.349    3.0       
50.633    4.0       
50.924    5.0       
51.217    1.0       
51.488    2.0       
51.773    3.0       
52.066    4.0       
52.352    5.0       
52.642    1.0       
52.913    2.0       
53.186    3.0       
53.482    4.0       
53.763    5.0       
54.06     1.0       
54.359    2.0       
54.658    3.0       
54.961    4.0       
55.251    5.0       
55.527    1.0       
55.827    2.0       
56.113    3.0       
56.397    4.0       
56.676    5.0       
56.95     1.0       
57.246    2.0       
57.548    3.0       
57.845    4.0       
58.116    5.0       
58.409    1.0       
58.683    2.0       
58.979    3.0       
59.272    4.0       
59.572    5.0       
59.857    1.0       
60.136    2.0       
60.416    3.0       
60.702    4.0       
60.998    5.0       
61.274    1.0       
61.574    2.0       
61.869    3.0       
62.164    4.0       
62.461    5.0       
62.74     1.0       
63.021    2.0       
63.321    3.0       
63.623    4.0       
63.91     5.0       
64.185    1.0       
64.456    2.0       
64.755    3.0       
65.047    4.0       
65.336    5.0       
65.628    1.0       
65.909    2.0       
66.181    3.0       
66.477    4.0       
66.764    5.0       
67.053    1.0       
67.351    2.0       
67.627    3.0       
67.911    4.0       
68.214    5.0       
68.49     1.0       
68.788    2.0       
69.081    3.0       
69.373    4.0       
69.644    5.0       
69.924    1.0       
70.196    2.0       
70.489    3.0       
70.766    4.0       
71.045    5.0       
71.348    1.0       
71.636    2.0       
71.934    3.0       
72.227    4.0       
72.513    5.0       
72.798    1.0       
73.076    2.0       
73.379    3.0       
73.677    4.0       
73.975    5.0       
74.276    1.0       
74.573    2.0       
74.851    3.0       
75.134    4.0       
75.424    5.0       
75.7      1.0       
75.982    2.0       
76.284    3.0       
76.585    4.0       
76.867    5.0       
77.145    1.0       
77.444    2.0       
77.745    3.0       
78.032    4.0       
78.329    5.0       
78.611    1.0       
78.914    2.0       
79.214    3.0       
79.496    4.0       
79.788    5.0       
80.063    1.0       
80.365    2.0       
80.645    3.0       
80.947    4.0       
81.22     5.0       
81.522    1.0       
81.81     2.0       
82.084    3.0       
82.384    4.0       
82.684    5.0       
