0.222     1.0       
0.532     2.0       
0.836     3.0       
1.13      4.0       
1.444     1.0       
1.74      2.0       
2.055     3.0       
2.365     4.0       
2.678     1.0       
2.985     2.0       
3.277     3.0       
3.579     4.0       
3.891     1.0       
4.202     2.0       
4.513     3.0       
4.829     4.0       
5.122     1.0       
5.424     2.0       
5.713     3.0       
6.011     4.0       
6.304     1.0       
6.607     2.0       
6.91      3.0       
7.213     4.0       
7.533     1.0       
7.846     2.0       
8.14      3.0       
8.457     4.0       
8.768     1.0       
9.069     2.0       
9.364     3.0       
9.659     4.0       
9.966     1.0       
10.277    2.0       
10.595    3.0       
10.915    4.0       
11.218    1.0       
11.533    2.0       
11.824    3.0       
12.124    4.0       
12.445    1.0       
12.743    2.0       
13.061    3.0       
13.353    4.0       
13.659    1.0       
13.979    2.0       
14.275    3.0       
14.564    4.0       
14.873    1.0       
15.17     2.0       
15.461    3.0       
15.754    4.0       
16.047    1.0       
16.346    2.0       
16.653    3.0       
16.963    4.0       
17.252    1.0       
17.564    2.0       
17.866    3.0       
18.173    4.0       
18.493    1.0       
18.796    2.0       
19.105    3.0       
19.396    4.0       
19.689    1.0       
19.994    2.0       
20.304    3.0       
20.598    4.0       
20.9      1.0       
21.189    2.0       
21.485    3.0       
21.776    4.0       
22.097    1.0       
22.392    2.0       
22.683    3.0       
22.997    4.0       
23.309    1.0       
23.601    2.0       
23.913    3.0       
24.205    4.0       
24.516    1.0       
24.829    2.0       
25.132    3.0       
25.449    4.0       
25.746    1.0       
26.066    2.0       
26.38     3.0       
26.7      4.0       
27.005    1.0       
27.294    2.0       
27.612    3.0       
27.931    4.0       
28.247    1.0       
28.558    2.0       
28.85     3.0       
29.168    4.0       
29.478    1.0       
29.777    2.0       
30.071    3.0       
30.372    4.0       
30.686    1.0       
31.0      2.0       
31.297    3.0       
31.615    4.0       
31.935    1.0       
32.23     2.0       
32.551    3.0       
32.865    4.0       
33.158    1.0       
33.459    2.0       
33.763    3.0       
34.078    4.0       
34.385    1.0       
34.676    2.0       
34.976    3.0       
35.272    4.0       
35.571    5.0       
35.886    1.0       
36.181    2.0       
36.491    3.0       
36.802    4.0       
37.105    5.0       
37.407    1.0       
37.705    2.0       
38.024    3.0       
38.341    4.0       
38.634    5.0       
38.948    1.0       
39.244    2.0       
39.538    3.0       
39.846    4.0       
40.136    5.0       
40.455    1.0       
40.766    2.0       
41.061    3.0       
41.37     4.0       
41.684    5.0       
41.979    1.0       
42.273    2.0       
42.593    3.0       
42.884    4.0       
43.173    5.0       
43.477    1.0       
43.794    2.0       
44.099    3.0       
44.389    4.0       
44.689    5.0       
44.992    1.0       
45.303    2.0       
45.624    3.0       
45.944    4.0       
46.24     5.0       
46.536    1.0       
46.833    2.0       
47.136    3.0       
47.45     4.0       
47.76     5.0       
48.051    1.0       
48.345    2.0       
48.653    3.0       
48.954    4.0       
49.25     5.0       
49.571    1.0       
49.888    2.0       
50.201    3.0       
50.495    4.0       
50.808    5.0       
51.1      1.0       
51.398    2.0       
51.689    3.0       
51.992    4.0       
52.296    5.0       
52.6      1.0       
52.918    2.0       
53.222    3.0       
53.518    4.0       
53.818    5.0       
54.123    1.0       
54.421    2.0       
54.742    3.0       
55.034    4.0       
55.338    5.0       
55.649    1.0       
55.94     2.0       
56.235    3.0       
56.531    4.0       
56.84     5.0       
57.13     1.0       
57.442    2.0       
57.752    3.0       
58.06     4.0       
58.355    5.0       
58.655    1.0       
58.967    2.0       
59.284    3.0       
59.573    4.0       
59.885    5.0       
60.174    1.0       
60.464    2.0       
60.757    3.0       
61.05     4.0       
61.351    5.0       
61.648    1.0       
61.961    2.0       
62.255    3.0       
62.569    4.0       
62.865    5.0       
63.175    1.0       
63.483    2.0       
63.801    3.0       
64.104    4.0       
64.419    5.0       
64.708    1.0       
65.006    2.0       
65.319    3.0       
65.63     4.0       
65.936    5.0       
66.228    1.0       
66.524    2.0       
66.813    3.0       
67.117    4.0       
67.43     5.0       
67.746    1.0       
68.047    2.0       
68.342    3.0       
68.642    4.0       
68.953    5.0       
69.266    1.0       
69.573    2.0       
69.88     3.0       
70.178    4.0       
70.498    5.0       
70.798    1.0       
71.102    2.0       
71.408    3.0       
71.715    4.0       
72.035    5.0       
72.347    1.0       
72.644    2.0       
72.954    3.0       
73.247    4.0       
73.549    5.0       
73.858    1.0       
74.156    2.0       
74.458    3.0       
74.756    4.0       
75.048    5.0       
75.341    1.0       
75.658    2.0       
75.951    3.0       
76.258    4.0       
76.575    5.0       
76.872    1.0       
77.167    2.0       
77.482    3.0       
77.779    4.0       
78.069    5.0       
78.382    1.0       
78.694    2.0       
78.999    3.0       
79.293    4.0       
79.612    5.0       
79.908    1.0       
80.225    2.0       
80.518    3.0       
80.835    4.0       
81.155    5.0       
81.459    1.0       
81.759    2.0       
82.072    3.0       
82.373    4.0       
82.68     5.0       
