0.253     1.0       
0.45      2.0       
0.639     3.0       
0.841     4.0       
1.033     1.0       
1.231     2.0       
1.445     3.0       
1.658     4.0       
1.858     1.0       
2.076     2.0       
2.291     3.0       
2.486     4.0       
2.684     1.0       
2.895     2.0       
3.101     3.0       
3.312     4.0       
3.523     1.0       
3.728     2.0       
3.92      3.0       
4.109     4.0       
4.305     1.0       
4.516     2.0       
4.702     3.0       
4.91      4.0       
5.113     1.0       
5.321     2.0       
5.522     3.0       
5.735     4.0       
5.925     1.0       
6.137     2.0       
6.335     3.0       
6.547     4.0       
6.733     1.0       
6.943     2.0       
7.153     3.0       
7.371     4.0       
7.568     1.0       
7.761     2.0       
7.967     3.0       
8.153     4.0       
8.363     1.0       
8.559     2.0       
8.754     3.0       
8.971     4.0       
9.167     1.0       
9.357     2.0       
9.546     3.0       
9.755     4.0       
9.951     1.0       
10.152    2.0       
10.343    3.0       
10.535    4.0       
10.739    1.0       
10.947    2.0       
11.133    3.0       
11.325    4.0       
11.537    1.0       
11.741    2.0       
11.95     3.0       
12.136    4.0       
12.332    1.0       
12.536    2.0       
12.738    3.0       
12.953    4.0       
13.171    1.0       
13.358    2.0       
13.551    3.0       
13.756    4.0       
13.968    5.0       
14.173    1.0       
14.376    2.0       
14.575    3.0       
14.772    4.0       
14.979    5.0       
15.196    1.0       
15.383    2.0       
15.595    3.0       
15.808    4.0       
16.017    5.0       
16.217    1.0       
16.429    2.0       
16.618    3.0       
16.83     4.0       
17.042    5.0       
17.236    1.0       
17.429    2.0       
17.615    3.0       
17.814    4.0       
18.0      5.0       
18.195    1.0       
18.383    2.0       
18.599    3.0       
18.798    4.0       
19.0      5.0       
19.201    1.0       
19.406    2.0       
19.606    3.0       
19.823    4.0       
20.009    5.0       
20.213    1.0       
20.427    2.0       
20.636    3.0       
20.844    4.0       
21.044    5.0       
21.257    1.0       
21.46     2.0       
21.654    3.0       
21.857    4.0       
22.051    5.0       
22.239    1.0       
22.437    2.0       
22.64     3.0       
22.857    4.0       
23.043    5.0       
23.23     1.0       
23.435    2.0       
23.634    3.0       
23.824    4.0       
24.037    5.0       
24.225    1.0       
24.44     2.0       
24.657    3.0       
24.872    4.0       
25.062    5.0       
