0.268     1.0       
0.494     2.0       
0.739     3.0       
0.997     4.0       
1.224     1.0       
1.46      2.0       
1.706     3.0       
1.955     4.0       
2.204     1.0       
2.448     2.0       
2.705     3.0       
2.958     4.0       
3.201     1.0       
3.447     2.0       
3.674     3.0       
3.908     4.0       
4.147     1.0       
4.378     2.0       
4.604     3.0       
4.837     4.0       
5.072     1.0       
5.307     2.0       
5.561     3.0       
5.803     4.0       
6.033     1.0       
6.284     2.0       
6.52      3.0       
6.751     4.0       
7.004     1.0       
7.249     2.0       
7.483     3.0       
7.729     4.0       
7.976     1.0       
8.224     2.0       
8.469     3.0       
8.705     4.0       
8.932     1.0       
9.174     2.0       
9.417     3.0       
9.672     4.0       
9.927     1.0       
10.157    2.0       
10.406    3.0       
10.652    4.0       
10.909    1.0       
11.164    2.0       
11.403    3.0       
11.641    4.0       
11.871    1.0       
12.107    2.0       
12.349    3.0       
12.577    4.0       
12.823    1.0       
13.065    2.0       
13.321    3.0       
13.555    4.0       
13.786    1.0       
14.038    2.0       
14.274    3.0       
14.505    4.0       
14.739    1.0       
14.993    2.0       
15.237    3.0       
15.486    4.0       
15.73     1.0       
15.964    2.0       
16.216    3.0       
16.47     4.0       
16.714    1.0       
16.959    2.0       
17.187    3.0       
17.441    4.0       
17.698    1.0       
17.93     2.0       
18.172    3.0       
18.428    4.0       
18.682    1.0       
18.912    2.0       
19.164    3.0       
19.405    4.0       
19.644    1.0       
19.892    2.0       
20.14     3.0       
20.395    4.0       
20.653    1.0       
20.882    2.0       
21.114    3.0       
21.347    4.0       
21.573    1.0       
21.804    2.0       
22.037    3.0       
22.272    4.0       
22.527    1.0       
22.766    2.0       
23.017    3.0       
23.244    4.0       
23.493    1.0       
23.737    2.0       
23.985    3.0       
24.215    4.0       
24.453    1.0       
24.695    2.0       
24.939    3.0       
25.185    4.0       
25.426    1.0       
25.66     2.0       
25.897    3.0       
26.147    4.0       
26.397    1.0       
26.641    2.0       
26.87     3.0       
27.108    4.0       
27.346    1.0       
27.596    2.0       
27.837    3.0       
28.067    4.0       
28.306    1.0       
28.559    2.0       
28.796    3.0       
29.052    4.0       
29.289    1.0       
29.533    2.0       
29.764    3.0       
30.005    4.0       
30.254    1.0       
30.491    2.0       
30.747    3.0       
30.981    4.0       
31.23     1.0       
31.486    2.0       
31.72     3.0       
31.95     4.0       
32.205    5.0       
32.453    1.0       
32.71     2.0       
32.951    3.0       
33.179    4.0       
33.422    5.0       
33.663    1.0       
33.903    2.0       
34.131    3.0       
34.373    4.0       
34.614    5.0       
34.865    1.0       
35.106    2.0       
35.345    3.0       
35.593    4.0       
35.842    5.0       
36.089    1.0       
36.325    2.0       
36.555    3.0       
36.79     4.0       
37.028    5.0       
37.266    1.0       
37.503    2.0       
37.761    3.0       
37.991    4.0       
38.242    5.0       
38.493    1.0       
38.737    2.0       
38.987    3.0       
39.244    4.0       
39.494    5.0       
39.749    1.0       
39.995    2.0       
40.233    3.0       
40.476    4.0       
40.728    5.0       
40.955    1.0       
41.205    2.0       
41.436    3.0       
41.68     4.0       
41.906    5.0       
42.151    1.0       
42.407    2.0       
42.663    3.0       
42.905    4.0       
43.163    5.0       
43.395    1.0       
43.649    2.0       
43.906    3.0       
44.144    4.0       
44.377    5.0       
44.612    1.0       
44.839    2.0       
45.077    3.0       
45.32     4.0       
45.562    5.0       
45.816    1.0       
46.054    2.0       
46.281    3.0       
46.518    4.0       
46.765    5.0       
47.021    1.0       
47.269    2.0       
47.517    3.0       
47.773    4.0       
48.014    5.0       
48.25     1.0       
48.479    2.0       
48.707    3.0       
48.956    4.0       
49.199    5.0       
49.44     1.0       
49.693    2.0       
49.921    3.0       
50.167    4.0       
50.42     5.0       
50.653    1.0       
50.903    2.0       
51.157    3.0       
51.391    4.0       
51.639    5.0       
51.873    1.0       
52.131    2.0       
52.359    3.0       
52.615    4.0       
52.864    5.0       
53.112    1.0       
53.367    2.0       
53.621    3.0       
53.863    4.0       
54.107    5.0       
54.347    1.0       
54.591    2.0       
54.824    3.0       
55.076    4.0       
55.333    5.0       
55.575    1.0       
55.825    2.0       
56.064    3.0       
56.308    4.0       
56.558    5.0       
56.789    1.0       
57.029    2.0       
57.287    3.0       
57.529    4.0       
57.784    5.0       
58.035    1.0       
58.263    2.0       
58.511    3.0       
58.763    4.0       
59.01     5.0       
59.242    1.0       
59.479    2.0       
59.729    3.0       
59.982    4.0       
60.217    5.0       
60.46     1.0       
60.69     2.0       
60.944    3.0       
61.201    4.0       
61.433    5.0       
61.662    1.0       
61.888    2.0       
62.119    3.0       
62.358    4.0       
62.608    5.0       
62.856    1.0       
63.101    2.0       
63.355    3.0       
63.601    4.0       
63.834    5.0       
64.076    1.0       
64.318    2.0       
64.576    3.0       
64.834    4.0       
65.077    5.0       
65.312    1.0       
65.564    2.0       
65.818    3.0       
66.067    4.0       
66.306    5.0       
66.561    1.0       
66.809    2.0       
67.061    3.0       
67.314    4.0       
67.557    5.0       
67.814    1.0       
68.067    2.0       
68.323    3.0       
68.557    4.0       
68.787    5.0       
69.029    1.0       
69.269    2.0       
69.501    3.0       
69.739    4.0       
69.984    5.0       
