0.17      1.0       
0.476     2.0       
0.777     3.0       
1.073     4.0       
1.368     1.0       
1.658     2.0       
1.944     3.0       
2.244     4.0       
2.536     1.0       
2.813     2.0       
3.097     3.0       
3.376     4.0       
3.677     1.0       
3.984     2.0       
4.29      3.0       
4.583     4.0       
4.859     1.0       
5.139     2.0       
5.426     3.0       
5.721     4.0       
6.001     1.0       
6.306     2.0       
6.612     3.0       
6.907     4.0       
7.21      1.0       
7.497     2.0       
7.781     3.0       
8.066     4.0       
8.364     1.0       
8.651     2.0       
8.951     3.0       
9.247     4.0       
9.532     1.0       
9.823     2.0       
10.103    3.0       
10.391    4.0       
10.672    1.0       
10.951    2.0       
11.227    3.0       
11.506    4.0       
11.792    1.0       
12.08     2.0       
12.385    3.0       
12.668    4.0       
12.963    1.0       
13.257    2.0       
13.546    3.0       
13.853    4.0       
14.158    1.0       
14.457    2.0       
14.764    3.0       
15.052    4.0       
15.334    1.0       
15.622    2.0       
15.906    3.0       
16.193    4.0       
16.482    1.0       
16.767    2.0       
17.065    3.0       
17.352    4.0       
17.656    1.0       
17.959    2.0       
18.266    3.0       
18.57     4.0       
18.86     1.0       
19.146    2.0       
19.442    3.0       
19.734    4.0       
20.017    1.0       
20.308    2.0       
20.599    3.0       
20.885    4.0       
21.17     1.0       
21.476    2.0       
21.751    3.0       
22.031    4.0       
22.332    1.0       
22.625    2.0       
22.911    3.0       
23.217    4.0       
23.497    1.0       
23.8      2.0       
24.081    3.0       
24.379    4.0       
24.682    1.0       
24.964    2.0       
25.251    3.0       
25.555    4.0       
25.846    1.0       
26.153    2.0       
26.434    3.0       
26.716    4.0       
27.018    1.0       
27.305    2.0       
27.583    3.0       
27.867    4.0       
28.152    1.0       
28.459    2.0       
28.749    3.0       
29.05     4.0       
29.345    1.0       
29.646    2.0       
29.927    3.0       
30.205    4.0       
30.507    1.0       
30.786    2.0       
31.091    3.0       
31.377    4.0       
31.657    1.0       
31.939    2.0       
32.224    3.0       
32.51     4.0       
32.797    1.0       
33.098    2.0       
33.394    3.0       
33.682    4.0       
33.967    5.0       
34.268    1.0       
34.572    2.0       
34.849    3.0       
35.138    4.0       
35.425    5.0       
35.726    1.0       
36.001    2.0       
36.307    3.0       
36.591    4.0       
36.895    5.0       
37.171    1.0       
37.466    2.0       
37.746    3.0       
38.03     4.0       
38.308    5.0       
38.615    1.0       
38.893    2.0       
39.189    3.0       
39.47     4.0       
39.764    5.0       
40.04     1.0       
40.316    2.0       
40.598    3.0       
40.881    4.0       
41.16     5.0       
41.447    1.0       
41.727    2.0       
42.02     3.0       
42.307    4.0       
42.596    5.0       
42.882    1.0       
43.179    2.0       
43.466    3.0       
43.758    4.0       
44.043    5.0       
44.32     1.0       
44.595    2.0       
44.882    3.0       
45.166    4.0       
45.457    5.0       
45.749    1.0       
46.024    2.0       
46.314    3.0       
46.601    4.0       
46.879    5.0       
47.182    1.0       
47.457    2.0       
47.738    3.0       
48.02     4.0       
48.317    5.0       
48.609    1.0       
48.893    2.0       
49.175    3.0       
49.463    4.0       
49.764    5.0       
50.069    1.0       
50.359    2.0       
50.648    3.0       
50.938    4.0       
51.238    5.0       
51.514    1.0       
51.799    2.0       
52.102    3.0       
52.393    4.0       
52.683    5.0       
52.988    1.0       
53.29     2.0       
53.588    3.0       
53.871    4.0       
54.169    5.0       
54.472    1.0       
54.773    2.0       
55.052    3.0       
55.351    4.0       
55.651    5.0       
55.951    1.0       
56.25     2.0       
56.553    3.0       
56.844    4.0       
57.137    5.0       
57.419    1.0       
57.695    2.0       
57.989    3.0       
58.277    4.0       
58.569    5.0       
58.858    1.0       
59.158    2.0       
59.46     3.0       
59.738    4.0       
60.021    5.0       
60.324    1.0       
60.619    2.0       
60.903    3.0       
61.205    4.0       
61.493    5.0       
