0.198     1.0       
0.504     2.0       
0.823     3.0       
1.117     4.0       
1.433     1.0       
1.738     2.0       
2.031     3.0       
2.331     4.0       
2.636     1.0       
2.955     2.0       
3.249     3.0       
3.546     4.0       
3.861     1.0       
4.17      2.0       
4.479     3.0       
4.777     4.0       
5.075     1.0       
5.367     2.0       
5.671     3.0       
5.963     4.0       
6.275     1.0       
6.567     2.0       
6.857     3.0       
7.144     4.0       
7.446     1.0       
7.749     2.0       
8.04      3.0       
8.33      4.0       
8.627     1.0       
8.923     2.0       
9.225     3.0       
9.512     4.0       
9.823     1.0       
10.14     2.0       
10.441    3.0       
10.738    4.0       
11.026    1.0       
11.318    2.0       
11.63     3.0       
11.939    4.0       
12.244    1.0       
12.554    2.0       
12.87     3.0       
13.188    4.0       
13.498    1.0       
13.81     2.0       
14.127    3.0       
14.438    4.0       
14.756    1.0       
15.054    2.0       
15.363    3.0       
15.674    4.0       
15.98     1.0       
16.296    2.0       
16.61     3.0       
16.911    4.0       
17.206    1.0       
17.498    2.0       
17.796    3.0       
18.113    4.0       
18.426    1.0       
18.745    2.0       
19.049    3.0       
19.356    4.0       
19.655    1.0       
19.967    2.0       
20.264    3.0       
20.563    4.0       
20.851    1.0       
21.145    2.0       
21.439    3.0       
21.755    4.0       
22.065    1.0       
22.36     2.0       
22.667    3.0       
22.967    4.0       
23.28     1.0       
23.571    2.0       
23.872    3.0       
24.168    4.0       
24.457    1.0       
24.749    2.0       
25.062    3.0       
25.35     4.0       
25.662    1.0       
25.979    2.0       
26.274    3.0       
26.593    4.0       
26.891    1.0       
27.193    2.0       
27.488    3.0       
27.798    4.0       
28.085    1.0       
28.402    2.0       
28.689    3.0       
28.991    4.0       
29.289    1.0       
29.598    2.0       
29.913    3.0       
30.227    4.0       
30.52     5.0       
30.818    1.0       
31.111    2.0       
31.421    3.0       
31.728    4.0       
32.016    5.0       
32.325    1.0       
32.632    2.0       
32.941    3.0       
33.255    4.0       
33.542    5.0       
33.843    1.0       
34.157    2.0       
34.467    3.0       
34.782    4.0       
35.074    5.0       
35.375    1.0       
35.686    2.0       
35.994    3.0       
36.299    4.0       
36.607    5.0       
36.899    1.0       
37.204    2.0       
37.506    3.0       
37.824    4.0       
38.111    5.0       
38.412    1.0       
38.726    2.0       
39.033    3.0       
39.337    4.0       
39.652    5.0       
39.955    1.0       
40.273    2.0       
40.569    3.0       
40.875    4.0       
41.187    5.0       
