0.18      1.0       
0.478     2.0       
0.773     3.0       
1.079     4.0       
1.383     1.0       
1.667     2.0       
1.961     3.0       
2.272     4.0       
2.572     1.0       
2.878     2.0       
3.16      3.0       
3.44      4.0       
3.735     1.0       
4.028     2.0       
4.336     3.0       
4.648     4.0       
4.947     1.0       
5.257     2.0       
5.537     3.0       
5.83      4.0       
6.142     1.0       
6.432     2.0       
6.719     3.0       
7.015     4.0       
7.297     1.0       
7.582     2.0       
7.878     3.0       
8.158     4.0       
8.461     1.0       
8.753     2.0       
9.037     3.0       
9.342     4.0       
9.633     1.0       
9.924     2.0       
10.236    3.0       
10.539    4.0       
10.824    1.0       
11.108    2.0       
11.398    3.0       
11.689    4.0       
11.973    1.0       
12.28     2.0       
12.575    3.0       
12.871    4.0       
13.163    1.0       
13.471    2.0       
13.783    3.0       
14.076    4.0       
14.379    1.0       
14.659    2.0       
14.94     3.0       
15.242    4.0       
15.536    1.0       
15.847    2.0       
16.138    3.0       
16.434    4.0       
16.72     1.0       
17.013    2.0       
17.318    3.0       
17.608    4.0       
17.912    1.0       
18.194    2.0       
18.481    3.0       
18.771    4.0       
19.053    1.0       
19.358    2.0       
19.669    3.0       
19.965    4.0       
20.274    1.0       
20.554    2.0       
20.841    3.0       
21.133    4.0       
21.417    1.0       
21.728    2.0       
22.039    3.0       
22.322    4.0       
22.608    1.0       
22.898    2.0       
23.179    3.0       
23.474    4.0       
23.772    1.0       
24.078    2.0       
24.359    3.0       
24.642    4.0       
24.929    1.0       
25.218    2.0       
25.518    3.0       
25.8      4.0       
26.097    1.0       
26.398    2.0       
26.695    3.0       
26.981    4.0       
27.273    1.0       
27.578    2.0       
27.873    3.0       
28.184    4.0       
28.489    1.0       
28.794    2.0       
29.099    3.0       
29.403    4.0       
29.687    1.0       
29.982    2.0       
30.274    3.0       
30.554    4.0       
30.841    1.0       
31.13     2.0       
31.441    3.0       
31.74     4.0       
32.048    1.0       
32.328    2.0       
32.619    3.0       
32.908    4.0       
33.198    1.0       
33.506    2.0       
33.786    3.0       
34.093    4.0       
34.392    5.0       
34.682    1.0       
34.965    2.0       
35.27     3.0       
35.578    4.0       
35.876    5.0       
36.161    1.0       
36.462    2.0       
36.749    3.0       
37.037    4.0       
37.336    5.0       
37.628    1.0       
37.928    2.0       
38.233    3.0       
38.54     4.0       
38.833    5.0       
39.126    1.0       
39.422    2.0       
39.721    3.0       
40.019    4.0       
40.316    5.0       
40.602    1.0       
40.886    2.0       
41.188    3.0       
41.487    4.0       
41.77     5.0       
42.069    1.0       
42.379    2.0       
42.666    3.0       
42.975    4.0       
43.285    5.0       
43.568    1.0       
43.876    2.0       
44.158    3.0       
44.448    4.0       
44.74     5.0       
45.023    1.0       
45.315    2.0       
45.621    3.0       
45.92     4.0       
46.217    5.0       
46.5      1.0       
46.809    2.0       
47.105    3.0       
47.416    4.0       
47.713    5.0       
48.01     1.0       
48.291    2.0       
48.598    3.0       
48.884    4.0       
49.169    5.0       
49.462    1.0       
49.766    2.0       
50.071    3.0       
50.352    4.0       
50.656    5.0       
50.936    1.0       
51.218    2.0       
51.508    3.0       
51.809    4.0       
52.106    5.0       
52.417    1.0       
52.727    2.0       
53.035    3.0       
53.318    4.0       
53.627    5.0       
53.909    1.0       
54.212    2.0       
54.524    3.0       
54.816    4.0       
55.113    5.0       
55.402    1.0       
55.699    2.0       
56.01     3.0       
56.313    4.0       
56.618    5.0       
56.9      1.0       
57.183    2.0       
57.488    3.0       
57.786    4.0       
58.087    5.0       
58.39     1.0       
58.678    2.0       
58.979    3.0       
59.26     4.0       
59.56     5.0       
59.861    1.0       
60.161    2.0       
60.465    3.0       
60.746    4.0       
61.035    5.0       
61.329    1.0       
61.629    2.0       
61.923    3.0       
62.22     4.0       
62.52     5.0       
62.805    1.0       
63.089    2.0       
63.382    3.0       
63.667    4.0       
63.961    5.0       
64.254    1.0       
64.547    2.0       
64.839    3.0       
65.146    4.0       
65.443    5.0       
65.727    1.0       
66.027    2.0       
66.337    3.0       
66.648    4.0       
66.951    5.0       
67.244    1.0       
67.546    2.0       
67.853    3.0       
68.153    4.0       
68.438    5.0       
68.725    1.0       
69.025    2.0       
69.336    3.0       
69.64     4.0       
69.932    5.0       
70.235    1.0       
70.542    2.0       
70.824    3.0       
71.106    4.0       
71.412    5.0       
71.72     1.0       
72.013    2.0       
72.307    3.0       
72.59     4.0       
72.879    5.0       
73.177    1.0       
73.481    2.0       
73.783    3.0       
74.095    4.0       
74.404    5.0       
