0.184     1.0       
0.406     2.0       
0.641     3.0       
0.882     4.0       
1.108     1.0       
1.35      2.0       
1.589     3.0       
1.808     4.0       
2.036     1.0       
2.254     2.0       
2.488     3.0       
2.726     4.0       
2.964     1.0       
3.199     2.0       
3.431     3.0       
3.65      4.0       
3.875     1.0       
4.099     2.0       
4.334     3.0       
4.57      4.0       
4.805     1.0       
5.027     2.0       
5.247     3.0       
5.484     4.0       
5.726     1.0       
5.955     2.0       
6.19      3.0       
6.406     4.0       
6.634     1.0       
6.879     2.0       
7.096     3.0       
7.311     4.0       
7.542     1.0       
7.787     2.0       
8.019     3.0       
8.249     4.0       
8.486     1.0       
8.725     2.0       
8.97      3.0       
9.201     4.0       
9.437     1.0       
9.679     2.0       
9.92      3.0       
10.164    4.0       
10.387    1.0       
10.606    2.0       
10.84     3.0       
11.081    4.0       
11.315    1.0       
11.544    2.0       
11.781    3.0       
12.007    4.0       
12.242    1.0       
12.459    2.0       
12.69     3.0       
12.934    4.0       
13.157    1.0       
13.381    2.0       
13.615    3.0       
13.851    4.0       
14.073    1.0       
14.298    2.0       
14.521    3.0       
14.745    4.0       
14.965    1.0       
15.197    2.0       
15.433    3.0       
15.654    4.0       
15.896    1.0       
16.137    2.0       
16.382    3.0       
16.612    4.0       
16.84     1.0       
17.053    2.0       
17.289    3.0       
17.519    4.0       
17.733    1.0       
17.97     2.0       
18.188    3.0       
18.428    4.0       
18.644    1.0       
18.88     2.0       
19.101    3.0       
19.341    4.0       
19.563    1.0       
19.787    2.0       
20.011    3.0       
20.235    4.0       
20.459    1.0       
20.677    2.0       
20.908    3.0       
21.124    4.0       
21.352    1.0       
21.593    2.0       
21.816    3.0       
22.043    4.0       
22.274    1.0       
22.495    2.0       
22.722    3.0       
22.948    4.0       
23.182    5.0       
23.427    1.0       
23.646    2.0       
23.87     3.0       
24.091    4.0       
24.309    5.0       
24.548    1.0       
24.785    2.0       
25.004    3.0       
25.246    4.0       
25.471    5.0       
25.715    1.0       
25.94     2.0       
26.157    3.0       
26.398    4.0       
26.631    5.0       
26.854    1.0       
27.095    2.0       
27.332    3.0       
27.57     4.0       
27.798    5.0       
28.027    1.0       
28.264    2.0       
28.477    3.0       
28.708    4.0       
28.929    5.0       
29.167    1.0       
29.387    2.0       
29.626    3.0       
29.852    4.0       
30.067    5.0       
30.284    1.0       
30.51     2.0       
30.748    3.0       
30.968    4.0       
31.186    5.0       
31.407    1.0       
31.65     2.0       
31.874    3.0       
32.1      4.0       
32.313    5.0       
32.53     1.0       
32.763    2.0       
32.994    3.0       
33.208    4.0       
33.425    5.0       
33.64     1.0       
33.884    2.0       
34.115    3.0       
34.343    4.0       
34.575    5.0       
34.806    1.0       
35.032    2.0       
35.264    3.0       
35.483    4.0       
35.718    5.0       
35.945    1.0       
36.185    2.0       
36.426    3.0       
36.641    4.0       
36.862    5.0       
37.105    1.0       
37.318    2.0       
37.563    3.0       
37.785    4.0       
38.023    5.0       
38.245    1.0       
38.485    2.0       
38.716    3.0       
38.956    4.0       
39.193    5.0       
39.427    1.0       
39.651    2.0       
39.89     3.0       
40.126    4.0       
40.357    5.0       
40.575    1.0       
40.799    2.0       
41.024    3.0       
41.268    4.0       
41.502    5.0       
41.734    1.0       
41.947    2.0       
42.185    3.0       
42.406    4.0       
42.647    5.0       
42.873    1.0       
43.116    2.0       
43.337    3.0       
43.576    4.0       
43.81     5.0       
44.052    1.0       
44.295    2.0       
44.527    3.0       
44.744    4.0       
44.984    5.0       
45.224    1.0       
45.445    2.0       
45.674    3.0       
45.887    4.0       
46.12     5.0       
46.35     1.0       
46.571    2.0       
46.792    3.0       
47.026    4.0       
47.251    5.0       
47.483    1.0       
47.724    2.0       
47.943    3.0       
48.168    4.0       
48.391    5.0       
48.615    1.0       
48.848    2.0       
49.08     3.0       
49.309    4.0       
49.55     5.0       
