0.2       1.0       
0.396     2.0       
0.587     3.0       
0.791     4.0       
0.989     1.0       
1.173     2.0       
1.388     3.0       
1.59      4.0       
1.774     1.0       
1.965     2.0       
2.18      3.0       
2.383     4.0       
2.586     1.0       
2.776     2.0       
2.972     3.0       
3.183     4.0       
3.367     1.0       
3.576     2.0       
3.782     3.0       
3.993     4.0       
4.205     1.0       
4.414     2.0       
4.606     3.0       
4.796     4.0       
4.993     1.0       
5.18      2.0       
5.38      3.0       
5.572     4.0       
5.767     1.0       
5.964     2.0       
6.149     3.0       
6.338     4.0       
6.527     1.0       
6.717     2.0       
6.928     3.0       
7.136     4.0       
7.341     1.0       
7.551     2.0       
7.736     3.0       
7.922     4.0       
8.129     1.0       
8.34      2.0       
8.551     3.0       
8.75      4.0       
8.936     1.0       
9.127     2.0       
9.337     3.0       
9.541     4.0       
9.753     1.0       
9.937     2.0       
10.132    3.0       
10.336    4.0       
10.529    1.0       
10.735    2.0       
10.949    3.0       
11.138    4.0       
11.351    1.0       
11.552    2.0       
11.744    3.0       
11.931    4.0       
12.123    1.0       
12.319    2.0       
12.508    3.0       
12.701    4.0       
12.91     1.0       
13.118    2.0       
13.332    3.0       
13.528    4.0       
13.72     1.0       
13.935    2.0       
14.13     3.0       
14.316    4.0       
14.508    1.0       
14.704    2.0       
14.89     3.0       
15.103    4.0       
15.308    1.0       
15.52     2.0       
15.71     3.0       
15.919    4.0       
16.131    1.0       
16.321    2.0       
16.505    3.0       
16.711    4.0       
16.919    5.0       
17.104    1.0       
17.317    2.0       
17.529    3.0       
17.735    4.0       
17.946    5.0       
18.136    1.0       
18.348    2.0       
18.556    3.0       
18.767    4.0       
18.983    5.0       
19.174    1.0       
19.362    2.0       
19.569    3.0       
19.778    4.0       
19.976    5.0       
20.172    1.0       
20.356    2.0       
20.545    3.0       
20.754    4.0       
20.965    5.0       
21.154    1.0       
21.351    2.0       
21.539    3.0       
21.753    4.0       
21.941    5.0       
22.128    1.0       
22.342    2.0       
22.553    3.0       
22.75     4.0       
22.95     5.0       
23.156    1.0       
23.353    2.0       
23.547    3.0       
23.745    4.0       
23.949    5.0       
24.149    1.0       
24.355    2.0       
24.553    3.0       
24.762    4.0       
24.968    5.0       
25.181    1.0       
25.391    2.0       
25.584    3.0       
25.785    4.0       
25.986    5.0       
26.186    1.0       
26.4      2.0       
26.616    3.0       
26.829    4.0       
27.043    5.0       
27.252    1.0       
27.465    2.0       
27.671    3.0       
27.867    4.0       
28.061    5.0       
28.259    1.0       
28.46     2.0       
28.671    3.0       
28.885    4.0       
29.071    5.0       
29.271    1.0       
29.456    2.0       
29.649    3.0       
29.848    4.0       
30.056    5.0       
30.246    1.0       
30.44     2.0       
30.635    3.0       
30.827    4.0       
31.022    5.0       
31.21     1.0       
31.402    2.0       
31.606    3.0       
31.8      4.0       
32.01     5.0       
32.222    1.0       
32.436    2.0       
32.639    3.0       
32.823    4.0       
33.014    5.0       
33.227    1.0       
33.44     2.0       
33.637    3.0       
33.841    4.0       
34.045    5.0       
34.251    1.0       
34.436    2.0       
34.641    3.0       
34.825    4.0       
35.029    5.0       
35.218    1.0       
35.431    2.0       
35.627    3.0       
35.821    4.0       
36.02     5.0       
36.218    1.0       
36.427    2.0       
36.616    3.0       
36.807    4.0       
36.998    5.0       
37.183    1.0       
37.377    2.0       
37.562    3.0       
37.758    4.0       
37.942    5.0       
38.158    1.0       
38.346    2.0       
38.558    3.0       
38.761    4.0       
38.955    5.0       
39.141    1.0       
39.354    2.0       
39.552    3.0       
39.74     4.0       
39.927    5.0       
40.136    1.0       
40.347    2.0       
40.551    3.0       
40.759    4.0       
40.966    5.0       
41.174    1.0       
41.384    2.0       
41.6      3.0       
41.79     4.0       
41.983    5.0       
42.18     1.0       
42.381    2.0       
42.592    3.0       
42.807    4.0       
43.015    5.0       
43.202    1.0       
43.407    2.0       
43.596    3.0       
43.781    4.0       
43.968    5.0       
