0.131     1.0       
0.386     2.0       
0.635     3.0       
0.878     4.0       
1.104     1.0       
1.343     2.0       
1.591     3.0       
1.849     4.0       
2.094     1.0       
2.337     2.0       
2.564     3.0       
2.79      4.0       
3.045     1.0       
3.282     2.0       
3.525     3.0       
3.753     4.0       
4.003     1.0       
4.245     2.0       
4.48      3.0       
4.726     4.0       
4.981     1.0       
5.23      2.0       
5.485     3.0       
5.743     4.0       
5.979     1.0       
6.225     2.0       
6.472     3.0       
6.72      4.0       
6.97      1.0       
7.226     2.0       
7.458     3.0       
7.707     4.0       
7.953     1.0       
8.21      2.0       
8.438     3.0       
8.686     4.0       
8.936     1.0       
9.189     2.0       
9.426     3.0       
9.682     4.0       
9.919     1.0       
10.168    2.0       
10.415    3.0       
10.645    4.0       
10.891    1.0       
11.135    2.0       
11.391    3.0       
11.618    4.0       
11.845    1.0       
12.089    2.0       
12.343    3.0       
12.583    4.0       
12.813    1.0       
13.048    2.0       
13.29     3.0       
13.53     4.0       
13.776    1.0       
14.004    2.0       
14.262    3.0       
14.506    4.0       
14.732    1.0       
14.988    2.0       
15.228    3.0       
15.455    4.0       
15.699    1.0       
15.93     2.0       
16.165    3.0       
16.42     4.0       
16.671    1.0       
16.921    2.0       
17.155    3.0       
17.381    4.0       
17.629    1.0       
17.858    2.0       
18.102    3.0       
18.336    4.0       
18.585    1.0       
18.822    2.0       
19.067    3.0       
19.317    4.0       
19.565    1.0       
19.795    2.0       
20.042    3.0       
20.286    4.0       
20.539    1.0       
20.771    2.0       
21.022    3.0       
21.248    4.0       
21.474    1.0       
21.718    2.0       
21.974    3.0       
22.219    4.0       
22.46     1.0       
22.688    2.0       
22.926    3.0       
23.162    4.0       
23.415    1.0       
23.672    2.0       
23.921    3.0       
24.151    4.0       
24.388    1.0       
24.63     2.0       
24.887    3.0       
25.124    4.0       
25.378    1.0       
25.605    2.0       
25.85     3.0       
26.103    4.0       
26.345    1.0       
26.602    2.0       
26.854    3.0       
27.095    4.0       
27.352    1.0       
27.582    2.0       
27.837    3.0       
28.064    4.0       
28.313    5.0       
28.568    1.0       
28.796    2.0       
29.04     3.0       
29.267    4.0       
29.5      5.0       
29.758    1.0       
30.008    2.0       
30.266    3.0       
30.511    4.0       
30.745    5.0       
30.979    1.0       
31.217    2.0       
31.462    3.0       
31.698    4.0       
31.956    5.0       
32.214    1.0       
32.464    2.0       
32.69     3.0       
32.936    4.0       
33.165    5.0       
33.422    1.0       
33.659    2.0       
33.915    3.0       
34.162    4.0       
34.394    5.0       
34.63     1.0       
34.872    2.0       
35.102    3.0       
35.356    4.0       
35.595    5.0       
35.828    1.0       
36.077    2.0       
36.334    3.0       
36.589    4.0       
36.828    5.0       
37.069    1.0       
37.306    2.0       
37.552    3.0       
37.797    4.0       
38.023    5.0       
38.268    1.0       
38.513    2.0       
38.752    3.0       
38.99     4.0       
39.235    5.0       
39.482    1.0       
39.739    2.0       
39.988    3.0       
40.218    4.0       
40.472    5.0       
40.71     1.0       
40.954    2.0       
41.18     3.0       
41.427    4.0       
41.682    5.0       
41.927    1.0       
42.179    2.0       
42.408    3.0       
42.642    4.0       
42.868    5.0       
43.107    1.0       
43.357    2.0       
43.604    3.0       
43.844    4.0       
44.077    5.0       
44.331    1.0       
44.57     2.0       
44.825    3.0       
45.068    4.0       
45.32     5.0       
45.576    1.0       
45.814    2.0       
46.063    3.0       
46.308    4.0       
46.546    5.0       
46.799    1.0       
47.035    2.0       
47.263    3.0       
47.506    4.0       
47.761    5.0       
47.997    1.0       
48.223    2.0       
48.462    3.0       
48.688    4.0       
48.919    5.0       
49.146    1.0       
49.384    2.0       
49.611    3.0       
49.863    4.0       
50.109    5.0       
50.346    1.0       
50.579    2.0       
50.821    3.0       
51.051    4.0       
51.285    5.0       
51.536    1.0       
51.77     2.0       
52.008    3.0       
52.238    4.0       
52.494    5.0       
52.727    1.0       
52.966    2.0       
53.212    3.0       
53.446    4.0       
53.679    5.0       
53.92     1.0       
54.175    2.0       
54.427    3.0       
54.665    4.0       
54.921    5.0       
55.173    1.0       
55.424    2.0       
55.673    3.0       
55.923    4.0       
56.172    5.0       
56.414    1.0       
56.645    2.0       
56.871    3.0       
57.122    4.0       
57.348    5.0       
57.601    1.0       
57.85     2.0       
58.099    3.0       
58.326    4.0       
58.582    5.0       
58.818    1.0       
59.053    2.0       
59.279    3.0       
59.524    4.0       
59.768    5.0       
60.012    1.0       
60.266    2.0       
60.519    3.0       
60.755    4.0       
61.004    5.0       
61.241    1.0       
61.473    2.0       
61.722    3.0       
61.969    4.0       
62.227    5.0       
62.47     1.0       
62.721    2.0       
62.955    3.0       
63.184    4.0       
63.441    5.0       
63.667    1.0       
63.922    2.0       
64.17     3.0       
64.417    4.0       
64.643    5.0       
64.9      1.0       
65.152    2.0       
65.385    3.0       
65.643    4.0       
65.9      5.0       
