0.183     1.0       
0.516     2.0       
0.86      3.0       
1.192     4.0       
1.52      1.0       
1.872     2.0       
2.211     3.0       
2.557     4.0       
2.885     1.0       
3.23      2.0       
3.571     3.0       
3.909     4.0       
4.244     1.0       
4.574     2.0       
4.92      3.0       
5.27      4.0       
5.612     1.0       
5.967     2.0       
6.316     3.0       
6.655     4.0       
6.985     1.0       
7.336     2.0       
7.688     3.0       
8.025     4.0       
8.358     1.0       
8.705     2.0       
9.04      3.0       
9.392     4.0       
9.735     1.0       
10.073    2.0       
10.429    3.0       
10.784    4.0       
11.11     1.0       
11.449    2.0       
11.804    3.0       
12.154    4.0       
12.498    1.0       
12.843    2.0       
13.193    3.0       
13.533    4.0       
13.869    1.0       
14.221    2.0       
14.551    3.0       
14.877    4.0       
15.213    1.0       
15.566    2.0       
15.918    3.0       
16.255    4.0       
16.58     1.0       
16.924    2.0       
17.26     3.0       
17.589    4.0       
17.939    1.0       
18.273    2.0       
18.614    3.0       
18.963    4.0       
19.293    1.0       
19.635    2.0       
19.974    3.0       
20.323    4.0       
20.652    1.0       
20.985    2.0       
21.321    3.0       
21.662    4.0       
21.995    1.0       
22.323    2.0       
22.657    3.0       
23.011    4.0       
23.343    1.0       
23.69     2.0       
24.023    3.0       
24.348    4.0       
24.704    1.0       
25.036    2.0       
25.381    3.0       
25.72     4.0       
26.069    1.0       
26.424    2.0       
26.777    3.0       
27.103    4.0       
27.445    1.0       
27.793    2.0       
28.12     3.0       
28.448    4.0       
28.798    1.0       
29.126    2.0       
29.453    3.0       
29.792    4.0       
30.147    1.0       
30.495    2.0       
30.837    3.0       
31.178    4.0       
31.518    1.0       
31.845    2.0       
32.173    3.0       
32.516    4.0       
32.856    1.0       
33.18     2.0       
33.518    3.0       
33.855    4.0       
34.207    1.0       
34.531    2.0       
34.859    3.0       
35.209    4.0       
35.547    1.0       
35.9      2.0       
36.242    3.0       
36.588    4.0       
36.931    1.0       
37.272    2.0       
37.61     3.0       
37.949    4.0       
38.301    1.0       
38.638    2.0       
38.984    3.0       
39.331    4.0       
39.657    5.0       
40.004    1.0       
40.34     2.0       
40.691    3.0       
41.032    4.0       
41.37     5.0       
41.709    1.0       
42.045    2.0       
42.388    3.0       
42.738    4.0       
43.093    5.0       
43.448    1.0       
43.785    2.0       
44.116    3.0       
44.457    4.0       
44.781    5.0       
45.116    1.0       
45.46     2.0       
45.788    3.0       
46.122    4.0       
46.47     5.0       
46.824    1.0       
47.163    2.0       
47.508    3.0       
47.837    4.0       
48.166    5.0       
48.498    1.0       
48.848    2.0       
49.195    3.0       
49.533    4.0       
49.873    5.0       
50.213    1.0       
50.552    2.0       
50.906    3.0       
51.241    4.0       
51.585    5.0       
51.921    1.0       
52.275    2.0       
52.606    3.0       
52.932    4.0       
53.26     5.0       
53.592    1.0       
53.933    2.0       
54.264    3.0       
54.597    4.0       
54.946    5.0       
55.272    1.0       
55.598    2.0       
55.954    3.0       
56.31     4.0       
56.651    5.0       
56.987    1.0       
57.322    2.0       
57.675    3.0       
58.017    4.0       
58.342    5.0       
