0.222     1.0       
0.496     2.0       
0.771     3.0       
1.029     4.0       
1.291     1.0       
1.55      2.0       
1.811     3.0       
2.085     4.0       
2.359     1.0       
2.626     2.0       
2.88      3.0       
3.147     4.0       
3.398     1.0       
3.649     2.0       
3.931     3.0       
4.189     4.0       
4.444     1.0       
4.716     2.0       
4.988     3.0       
5.249     4.0       
5.503     1.0       
5.756     2.0       
6.01      3.0       
6.278     4.0       
6.54      1.0       
6.816     2.0       
7.084     3.0       
7.336     4.0       
7.597     1.0       
7.864     2.0       
8.133     3.0       
8.383     4.0       
8.652     1.0       
8.92      2.0       
9.196     3.0       
9.472     4.0       
9.733     1.0       
10.014    2.0       
10.294    3.0       
10.556    4.0       
10.816    1.0       
11.083    2.0       
11.357    3.0       
11.627    4.0       
11.904    1.0       
12.177    2.0       
12.442    3.0       
12.708    4.0       
12.986    1.0       
13.266    2.0       
13.531    3.0       
13.783    4.0       
14.047    1.0       
14.309    2.0       
14.569    3.0       
14.843    4.0       
15.093    1.0       
15.372    2.0       
15.629    3.0       
15.908    4.0       
16.187    1.0       
16.456    2.0       
16.724    3.0       
16.978    4.0       
17.246    1.0       
17.505    2.0       
17.757    3.0       
18.026    4.0       
18.298    5.0       
18.553    1.0       
18.816    2.0       
19.094    3.0       
19.347    4.0       
19.6      5.0       
19.878    1.0       
20.154    2.0       
20.411    3.0       
20.683    4.0       
20.957    5.0       
21.208    1.0       
21.462    2.0       
21.727    3.0       
22.002    4.0       
22.266    5.0       
22.533    1.0       
22.795    2.0       
23.057    3.0       
23.321    4.0       
23.571    5.0       
23.843    1.0       
24.121    2.0       
24.391    3.0       
24.667    4.0       
24.948    5.0       
25.218    1.0       
25.487    2.0       
25.739    3.0       
26.006    4.0       
26.267    5.0       
26.518    1.0       
26.782    2.0       
27.062    3.0       
27.318    4.0       
27.571    5.0       
27.826    1.0       
28.079    2.0       
28.349    3.0       
28.628    4.0       
28.908    5.0       
29.166    1.0       
29.417    2.0       
29.68     3.0       
29.943    4.0       
30.194    5.0       
30.448    1.0       
30.706    2.0       
30.985    3.0       
31.265    4.0       
31.544    5.0       
31.806    1.0       
32.063    2.0       
32.32     3.0       
32.595    4.0       
32.846    5.0       
33.106    1.0       
33.375    2.0       
33.633    3.0       
33.887    4.0       
34.143    5.0       
34.393    1.0       
34.651    2.0       
34.91     3.0       
35.178    4.0       
35.445    5.0       
35.711    1.0       
35.981    2.0       
36.238    3.0       
36.503    4.0       
36.784    5.0       
37.038    1.0       
37.308    2.0       
37.565    3.0       
37.819    4.0       
38.094    5.0       
38.347    1.0       
38.6      2.0       
38.867    3.0       
39.146    4.0       
39.401    5.0       
39.666    1.0       
39.933    2.0       
40.194    3.0       
40.466    4.0       
40.747    5.0       
41.007    1.0       
41.283    2.0       
41.536    3.0       
41.814    4.0       
42.091    5.0       
42.355    1.0       
42.63     2.0       
42.893    3.0       
43.173    4.0       
43.423    5.0       
43.677    1.0       
43.949    2.0       
44.216    3.0       
44.494    4.0       
44.755    5.0       
45.023    1.0       
45.284    2.0       
45.534    3.0       
45.796    4.0       
46.057    5.0       
46.335    1.0       
46.612    2.0       
46.874    3.0       
47.13     4.0       
47.396    5.0       
47.678    1.0       
47.949    2.0       
48.199    3.0       
48.451    4.0       
48.71     5.0       
