0.169     1.0       
0.482     2.0       
0.798     3.0       
1.117     4.0       
1.417     1.0       
1.735     2.0       
2.027     3.0       
2.324     4.0       
2.641     1.0       
2.956     2.0       
3.254     3.0       
3.572     4.0       
3.87      1.0       
4.183     2.0       
4.48      3.0       
4.775     4.0       
5.089     1.0       
5.397     2.0       
5.716     3.0       
6.027     4.0       
6.334     1.0       
6.657     2.0       
6.98      3.0       
7.284     4.0       
7.58      1.0       
7.894     2.0       
8.198     3.0       
8.495     4.0       
8.793     1.0       
9.11      2.0       
9.431     3.0       
9.755     4.0       
10.059    1.0       
10.361    2.0       
10.681    3.0       
10.994    4.0       
11.289    1.0       
11.6      2.0       
11.913    3.0       
12.205    4.0       
12.509    1.0       
12.825    2.0       
13.137    3.0       
13.451    4.0       
13.753    1.0       
14.073    2.0       
14.382    3.0       
14.697    4.0       
15.009    1.0       
15.328    2.0       
15.651    3.0       
15.966    4.0       
16.288    1.0       
16.608    2.0       
16.922    3.0       
17.231    4.0       
17.526    1.0       
17.846    2.0       
18.163    3.0       
18.476    4.0       
18.789    1.0       
19.087    2.0       
19.388    3.0       
19.699    4.0       
19.994    1.0       
20.316    2.0       
20.625    3.0       
20.932    4.0       
21.25     1.0       
21.543    2.0       
21.857    3.0       
22.157    4.0       
22.474    1.0       
22.766    2.0       
23.079    3.0       
23.378    4.0       
23.678    1.0       
23.98     2.0       
24.289    3.0       
24.61     4.0       
24.924    1.0       
25.224    2.0       
25.534    3.0       
25.849    4.0       
26.16     1.0       
26.468    2.0       
26.761    3.0       
27.075    4.0       
27.371    1.0       
27.667    2.0       
27.981    3.0       
28.294    4.0       
28.597    1.0       
28.915    2.0       
29.237    3.0       
29.559    4.0       
29.869    1.0       
30.189    2.0       
30.499    3.0       
30.814    4.0       
31.113    1.0       
31.433    2.0       
31.746    3.0       
32.053    4.0       
32.363    1.0       
32.669    2.0       
32.993    3.0       
33.294    4.0       
33.59     1.0       
33.905    2.0       
34.199    3.0       
34.5      4.0       
34.808    1.0       
35.107    2.0       
35.426    3.0       
35.743    4.0       
36.035    5.0       
36.351    1.0       
36.653    2.0       
36.954    3.0       
37.255    4.0       
37.566    5.0       
37.869    1.0       
38.17     2.0       
38.464    3.0       
38.757    4.0       
39.057    5.0       
39.354    1.0       
39.655    2.0       
39.972    3.0       
40.276    4.0       
40.573    5.0       
40.881    1.0       
41.176    2.0       
41.498    3.0       
41.792    4.0       
42.085    5.0       
42.395    1.0       
42.695    2.0       
43.0      3.0       
43.293    4.0       
43.597    5.0       
43.909    1.0       
44.214    2.0       
44.508    3.0       
44.808    4.0       
45.125    5.0       
45.417    1.0       
45.739    2.0       
46.05     3.0       
46.346    4.0       
46.67     5.0       
46.962    1.0       
47.258    2.0       
47.558    3.0       
47.862    4.0       
48.182    5.0       
48.486    1.0       
48.802    2.0       
49.126    3.0       
49.418    4.0       
49.717    5.0       
50.041    1.0       
50.34     2.0       
50.64     3.0       
50.95     4.0       
51.255    5.0       
51.575    1.0       
51.872    2.0       
52.182    3.0       
52.497    4.0       
52.804    5.0       
53.106    1.0       
53.404    2.0       
53.701    3.0       
54.008    4.0       
54.303    5.0       
54.608    1.0       
54.917    2.0       
55.24     3.0       
55.563    4.0       
55.867    5.0       
56.184    1.0       
56.494    2.0       
56.792    3.0       
57.088    4.0       
57.4      5.0       
57.717    1.0       
58.036    2.0       
58.328    3.0       
58.621    4.0       
58.924    5.0       
59.227    1.0       
59.537    2.0       
59.852    3.0       
60.145    4.0       
60.445    5.0       
60.765    1.0       
61.077    2.0       
61.395    3.0       
61.711    4.0       
62.009    5.0       
62.313    1.0       
62.606    2.0       
62.911    3.0       
63.22     4.0       
63.512    5.0       
63.816    1.0       
64.122    2.0       
64.416    3.0       
64.716    4.0       
65.013    5.0       
65.314    1.0       
65.629    2.0       
65.946    3.0       
66.267    4.0       
66.584    5.0       
66.88     1.0       
67.181    2.0       
67.502    3.0       
67.798    4.0       
68.096    5.0       
68.415    1.0       
68.707    2.0       
69.004    3.0       
69.321    4.0       
69.623    5.0       
69.947    1.0       
70.262    2.0       
70.576    3.0       
70.886    4.0       
71.18     5.0       
71.475    1.0       
71.785    2.0       
72.097    3.0       
72.398    4.0       
72.701    5.0       
73.023    1.0       
73.332    2.0       
73.633    3.0       
73.935    4.0       
74.253    5.0       
74.557    1.0       
74.857    2.0       
75.155    3.0       
75.474    4.0       
75.784    5.0       
76.096    1.0       
76.393    2.0       
76.702    3.0       
77.009    4.0       
77.318    5.0       
77.63     1.0       
77.945    2.0       
78.264    3.0       
78.568    4.0       
78.881    5.0       
79.173    1.0       
79.487    2.0       
79.79     3.0       
80.09     4.0       
80.404    5.0       
80.727    1.0       
81.02     2.0       
81.343    3.0       
81.637    4.0       
81.933    5.0       
82.236    1.0       
82.539    2.0       
82.86     3.0       
83.172    4.0       
83.479    5.0       
