0.211     1.0       
0.517     2.0       
0.835     3.0       
1.146     4.0       
1.45      1.0       
1.784     2.0       
2.116     3.0       
2.419     4.0       
2.727     1.0       
3.048     2.0       
3.38      3.0       
3.69      4.0       
4.001     1.0       
4.31      2.0       
4.622     3.0       
4.955     4.0       
5.258     1.0       
5.57      2.0       
5.881     3.0       
6.203     4.0       
6.517     1.0       
6.839     2.0       
7.141     3.0       
7.449     4.0       
7.756     1.0       
8.081     2.0       
8.406     3.0       
8.726     4.0       
9.031     1.0       
9.358     2.0       
9.663     3.0       
9.985     4.0       
10.309    1.0       
10.616    2.0       
10.937    3.0       
11.267    4.0       
11.601    1.0       
11.916    2.0       
12.249    3.0       
12.577    4.0       
12.908    1.0       
13.239    2.0       
13.551    3.0       
13.87     4.0       
14.183    1.0       
14.485    2.0       
14.811    3.0       
15.135    4.0       
15.453    1.0       
15.766    2.0       
16.074    3.0       
16.39     4.0       
16.707    1.0       
17.027    2.0       
17.343    3.0       
17.658    4.0       
17.965    1.0       
18.298    2.0       
18.614    3.0       
18.926    4.0       
19.228    1.0       
19.544    2.0       
19.854    3.0       
20.182    4.0       
20.49     1.0       
20.822    2.0       
21.139    3.0       
21.454    4.0       
21.778    1.0       
22.099    2.0       
22.409    3.0       
22.711    4.0       
23.036    1.0       
23.35     2.0       
23.667    3.0       
23.994    4.0       
24.316    1.0       
24.62     2.0       
24.934    3.0       
25.249    4.0       
25.574    1.0       
25.894    2.0       
26.219    3.0       
26.525    4.0       
26.84     1.0       
27.164    2.0       
27.497    3.0       
27.817    4.0       
28.125    1.0       
28.447    2.0       
28.76     3.0       
29.089    4.0       
29.419    1.0       
29.726    2.0       
30.058    3.0       
30.382    4.0       
30.701    1.0       
31.01     2.0       
31.34     3.0       
31.661    4.0       
31.973    1.0       
32.302    2.0       
32.632    3.0       
32.965    4.0       
33.286    1.0       
33.599    2.0       
33.912    3.0       
34.232    4.0       
34.549    1.0       
34.866    2.0       
35.177    3.0       
35.506    4.0       
35.822    1.0       
36.156    2.0       
36.482    3.0       
36.784    4.0       
37.086    5.0       
37.394    1.0       
37.71     2.0       
38.026    3.0       
38.343    4.0       
38.662    5.0       
38.993    1.0       
39.31     2.0       
39.634    3.0       
39.938    4.0       
40.269    5.0       
40.579    1.0       
40.912    2.0       
41.226    3.0       
41.542    4.0       
41.865    5.0       
42.194    1.0       
42.528    2.0       
42.862    3.0       
43.175    4.0       
43.5      5.0       
43.81     1.0       
44.144    2.0       
44.46     3.0       
44.78     4.0       
45.093    5.0       
45.396    1.0       
45.72     2.0       
46.046    3.0       
46.367    4.0       
46.69     5.0       
46.993    1.0       
47.308    2.0       
47.617    3.0       
47.935    4.0       
48.265    5.0       
48.58     1.0       
48.887    2.0       
49.216    3.0       
49.529    4.0       
49.858    5.0       
50.19     1.0       
50.519    2.0       
50.847    3.0       
51.15     4.0       
51.484    5.0       
51.79     1.0       
52.122    2.0       
52.446    3.0       
52.763    4.0       
53.083    5.0       
53.416    1.0       
53.725    2.0       
54.043    3.0       
54.377    4.0       
54.679    5.0       
54.989    1.0       
55.319    2.0       
55.648    3.0       
55.966    4.0       
56.297    5.0       
56.616    1.0       
56.937    2.0       
57.239    3.0       
57.56     4.0       
57.865    5.0       
58.179    1.0       
58.481    2.0       
58.795    3.0       
59.124    4.0       
59.44     5.0       
59.757    1.0       
60.08     2.0       
60.402    3.0       
60.736    4.0       
61.038    5.0       
61.343    1.0       
61.668    2.0       
61.985    3.0       
62.316    4.0       
62.643    5.0       
62.946    1.0       
63.248    2.0       
63.56     3.0       
63.874    4.0       
64.2      5.0       
64.523    1.0       
64.832    2.0       
65.136    3.0       
65.453    4.0       
65.78     5.0       
66.1      1.0       
66.416    2.0       
66.741    3.0       
67.06     4.0       
67.394    5.0       
67.715    1.0       
68.037    2.0       
68.349    3.0       
68.669    4.0       
68.975    5.0       
69.295    1.0       
69.623    2.0       
69.927    3.0       
70.26     4.0       
70.577    5.0       
70.903    1.0       
71.21     2.0       
71.528    3.0       
71.862    4.0       
72.195    5.0       
72.508    1.0       
72.816    2.0       
73.123    3.0       
73.449    4.0       
73.759    5.0       
74.086    1.0       
74.395    2.0       
74.707    3.0       
75.025    4.0       
75.352    5.0       
75.676    1.0       
76.0      2.0       
76.329    3.0       
76.639    4.0       
76.943    5.0       
77.252    1.0       
77.577    2.0       
77.88     3.0       
78.193    4.0       
78.521    5.0       
78.835    1.0       
79.15     2.0       
79.47     3.0       
79.79     4.0       
80.101    5.0       
80.406    1.0       
80.727    2.0       
81.044    3.0       
81.362    4.0       
81.664    5.0       
81.992    1.0       
82.312    2.0       
82.636    3.0       
82.939    4.0       
83.249    5.0       
83.557    1.0       
83.872    2.0       
84.18     3.0       
84.504    4.0       
84.811    5.0       
85.12     1.0       
85.423    2.0       
85.757    3.0       
86.086    4.0       
86.409    5.0       
