0.272     1.0       
0.56      2.0       
0.865     3.0       
1.162     4.0       
1.46      1.0       
1.763     2.0       
2.058     3.0       
2.354     4.0       
2.645     1.0       
2.941     2.0       
3.235     3.0       
3.534     4.0       
3.838     1.0       
4.138     2.0       
4.445     3.0       
4.743     4.0       
5.045     1.0       
5.328     2.0       
5.63      3.0       
5.926     4.0       
6.238     1.0       
6.534     2.0       
6.817     3.0       
7.123     4.0       
7.423     1.0       
7.71      2.0       
8.01      3.0       
8.297     4.0       
8.604     1.0       
8.903     2.0       
9.203     3.0       
9.504     4.0       
9.805     1.0       
10.112    2.0       
10.416    3.0       
10.729    4.0       
11.028    5.0       
11.331    1.0       
11.617    2.0       
11.915    3.0       
12.206    4.0       
12.496    5.0       
12.788    1.0       
13.094    2.0       
13.404    3.0       
13.716    4.0       
14.013    5.0       
14.314    1.0       
14.609    2.0       
14.912    3.0       
15.216    4.0       
15.513    5.0       
15.82     1.0       
16.135    2.0       
16.432    3.0       
16.726    4.0       
17.013    5.0       
17.323    1.0       
17.613    2.0       
17.915    3.0       
18.199    4.0       
18.504    5.0       
18.787    1.0       
19.077    2.0       
19.363    3.0       
19.669    4.0       
19.961    5.0       
20.253    1.0       
20.554    2.0       
20.864    3.0       
21.16     4.0       
21.461    5.0       
21.76     1.0       
22.043    2.0       
22.349    3.0       
22.647    4.0       
22.948    5.0       
23.24     1.0       
23.54     2.0       
23.838    3.0       
24.121    4.0       
24.415    5.0       
24.727    1.0       
25.021    2.0       
25.318    3.0       
25.632    4.0       
25.936    5.0       
26.251    1.0       
26.559    2.0       
26.854    3.0       
27.142    4.0       
27.449    5.0       
27.742    1.0       
28.046    2.0       
28.347    3.0       
28.662    4.0       
28.964    5.0       
29.279    1.0       
29.588    2.0       
29.883    3.0       
30.177    4.0       
30.471    5.0       
30.78     1.0       
31.09     2.0       
31.388    3.0       
31.697    4.0       
32.01     5.0       
32.316    1.0       
32.6      2.0       
32.903    3.0       
33.197    4.0       
33.51     5.0       
33.821    1.0       
34.107    2.0       
34.396    3.0       
34.68     4.0       
34.976    5.0       
35.283    1.0       
35.574    2.0       
35.878    3.0       
36.162    4.0       
36.46     5.0       
36.756    1.0       
37.039    2.0       
37.332    3.0       
37.645    4.0       
37.931    5.0       
38.215    1.0       
38.529    2.0       
38.827    3.0       
39.129    4.0       
39.412    5.0       
