0.27      1.0       
0.47      2.0       
0.667     3.0       
0.879     4.0       
1.082     1.0       
1.292     2.0       
1.483     3.0       
1.674     4.0       
1.858     1.0       
2.06      2.0       
2.267     3.0       
2.467     4.0       
2.678     1.0       
2.885     2.0       
3.068     3.0       
3.253     4.0       
3.464     1.0       
3.659     2.0       
3.866     3.0       
4.052     4.0       
4.257     1.0       
4.466     2.0       
4.649     3.0       
4.849     4.0       
5.055     1.0       
5.25      2.0       
5.447     3.0       
5.661     4.0       
5.87      1.0       
6.067     2.0       
6.276     3.0       
6.481     4.0       
6.674     1.0       
6.88      2.0       
7.069     3.0       
7.26      4.0       
7.466     1.0       
7.666     2.0       
7.872     3.0       
8.061     4.0       
8.258     1.0       
8.459     2.0       
8.651     3.0       
8.863     4.0       
9.056     1.0       
9.264     2.0       
9.452     3.0       
9.643     4.0       
9.844     1.0       
10.041    2.0       
10.235    3.0       
10.448    4.0       
10.651    1.0       
10.85     2.0       
11.056    3.0       
11.267    4.0       
11.465    1.0       
11.65     2.0       
11.848    3.0       
12.042    4.0       
12.235    1.0       
12.428    2.0       
12.628    3.0       
12.83     4.0       
13.024    1.0       
13.215    2.0       
13.41     3.0       
13.592    4.0       
13.774    5.0       
13.978    1.0       
14.189    2.0       
14.402    3.0       
14.585    4.0       
14.797    5.0       
14.993    1.0       
15.191    2.0       
15.392    3.0       
15.605    4.0       
15.796    5.0       
15.993    1.0       
16.19     2.0       
16.393    3.0       
16.586    4.0       
16.773    5.0       
16.985    1.0       
17.195    2.0       
17.4      3.0       
17.603    4.0       
17.817    5.0       
17.999    1.0       
18.19     2.0       
18.381    3.0       
18.589    4.0       
18.794    5.0       
18.981    1.0       
19.185    2.0       
19.373    3.0       
19.587    4.0       
19.799    5.0       
19.986    1.0       
20.176    2.0       
20.381    3.0       
20.593    4.0       
20.794    5.0       
