0.247     1.0       
0.574     2.0       
0.915     3.0       
1.24      4.0       
1.562     1.0       
1.879     2.0       
2.226     3.0       
2.547     4.0       
2.876     1.0       
3.213     2.0       
3.555     3.0       
3.873     4.0       
4.213     1.0       
4.546     2.0       
4.893     3.0       
5.226     4.0       
5.564     1.0       
5.887     2.0       
6.205     3.0       
6.542     4.0       
6.865     1.0       
7.199     2.0       
7.521     3.0       
7.863     4.0       
8.19      1.0       
8.535     2.0       
8.855     3.0       
9.177     4.0       
9.494     1.0       
9.821     2.0       
10.138    3.0       
10.458    4.0       
10.797    1.0       
11.127    2.0       
11.473    3.0       
11.796    4.0       
12.121    1.0       
12.439    2.0       
12.776    3.0       
13.095    4.0       
13.434    1.0       
13.777    2.0       
14.113    3.0       
14.442    4.0       
14.763    1.0       
15.098    2.0       
15.437    3.0       
15.764    4.0       
16.112    1.0       
16.451    2.0       
16.773    3.0       
17.095    4.0       
17.417    1.0       
17.736    2.0       
18.067    3.0       
18.403    4.0       
18.741    1.0       
19.08     2.0       
19.42     3.0       
19.749    4.0       
20.081    1.0       
20.4      2.0       
20.719    3.0       
21.054    4.0       
21.378    1.0       
21.718    2.0       
22.049    3.0       
22.398    4.0       
22.733    1.0       
23.06     2.0       
23.393    3.0       
23.734    4.0       
24.082    1.0       
24.422    2.0       
24.763    3.0       
25.11     4.0       
25.447    1.0       
25.788    2.0       
26.112    3.0       
26.458    4.0       
26.78     1.0       
27.129    2.0       
27.453    3.0       
27.774    4.0       
28.11     1.0       
28.443    2.0       
28.78     3.0       
29.118    4.0       
29.464    1.0       
29.806    2.0       
30.149    3.0       
30.494    4.0       
30.826    1.0       
31.173    2.0       
31.514    3.0       
31.85     4.0       
32.196    1.0       
32.521    2.0       
32.84     3.0       
33.166    4.0       
33.496    1.0       
33.831    2.0       
34.161    3.0       
34.495    4.0       
34.83     1.0       
35.177    2.0       
35.523    3.0       
35.856    4.0       
36.183    1.0       
36.52     2.0       
36.86     3.0       
37.202    4.0       
37.531    1.0       
37.866    2.0       
38.204    3.0       
38.55     4.0       
38.883    5.0       
39.204    1.0       
39.525    2.0       
39.853    3.0       
40.173    4.0       
40.508    5.0       
40.846    1.0       
41.171    2.0       
41.517    3.0       
41.84     4.0       
42.163    5.0       
42.49     1.0       
42.83     2.0       
43.172    3.0       
43.52     4.0       
43.84     5.0       
44.163    1.0       
44.505    2.0       
44.822    3.0       
45.148    4.0       
45.485    5.0       
45.814    1.0       
46.141    2.0       
46.473    3.0       
46.807    4.0       
47.146    5.0       
47.489    1.0       
47.816    2.0       
48.151    3.0       
48.474    4.0       
48.803    5.0       
49.128    1.0       
49.451    2.0       
49.8      3.0       
50.146    4.0       
50.475    5.0       
50.823    1.0       
51.148    2.0       
51.479    3.0       
51.819    4.0       
52.163    5.0       
52.495    1.0       
52.835    2.0       
53.166    3.0       
53.507    4.0       
53.851    5.0       
54.17     1.0       
54.517    2.0       
54.864    3.0       
55.187    4.0       
55.506    5.0       
55.837    1.0       
56.186    2.0       
56.522    3.0       
56.859    4.0       
57.196    5.0       
57.532    1.0       
57.873    2.0       
58.211    3.0       
58.539    4.0       
58.875    5.0       
59.203    1.0       
59.547    2.0       
59.882    3.0       
60.225    4.0       
60.557    5.0       
60.906    1.0       
61.239    2.0       
61.575    3.0       
61.918    4.0       
62.257    5.0       
62.586    1.0       
62.935    2.0       
63.281    3.0       
63.626    4.0       
63.969    5.0       
64.312    1.0       
64.629    2.0       
64.961    3.0       
65.303    4.0       
65.643    5.0       
65.961    1.0       
66.308    2.0       
66.644    3.0       
66.978    4.0       
67.297    5.0       
67.645    1.0       
67.978    2.0       
68.298    3.0       
68.635    4.0       
68.954    5.0       
69.277    1.0       
69.613    2.0       
69.935    3.0       
70.283    4.0       
70.61     5.0       
