0.251     1.0       
0.495     2.0       
0.764     3.0       
1.007     4.0       
1.271     1.0       
1.523     2.0       
1.764     3.0       
2.012     4.0       
2.273     1.0       
2.538     2.0       
2.781     3.0       
3.024     4.0       
3.28      1.0       
3.537     2.0       
3.789     3.0       
4.058     4.0       
4.298     1.0       
4.549     2.0       
4.799     3.0       
5.071     4.0       
5.324     1.0       
5.589     2.0       
5.838     3.0       
6.091     4.0       
6.355     1.0       
6.616     2.0       
6.864     3.0       
7.114     4.0       
7.368     1.0       
7.611     2.0       
7.875     3.0       
8.137     4.0       
8.398     1.0       
8.655     2.0       
8.898     3.0       
9.153     4.0       
9.422     1.0       
9.687     2.0       
9.934     3.0       
10.194    4.0       
10.461    1.0       
10.714    2.0       
10.956    3.0       
11.221    4.0       
11.471    1.0       
11.737    2.0       
11.989    3.0       
12.235    4.0       
12.494    1.0       
12.756    2.0       
12.997    3.0       
13.242    4.0       
13.482    1.0       
13.722    2.0       
13.965    3.0       
14.229    4.0       
14.483    1.0       
14.726    2.0       
14.978    3.0       
15.218    4.0       
15.477    1.0       
15.748    2.0       
15.989    3.0       
16.239    4.0       
16.508    1.0       
16.77     2.0       
17.022    3.0       
17.271    4.0       
17.543    1.0       
17.809    2.0       
18.072    3.0       
18.337    4.0       
18.606    1.0       
18.856    2.0       
19.108    3.0       
19.374    4.0       
19.62     1.0       
19.891    2.0       
20.148    3.0       
20.419    4.0       
20.663    1.0       
20.909    2.0       
21.163    3.0       
21.41     4.0       
21.682    5.0       
21.923    1.0       
22.168    2.0       
22.424    3.0       
22.696    4.0       
22.95     5.0       
23.206    1.0       
23.472    2.0       
23.732    3.0       
23.972    4.0       
24.224    5.0       
24.47     1.0       
24.715    2.0       
24.985    3.0       
25.236    4.0       
25.48     5.0       
25.721    1.0       
25.961    2.0       
26.207    3.0       
26.471    4.0       
26.738    5.0       
26.989    1.0       
27.247    2.0       
27.506    3.0       
27.775    4.0       
28.025    5.0       
28.285    1.0       
28.556    2.0       
28.796    3.0       
29.049    4.0       
29.312    5.0       
29.57     1.0       
29.84     2.0       
30.1      3.0       
30.35     4.0       
30.613    5.0       
