0.265     1.0       
0.538     2.0       
0.837     3.0       
1.138     4.0       
1.415     1.0       
1.698     2.0       
1.986     3.0       
2.279     4.0       
2.576     1.0       
2.855     2.0       
3.146     3.0       
3.433     4.0       
3.725     1.0       
4.004     2.0       
4.298     3.0       
4.586     4.0       
4.864     1.0       
5.159     2.0       
5.46      3.0       
5.736     4.0       
6.025     1.0       
6.303     2.0       
6.58      3.0       
6.88      4.0       
7.151     1.0       
7.436     2.0       
7.713     3.0       
8.006     4.0       
8.3       1.0       
8.596     2.0       
8.873     3.0       
9.17      4.0       
9.446     1.0       
9.736     2.0       
10.03     3.0       
10.302    4.0       
10.573    1.0       
10.855    2.0       
11.126    3.0       
11.426    4.0       
11.72     1.0       
12.008    2.0       
12.301    3.0       
12.598    4.0       
12.89     1.0       
13.171    2.0       
13.462    3.0       
13.763    4.0       
14.037    1.0       
14.333    2.0       
14.625    3.0       
14.922    4.0       
15.207    1.0       
15.487    2.0       
15.761    3.0       
16.062    4.0       
16.35     1.0       
16.634    2.0       
16.906    3.0       
17.193    4.0       
17.477    1.0       
17.763    2.0       
18.054    3.0       
18.336    4.0       
18.608    1.0       
18.88     2.0       
19.162    3.0       
19.456    4.0       
19.743    5.0       
20.023    1.0       
20.312    2.0       
20.609    3.0       
20.881    4.0       
21.18     5.0       
21.475    1.0       
21.758    2.0       
22.032    3.0       
22.319    4.0       
22.607    5.0       
22.896    1.0       
23.198    2.0       
23.479    3.0       
23.777    4.0       
24.052    5.0       
24.341    1.0       
24.623    2.0       
24.91     3.0       
25.196    4.0       
25.488    5.0       
25.784    1.0       
26.087    2.0       
26.377    3.0       
26.664    4.0       
26.959    5.0       
27.247    1.0       
27.546    2.0       
27.847    3.0       
28.149    4.0       
28.442    5.0       
28.745    1.0       
29.042    2.0       
29.337    3.0       
29.625    4.0       
29.909    5.0       
30.202    1.0       
30.493    2.0       
30.779    3.0       
31.058    4.0       
31.337    5.0       
31.612    1.0       
31.888    2.0       
32.191    3.0       
32.484    4.0       
32.779    5.0       
33.061    1.0       
33.336    2.0       
33.616    3.0       
33.891    4.0       
34.168    5.0       
34.46     1.0       
34.76     2.0       
35.059    3.0       
35.341    4.0       
35.635    5.0       
35.926    1.0       
36.202    2.0       
36.504    3.0       
36.79     4.0       
37.092    5.0       
37.382    1.0       
37.673    2.0       
37.944    3.0       
38.231    4.0       
38.503    5.0       
38.778    1.0       
39.063    2.0       
39.346    3.0       
39.638    4.0       
39.92     5.0       
40.201    1.0       
40.486    2.0       
40.78     3.0       
41.055    4.0       
41.343    5.0       
