0.268     1.0       
0.583     2.0       
0.886     3.0       
1.197     4.0       
1.504     1.0       
1.821     2.0       
2.147     3.0       
2.452     4.0       
2.762     1.0       
3.058     2.0       
3.376     3.0       
3.701     4.0       
4.011     1.0       
4.307     2.0       
4.625     3.0       
4.95      4.0       
5.251     1.0       
5.579     2.0       
5.894     3.0       
6.222     4.0       
6.541     1.0       
6.847     2.0       
7.161     3.0       
7.467     4.0       
7.794     1.0       
8.116     2.0       
8.433     3.0       
8.74      4.0       
9.052     1.0       
9.377     2.0       
9.685     3.0       
10.005    4.0       
10.331    1.0       
10.636    2.0       
10.934    3.0       
11.232    4.0       
11.536    1.0       
11.849    2.0       
12.171    3.0       
12.478    4.0       
12.779    1.0       
13.106    2.0       
13.403    3.0       
13.717    4.0       
14.016    1.0       
14.33     2.0       
14.637    3.0       
14.96     4.0       
15.286    1.0       
15.611    2.0       
15.936    3.0       
16.248    4.0       
16.571    1.0       
16.895    2.0       
17.195    3.0       
17.52     4.0       
17.817    1.0       
18.113    2.0       
18.423    3.0       
18.731    4.0       
19.028    1.0       
19.349    2.0       
19.66     3.0       
19.979    4.0       
20.292    1.0       
20.609    2.0       
20.91     3.0       
21.214    4.0       
21.54     1.0       
21.857    2.0       
22.177    3.0       
22.475    4.0       
22.786    1.0       
23.111    2.0       
23.436    3.0       
23.741    4.0       
24.051    1.0       
24.367    2.0       
24.664    3.0       
24.963    4.0       
25.266    1.0       
25.563    2.0       
25.873    3.0       
26.188    4.0       
26.501    5.0       
26.824    1.0       
27.141    2.0       
27.454    3.0       
27.756    4.0       
28.084    5.0       
28.399    1.0       
28.717    2.0       
29.032    3.0       
29.357    4.0       
29.655    5.0       
29.975    1.0       
30.28     2.0       
30.606    3.0       
30.916    4.0       
31.228    5.0       
31.526    1.0       
31.843    2.0       
32.149    3.0       
32.453    4.0       
32.772    5.0       
33.07     1.0       
33.386    2.0       
33.705    3.0       
34.026    4.0       
34.323    5.0       
34.62     1.0       
34.937    2.0       
35.244    3.0       
35.562    4.0       
35.872    5.0       
36.171    1.0       
36.492    2.0       
36.812    3.0       
37.132    4.0       
37.449    5.0       
37.759    1.0       
38.059    2.0       
38.372    3.0       
38.696    4.0       
39.008    5.0       
39.321    1.0       
39.624    2.0       
39.924    3.0       
40.246    4.0       
40.556    5.0       
40.884    1.0       
41.181    2.0       
41.499    3.0       
41.798    4.0       
42.116    5.0       
42.429    1.0       
42.729    2.0       
43.041    3.0       
43.352    4.0       
43.664    5.0       
