0.158     1.0       
0.349     2.0       
0.534     3.0       
0.731     4.0       
0.936     1.0       
1.115     2.0       
1.29      3.0       
1.493     4.0       
1.695     1.0       
1.88      2.0       
2.069     3.0       
2.251     4.0       
2.44      1.0       
2.621     2.0       
2.804     3.0       
2.984     4.0       
3.182     1.0       
3.385     2.0       
3.581     3.0       
3.781     4.0       
3.962     1.0       
4.149     2.0       
4.355     3.0       
4.531     4.0       
4.734     1.0       
4.908     2.0       
5.105     3.0       
5.301     4.0       
5.496     1.0       
5.675     2.0       
5.858     3.0       
6.042     4.0       
6.233     1.0       
6.436     2.0       
6.626     3.0       
6.831     4.0       
7.037     1.0       
7.223     2.0       
7.413     3.0       
7.598     4.0       
7.8       1.0       
8.001     2.0       
8.181     3.0       
8.376     4.0       
8.556     1.0       
8.753     2.0       
8.953     3.0       
9.144     4.0       
9.328     1.0       
9.518     2.0       
9.698     3.0       
9.886     4.0       
10.088    1.0       
10.265    2.0       
10.467    3.0       
10.649    4.0       
10.837    1.0       
11.043    2.0       
11.238    3.0       
11.417    4.0       
11.615    1.0       
11.816    2.0       
12.017    3.0       
12.202    4.0       
12.382    1.0       
12.585    2.0       
12.774    3.0       
12.966    4.0       
13.158    1.0       
13.347    2.0       
13.522    3.0       
13.718    4.0       
13.9      1.0       
14.086    2.0       
14.288    3.0       
14.477    4.0       
14.669    1.0       
14.866    2.0       
15.067    3.0       
15.243    4.0       
15.432    1.0       
15.614    2.0       
15.805    3.0       
16.0      4.0       
16.185    1.0       
16.366    2.0       
16.553    3.0       
16.748    4.0       
16.929    1.0       
17.107    2.0       
17.296    3.0       
17.475    4.0       
17.68     1.0       
17.859    2.0       
18.062    3.0       
18.242    4.0       
18.445    1.0       
18.633    2.0       
18.831    3.0       
19.006    4.0       
19.208    5.0       
19.386    1.0       
19.56     2.0       
19.74     3.0       
19.935    4.0       
20.137    5.0       
20.329    1.0       
20.535    2.0       
20.73     3.0       
20.935    4.0       
21.139    5.0       
21.342    1.0       
21.542    2.0       
21.727    3.0       
21.913    4.0       
22.111    5.0       
22.292    1.0       
22.483    2.0       
22.665    3.0       
22.854    4.0       
23.057    5.0       
23.252    1.0       
23.457    2.0       
23.655    3.0       
23.861    4.0       
24.056    5.0       
24.242    1.0       
24.428    2.0       
24.606    3.0       
24.798    4.0       
24.979    5.0       
25.181    1.0       
25.379    2.0       
25.561    3.0       
25.738    4.0       
25.944    5.0       
26.129    1.0       
26.326    2.0       
26.521    3.0       
26.726    4.0       
26.91     5.0       
27.097    1.0       
27.287    2.0       
27.484    3.0       
27.666    4.0       
27.859    5.0       
28.051    1.0       
28.234    2.0       
28.42     3.0       
28.621    4.0       
28.81     5.0       
29.009    1.0       
29.203    2.0       
29.399    3.0       
29.575    4.0       
29.758    5.0       
29.959    1.0       
30.139    2.0       
30.328    3.0       
30.519    4.0       
30.712    5.0       
30.896    1.0       
31.09     2.0       
31.277    3.0       
31.481    4.0       
31.668    5.0       
31.865    1.0       
32.069    2.0       
32.275    3.0       
32.449    4.0       
32.641    5.0       
32.822    1.0       
33.016    2.0       
33.208    3.0       
33.399    4.0       
33.589    5.0       
33.766    1.0       
33.944    2.0       
34.127    3.0       
34.319    4.0       
34.506    5.0       
34.71     1.0       
34.907    2.0       
35.096    3.0       
35.297    4.0       
35.498    5.0       
35.694    1.0       
35.877    2.0       
36.052    3.0       
36.253    4.0       
36.458    5.0       
36.647    1.0       
36.837    2.0       
37.033    3.0       
37.22     4.0       
37.399    5.0       
37.579    1.0       
37.761    2.0       
37.964    3.0       
38.144    4.0       
38.319    5.0       
38.524    1.0       
38.725    2.0       
38.924    3.0       
39.125    4.0       
39.322    5.0       
39.521    1.0       
39.725    2.0       
39.914    3.0       
40.092    4.0       
40.269    5.0       
40.448    1.0       
40.64     2.0       
40.823    3.0       
41.002    4.0       
41.193    5.0       
41.393    1.0       
41.589    2.0       
41.789    3.0       
41.977    4.0       
42.161    5.0       
42.353    1.0       
42.54     2.0       
42.732    3.0       
42.925    4.0       
43.106    5.0       
43.292    1.0       
43.478    2.0       
43.663    3.0       
43.845    4.0       
44.051    5.0       
44.232    1.0       
44.425    2.0       
44.604    3.0       
44.808    4.0       
44.983    5.0       
