0.21      1.0       
0.491     2.0       
0.78      3.0       
1.069     4.0       
1.354     1.0       
1.647     2.0       
1.92      3.0       
2.202     4.0       
2.483     1.0       
2.758     2.0       
3.057     3.0       
3.347     4.0       
3.643     1.0       
3.921     2.0       
4.217     3.0       
4.502     4.0       
4.774     1.0       
5.05      2.0       
5.318     3.0       
5.611     4.0       
5.887     1.0       
6.158     2.0       
6.448     3.0       
6.73      4.0       
7.023     1.0       
7.323     2.0       
7.603     3.0       
7.879     4.0       
8.151     1.0       
8.448     2.0       
8.73      3.0       
9.026     4.0       
9.303     1.0       
9.589     2.0       
9.861     3.0       
10.155    4.0       
10.443    1.0       
10.737    2.0       
11.024    3.0       
11.31     4.0       
11.591    1.0       
11.874    2.0       
12.16     3.0       
12.451    4.0       
12.732    1.0       
13.023    2.0       
13.32     3.0       
13.594    4.0       
13.879    1.0       
14.174    2.0       
14.46     3.0       
14.73     4.0       
15.023    1.0       
15.314    2.0       
15.61     3.0       
15.886    4.0       
16.177    1.0       
16.45     2.0       
16.74     3.0       
17.038    4.0       
17.328    1.0       
17.602    2.0       
17.901    3.0       
18.172    4.0       
18.446    1.0       
18.731    2.0       
19.023    3.0       
19.291    4.0       
19.573    1.0       
19.864    2.0       
20.152    3.0       
20.452    4.0       
20.72     1.0       
21.016    2.0       
21.292    3.0       
21.569    4.0       
21.845    1.0       
22.127    2.0       
22.401    3.0       
22.683    4.0       
22.965    1.0       
23.24     2.0       
23.523    3.0       
23.821    4.0       
24.096    5.0       
24.385    1.0       
24.681    2.0       
24.972    3.0       
25.265    4.0       
25.564    5.0       
25.861    1.0       
26.131    2.0       
26.411    3.0       
26.679    4.0       
26.964    5.0       
27.252    1.0       
27.536    2.0       
27.821    3.0       
28.113    4.0       
28.388    5.0       
28.686    1.0       
28.966    2.0       
29.24     3.0       
29.536    4.0       
29.828    5.0       
30.097    1.0       
30.384    2.0       
30.673    3.0       
30.952    4.0       
31.25     5.0       
31.541    1.0       
31.832    2.0       
32.129    3.0       
32.403    4.0       
32.693    5.0       
32.962    1.0       
33.249    2.0       
33.542    3.0       
33.834    4.0       
34.103    5.0       
34.372    1.0       
34.65     2.0       
34.924    3.0       
35.202    4.0       
35.484    5.0       
35.768    1.0       
36.063    2.0       
36.346    3.0       
36.627    4.0       
36.909    5.0       
37.206    1.0       
37.492    2.0       
37.762    3.0       
38.05     4.0       
38.337    5.0       
38.612    1.0       
38.906    2.0       
39.183    3.0       
39.481    4.0       
39.762    5.0       
40.045    1.0       
40.313    2.0       
40.612    3.0       
40.881    4.0       
41.158    5.0       
41.426    1.0       
41.694    2.0       
41.977    3.0       
42.276    4.0       
42.549    5.0       
42.847    1.0       
43.139    2.0       
43.41     3.0       
43.681    4.0       
43.981    5.0       
44.277    1.0       
44.555    2.0       
44.823    3.0       
45.103    4.0       
45.403    5.0       
