0.189     1.0       
0.458     2.0       
0.715     3.0       
0.998     4.0       
1.282     1.0       
1.543     2.0       
1.825     3.0       
2.086     4.0       
2.344     1.0       
2.632     2.0       
2.889     3.0       
3.146     4.0       
3.433     1.0       
3.7       2.0       
3.973     3.0       
4.257     4.0       
4.532     1.0       
4.798     2.0       
5.078     3.0       
5.35      4.0       
5.621     1.0       
5.905     2.0       
6.178     3.0       
6.449     4.0       
6.713     1.0       
6.971     2.0       
7.228     3.0       
7.513     4.0       
7.771     1.0       
8.054     2.0       
8.334     3.0       
8.592     4.0       
8.865     1.0       
9.148     2.0       
9.423     3.0       
9.706     4.0       
9.994     1.0       
10.27     2.0       
10.537    3.0       
10.818    4.0       
11.105    1.0       
11.375    2.0       
11.632    3.0       
11.916    4.0       
12.181    1.0       
12.458    2.0       
12.733    3.0       
13.002    4.0       
13.281    1.0       
13.545    2.0       
13.825    3.0       
14.085    4.0       
14.366    1.0       
14.653    2.0       
14.939    3.0       
15.213    4.0       
15.476    1.0       
15.735    2.0       
16.009    3.0       
16.289    4.0       
16.554    1.0       
16.835    2.0       
17.122    3.0       
17.38     4.0       
17.638    1.0       
17.901    2.0       
18.178    3.0       
18.452    4.0       
18.715    5.0       
18.981    1.0       
19.239    2.0       
19.507    3.0       
19.794    4.0       
20.074    5.0       
20.348    1.0       
20.631    2.0       
20.894    3.0       
21.166    4.0       
21.45     5.0       
21.721    1.0       
21.977    2.0       
22.233    3.0       
22.521    4.0       
22.786    5.0       
23.072    1.0       
23.35     2.0       
23.634    3.0       
23.903    4.0       
24.161    5.0       
24.448    1.0       
24.709    2.0       
24.97     3.0       
25.244    4.0       
25.53     5.0       
25.795    1.0       
26.065    2.0       
26.346    3.0       
26.618    4.0       
26.9      5.0       
27.16     1.0       
27.447    2.0       
27.728    3.0       
27.998    4.0       
28.275    5.0       
28.538    1.0       
28.817    2.0       
29.085    3.0       
29.367    4.0       
29.623    5.0       
29.896    1.0       
30.157    2.0       
30.432    3.0       
30.695    4.0       
30.983    5.0       
31.243    1.0       
31.504    2.0       
31.774    3.0       
32.03     4.0       
32.305    5.0       
32.574    1.0       
32.834    2.0       
33.106    3.0       
33.394    4.0       
33.655    5.0       
33.932    1.0       
34.201    2.0       
34.472    3.0       
34.744    4.0       
35.025    5.0       
35.308    1.0       
35.592    2.0       
35.867    3.0       
36.149    4.0       
36.41     5.0       
36.697    1.0       
36.959    2.0       
37.236    3.0       
37.519    4.0       
37.789    5.0       
38.045    1.0       
38.33     2.0       
38.595    3.0       
38.864    4.0       
39.123    5.0       
