0.216     1.0       
0.42      2.0       
0.633     3.0       
0.839     4.0       
1.029     1.0       
1.24      2.0       
1.447     3.0       
1.661     4.0       
1.876     1.0       
2.061     2.0       
2.251     3.0       
2.444     4.0       
2.628     1.0       
2.829     2.0       
3.024     3.0       
3.208     4.0       
3.396     1.0       
3.6       2.0       
3.786     3.0       
3.977     4.0       
4.173     1.0       
4.379     2.0       
4.578     3.0       
4.781     4.0       
4.993     1.0       
5.187     2.0       
5.38      3.0       
5.592     4.0       
5.785     1.0       
6.0       2.0       
6.198     3.0       
6.408     4.0       
6.592     1.0       
6.793     2.0       
6.997     3.0       
7.18      4.0       
7.386     1.0       
7.601     2.0       
7.813     3.0       
8.017     4.0       
8.213     1.0       
8.396     2.0       
8.583     3.0       
8.767     4.0       
8.957     1.0       
9.161     2.0       
9.358     3.0       
9.569     4.0       
9.768     1.0       
9.966     2.0       
10.153    3.0       
10.366    4.0       
10.572    1.0       
10.784    2.0       
10.99     3.0       
11.194    4.0       
11.406    1.0       
11.591    2.0       
11.785    3.0       
11.974    4.0       
12.168    1.0       
12.354    2.0       
12.538    3.0       
12.745    4.0       
12.955    1.0       
13.142    2.0       
13.354    3.0       
13.553    4.0       
13.739    1.0       
13.929    2.0       
14.117    3.0       
14.326    4.0       
14.525    1.0       
14.732    2.0       
14.943    3.0       
15.144    4.0       
15.356    1.0       
15.567    2.0       
15.751    3.0       
15.942    4.0       
16.142    1.0       
16.337    2.0       
16.527    3.0       
16.735    4.0       
16.949    1.0       
17.159    2.0       
17.346    3.0       
17.545    4.0       
17.732    1.0       
17.943    2.0       
18.133    3.0       
18.331    4.0       
18.527    1.0       
18.713    2.0       
18.927    3.0       
19.13     4.0       
19.342    1.0       
19.544    2.0       
19.727    3.0       
19.934    4.0       
20.117    5.0       
20.305    1.0       
20.52     2.0       
20.703    3.0       
20.894    4.0       
21.091    5.0       
21.3      1.0       
21.514    2.0       
21.71     3.0       
21.899    4.0       
22.096    5.0       
22.297    1.0       
22.49     2.0       
22.684    3.0       
22.889    4.0       
23.103    5.0       
23.317    1.0       
23.52     2.0       
23.733    3.0       
23.944    4.0       
24.159    5.0       
24.368    1.0       
24.575    2.0       
24.77     3.0       
24.963    4.0       
25.17     5.0       
25.38     1.0       
25.57     2.0       
25.753    3.0       
25.945    4.0       
26.15     5.0       
26.345    1.0       
26.55     2.0       
26.735    3.0       
26.95     4.0       
27.155    5.0       
27.346    1.0       
27.53     2.0       
27.727    3.0       
27.913    4.0       
28.125    5.0       
28.311    1.0       
28.513    2.0       
28.699    3.0       
28.887    4.0       
29.071    5.0       
29.255    1.0       
29.444    2.0       
29.649    3.0       
29.864    4.0       
30.061    5.0       
30.256    1.0       
30.457    2.0       
30.669    3.0       
30.879    4.0       
31.071    5.0       
31.286    1.0       
31.492    2.0       
31.69     3.0       
31.88     4.0       
32.066    5.0       
32.272    1.0       
32.46     2.0       
32.644    3.0       
32.851    4.0       
33.05     5.0       
33.259    1.0       
33.446    2.0       
33.651    3.0       
33.84     4.0       
34.054    5.0       
34.248    1.0       
34.458    2.0       
34.662    3.0       
34.866    4.0       
35.057    5.0       
