0.232     1.0       
0.547     2.0       
0.856     3.0       
1.188     4.0       
1.51      1.0       
1.836     2.0       
2.144     3.0       
2.452     4.0       
2.772     1.0       
3.078     2.0       
3.402     3.0       
3.71      4.0       
4.043     1.0       
4.354     2.0       
4.676     3.0       
4.987     4.0       
5.323     1.0       
5.633     2.0       
5.949     3.0       
6.269     4.0       
6.576     1.0       
6.909     2.0       
7.219     3.0       
7.555     4.0       
7.882     1.0       
8.196     2.0       
8.529     3.0       
8.855     4.0       
9.171     1.0       
9.49      2.0       
9.825     3.0       
10.157    4.0       
10.481    1.0       
10.817    2.0       
11.144    3.0       
11.461    4.0       
11.792    1.0       
12.108    2.0       
12.427    3.0       
12.754    4.0       
13.061    1.0       
13.377    2.0       
13.692    3.0       
14.006    4.0       
14.342    1.0       
14.664    2.0       
14.999    3.0       
15.327    4.0       
15.632    1.0       
15.937    2.0       
16.25     3.0       
16.576    4.0       
16.899    5.0       
17.212    1.0       
17.525    2.0       
17.847    3.0       
18.161    4.0       
18.487    5.0       
18.818    1.0       
19.128    2.0       
19.46     3.0       
19.775    4.0       
20.106    5.0       
20.426    1.0       
20.752    2.0       
21.081    3.0       
21.387    4.0       
21.698    5.0       
22.032    1.0       
22.337    2.0       
22.661    3.0       
22.974    4.0       
23.294    5.0       
23.606    1.0       
23.911    2.0       
24.226    3.0       
24.551    4.0       
24.887    5.0       
25.218    1.0       
25.538    2.0       
25.865    3.0       
26.183    4.0       
26.518    5.0       
26.842    1.0       
27.148    2.0       
27.483    3.0       
27.801    4.0       
28.138    5.0       
28.467    1.0       
28.788    2.0       
29.11     3.0       
29.434    4.0       
29.77     5.0       
30.078    1.0       
30.388    2.0       
30.715    3.0       
31.027    4.0       
31.362    5.0       
31.686    1.0       
31.994    2.0       
32.33     3.0       
32.649    4.0       
32.964    5.0       
33.301    1.0       
33.613    2.0       
33.937    3.0       
34.246    4.0       
34.578    5.0       
34.902    1.0       
35.224    2.0       
35.555    3.0       
35.867    4.0       
36.19     5.0       
36.526    1.0       
36.863    2.0       
37.178    3.0       
37.485    4.0       
37.815    5.0       
38.15     1.0       
38.473    2.0       
38.786    3.0       
39.103    4.0       
39.422    5.0       
39.735    1.0       
40.045    2.0       
40.367    3.0       
40.689    4.0       
41.001    5.0       
41.326    1.0       
41.655    2.0       
41.991    3.0       
42.306    4.0       
42.633    5.0       
42.965    1.0       
43.283    2.0       
43.601    3.0       
43.917    4.0       
44.251    5.0       
44.565    1.0       
44.87     2.0       
45.177    3.0       
45.483    4.0       
45.808    5.0       
46.142    1.0       
46.479    2.0       
46.798    3.0       
47.111    4.0       
47.439    5.0       
