0.113     1.0       
0.391     2.0       
0.688     3.0       
0.988     4.0       
1.291     1.0       
1.586     2.0       
1.87      3.0       
2.158     4.0       
2.44      1.0       
2.719     2.0       
3.013     3.0       
3.293     4.0       
3.59      1.0       
3.87      2.0       
4.152     3.0       
4.449     4.0       
4.744     1.0       
5.034     2.0       
5.314     3.0       
5.593     4.0       
5.882     1.0       
6.175     2.0       
6.475     3.0       
6.758     4.0       
7.047     1.0       
7.325     2.0       
7.625     3.0       
7.921     4.0       
8.2       1.0       
8.488     2.0       
8.788     3.0       
9.08      4.0       
9.369     1.0       
9.65      2.0       
9.93      3.0       
10.218    4.0       
10.499    1.0       
10.779    2.0       
11.058    3.0       
11.338    4.0       
11.622    1.0       
11.908    2.0       
12.183    3.0       
12.457    4.0       
12.74     1.0       
13.034    2.0       
13.338    3.0       
13.627    4.0       
13.909    1.0       
14.214    2.0       
14.5      3.0       
14.789    4.0       
15.078    5.0       
15.365    1.0       
15.639    2.0       
15.937    3.0       
16.239    4.0       
16.526    5.0       
16.829    1.0       
17.125    2.0       
17.419    3.0       
17.718    4.0       
18.0      5.0       
18.297    1.0       
18.596    2.0       
18.895    3.0       
19.178    4.0       
19.451    5.0       
19.739    1.0       
20.029    2.0       
20.325    3.0       
20.619    4.0       
20.915    5.0       
21.199    1.0       
21.478    2.0       
21.759    3.0       
22.041    4.0       
22.332    5.0       
22.606    1.0       
22.896    2.0       
23.185    3.0       
23.46     4.0       
23.755    5.0       
24.033    1.0       
24.322    2.0       
24.595    3.0       
24.878    4.0       
25.164    5.0       
25.442    1.0       
25.722    2.0       
26.003    3.0       
26.293    4.0       
26.566    5.0       
26.863    1.0       
27.165    2.0       
27.458    3.0       
27.75     4.0       
28.023    5.0       
28.301    1.0       
28.592    2.0       
28.869    3.0       
29.17     4.0       
29.453    5.0       
29.739    1.0       
30.02     2.0       
30.312    3.0       
30.597    4.0       
30.87     5.0       
31.162    1.0       
31.459    2.0       
31.743    3.0       
32.017    4.0       
32.316    5.0       
32.608    1.0       
32.888    2.0       
33.193    3.0       
33.488    4.0       
33.785    5.0       
34.085    1.0       
34.385    2.0       
34.686    3.0       
34.981    4.0       
35.269    5.0       
35.568    1.0       
35.844    2.0       
36.118    3.0       
36.407    4.0       
36.693    5.0       
36.97     1.0       
37.254    2.0       
37.557    3.0       
37.837    4.0       
38.124    5.0       
38.397    1.0       
38.696    2.0       
38.988    3.0       
39.266    4.0       
39.57     5.0       
39.869    1.0       
40.159    2.0       
40.449    3.0       
40.744    4.0       
41.038    5.0       
41.329    1.0       
41.611    2.0       
41.893    3.0       
42.17     4.0       
42.45     5.0       
42.737    1.0       
43.037    2.0       
43.318    3.0       
43.619    4.0       
43.91     5.0       
44.184    1.0       
44.489    2.0       
44.788    3.0       
45.083    4.0       
45.369    5.0       
45.657    1.0       
45.945    2.0       
46.245    3.0       
46.538    4.0       
46.824    5.0       
47.12     1.0       
47.412    2.0       
47.711    3.0       
47.985    4.0       
48.274    5.0       
48.548    1.0       
48.842    2.0       
49.135    3.0       
49.413    4.0       
49.71     5.0       
50.011    1.0       
50.31     2.0       
50.597    3.0       
50.873    4.0       
51.156    5.0       
51.461    1.0       
51.744    2.0       
52.036    3.0       
52.325    4.0       
52.626    5.0       
52.925    1.0       
53.201    2.0       
53.48     3.0       
53.767    4.0       
54.055    5.0       
