0.289     1.0       
0.547     2.0       
0.807     3.0       
1.047     4.0       
1.291     1.0       
1.539     2.0       
1.77      3.0       
2.017     4.0       
2.266     1.0       
2.508     2.0       
2.759     3.0       
3.011     4.0       
3.258     1.0       
3.511     2.0       
3.754     3.0       
3.99      4.0       
4.23      1.0       
4.475     2.0       
4.736     3.0       
4.966     4.0       
5.201     1.0       
5.459     2.0       
5.711     3.0       
5.947     4.0       
6.19      1.0       
6.437     2.0       
6.677     3.0       
6.925     4.0       
7.16      1.0       
7.397     2.0       
7.644     3.0       
7.898     4.0       
8.159     1.0       
8.406     2.0       
8.638     3.0       
8.883     4.0       
9.132     1.0       
9.384     2.0       
9.642     3.0       
9.872     4.0       
10.125    1.0       
10.363    2.0       
10.605    3.0       
10.843    4.0       
11.086    1.0       
11.342    2.0       
11.588    3.0       
11.842    4.0       
12.084    1.0       
12.344    2.0       
12.604    3.0       
12.834    4.0       
13.071    1.0       
13.315    2.0       
13.56     3.0       
13.791    4.0       
14.052    1.0       
14.291    2.0       
14.545    3.0       
14.787    4.0       
15.036    1.0       
15.269    2.0       
15.507    3.0       
15.742    4.0       
15.986    1.0       
16.246    2.0       
16.488    3.0       
16.733    4.0       
16.969    1.0       
17.206    2.0       
17.435    3.0       
17.689    4.0       
17.928    1.0       
18.166    2.0       
18.421    3.0       
18.652    4.0       
18.905    1.0       
19.164    2.0       
19.408    3.0       
19.643    4.0       
19.885    1.0       
20.134    2.0       
20.377    3.0       
20.613    4.0       
20.863    1.0       
21.095    2.0       
21.332    3.0       
21.589    4.0       
21.834    1.0       
22.08     2.0       
22.324    3.0       
22.559    4.0       
22.796    1.0       
23.057    2.0       
23.302    3.0       
23.543    4.0       
23.78     1.0       
24.012    2.0       
24.255    3.0       
24.495    4.0       
24.728    1.0       
24.986    2.0       
25.243    3.0       
25.499    4.0       
25.731    1.0       
25.971    2.0       
26.224    3.0       
26.469    4.0       
26.719    1.0       
26.962    2.0       
27.193    3.0       
27.424    4.0       
27.673    1.0       
27.932    2.0       
28.166    3.0       
28.424    4.0       
28.668    1.0       
28.924    2.0       
29.167    3.0       
29.406    4.0       
29.66     1.0       
29.906    2.0       
30.148    3.0       
30.402    4.0       
30.649    1.0       
30.908    2.0       
31.169    3.0       
31.402    4.0       
31.637    1.0       
31.891    2.0       
32.143    3.0       
32.393    4.0       
32.635    5.0       
32.886    1.0       
33.146    2.0       
33.38     3.0       
33.626    4.0       
33.873    5.0       
34.119    1.0       
34.353    2.0       
34.601    3.0       
34.845    4.0       
35.1      5.0       
35.343    1.0       
35.585    2.0       
35.838    3.0       
36.076    4.0       
36.309    5.0       
36.548    1.0       
36.805    2.0       
37.055    3.0       
37.306    4.0       
37.557    5.0       
37.79     1.0       
38.038    2.0       
38.277    3.0       
38.527    4.0       
38.777    5.0       
39.015    1.0       
39.26     2.0       
39.498    3.0       
39.755    4.0       
40.008    5.0       
40.245    1.0       
40.486    2.0       
40.726    3.0       
40.987    4.0       
41.231    5.0       
41.465    1.0       
41.702    2.0       
41.937    3.0       
42.194    4.0       
42.439    5.0       
42.668    1.0       
42.911    2.0       
43.172    3.0       
43.419    4.0       
43.652    5.0       
43.882    1.0       
44.118    2.0       
44.355    3.0       
44.599    4.0       
44.847    5.0       
45.08     1.0       
45.332    2.0       
45.577    3.0       
45.811    4.0       
46.044    5.0       
46.283    1.0       
46.537    2.0       
46.79     3.0       
47.021    4.0       
47.272    5.0       
47.53     1.0       
47.778    2.0       
48.013    3.0       
48.271    4.0       
48.513    5.0       
48.745    1.0       
48.992    2.0       
49.245    3.0       
49.495    4.0       
49.747    5.0       
49.977    1.0       
50.231    2.0       
50.49     3.0       
50.739    4.0       
50.974    5.0       
51.212    1.0       
51.473    2.0       
51.723    3.0       
51.981    4.0       
52.228    5.0       
52.485    1.0       
52.724    2.0       
52.967    3.0       
53.22     4.0       
53.466    5.0       
53.7      1.0       
53.946    2.0       
54.18     3.0       
54.414    4.0       
54.652    5.0       
54.9      1.0       
55.147    2.0       
55.394    3.0       
55.636    4.0       
55.888    5.0       
