0.271     1.0       
0.552     2.0       
0.817     3.0       
1.075     4.0       
1.327     1.0       
1.588     2.0       
1.84      3.0       
2.121     4.0       
2.388     1.0       
2.662     2.0       
2.918     3.0       
3.177     4.0       
3.432     1.0       
3.69      2.0       
3.943     3.0       
4.209     4.0       
4.477     1.0       
4.742     2.0       
5.002     3.0       
5.279     4.0       
5.552     1.0       
5.819     2.0       
6.075     3.0       
6.336     4.0       
6.596     1.0       
6.864     2.0       
7.145     3.0       
7.406     4.0       
7.686     1.0       
7.962     2.0       
8.226     3.0       
8.493     4.0       
8.774     1.0       
9.048     2.0       
9.307     3.0       
9.571     4.0       
9.845     1.0       
10.117    2.0       
10.39     3.0       
10.667    4.0       
10.927    1.0       
11.2      2.0       
11.479    3.0       
11.76     4.0       
12.019    1.0       
12.268    2.0       
12.524    3.0       
12.792    4.0       
13.059    1.0       
13.327    2.0       
13.588    3.0       
13.842    4.0       
14.117    1.0       
14.393    2.0       
14.674    3.0       
14.951    4.0       
15.218    1.0       
15.484    2.0       
15.733    3.0       
16.01     4.0       
16.287    1.0       
16.552    2.0       
16.819    3.0       
17.098    4.0       
17.347    1.0       
17.599    2.0       
17.876    3.0       
18.135    4.0       
18.41     5.0       
18.691    1.0       
18.956    2.0       
19.215    3.0       
19.468    4.0       
19.717    5.0       
19.98     1.0       
20.252    2.0       
20.523    3.0       
20.789    4.0       
21.039    5.0       
21.294    1.0       
21.55     2.0       
21.803    3.0       
22.071    4.0       
22.325    5.0       
22.603    1.0       
22.862    2.0       
23.129    3.0       
23.386    4.0       
23.653    5.0       
23.906    1.0       
24.177    2.0       
24.443    3.0       
24.716    4.0       
24.97     5.0       
25.247    1.0       
25.515    2.0       
25.767    3.0       
26.03     4.0       
26.289    5.0       
26.559    1.0       
26.833    2.0       
27.082    3.0       
27.358    4.0       
27.621    5.0       
27.887    1.0       
28.136    2.0       
28.402    3.0       
28.661    4.0       
28.915    5.0       
29.183    1.0       
29.438    2.0       
29.692    3.0       
29.954    4.0       
30.206    5.0       
30.475    1.0       
30.735    2.0       
31.015    3.0       
31.274    4.0       
31.544    5.0       
31.81     1.0       
32.09     2.0       
32.354    3.0       
32.609    4.0       
32.881    5.0       
33.135    1.0       
33.384    2.0       
33.657    3.0       
33.908    4.0       
34.184    5.0       
34.452    1.0       
34.718    2.0       
34.994    3.0       
35.257    4.0       
35.519    5.0       
35.769    1.0       
36.021    2.0       
36.285    3.0       
36.553    4.0       
36.807    5.0       
37.075    1.0       
37.33     2.0       
37.583    3.0       
37.857    4.0       
38.126    5.0       
