0.159     1.0       
0.397     2.0       
0.647     3.0       
0.907     4.0       
1.151     1.0       
1.401     2.0       
1.643     3.0       
1.893     4.0       
2.13      1.0       
2.384     2.0       
2.648     3.0       
2.889     4.0       
3.14      1.0       
3.382     2.0       
3.635     3.0       
3.87      4.0       
4.113     1.0       
4.36      2.0       
4.623     3.0       
4.865     4.0       
5.098     1.0       
5.361     2.0       
5.62      3.0       
5.864     4.0       
6.103     1.0       
6.358     2.0       
6.614     3.0       
6.857     4.0       
7.12      1.0       
7.361     2.0       
7.612     3.0       
7.869     4.0       
8.132     1.0       
8.368     2.0       
8.605     3.0       
8.856     4.0       
9.097     1.0       
9.356     2.0       
9.611     3.0       
9.845     4.0       
10.082    1.0       
10.316    2.0       
10.551    3.0       
10.81     4.0       
11.05     1.0       
11.29     2.0       
11.538    3.0       
11.793    4.0       
12.04     1.0       
12.302    2.0       
12.567    3.0       
12.811    4.0       
13.047    1.0       
13.294    2.0       
13.559    3.0       
13.793    4.0       
14.028    1.0       
14.275    2.0       
14.512    3.0       
14.764    4.0       
15.024    1.0       
15.282    2.0       
15.522    3.0       
15.763    4.0       
16.028    1.0       
16.275    2.0       
16.512    3.0       
16.77     4.0       
17.011    5.0       
17.25     1.0       
17.491    2.0       
17.736    3.0       
17.98     4.0       
18.239    5.0       
18.474    1.0       
18.708    2.0       
18.941    3.0       
19.177    4.0       
19.432    5.0       
19.686    1.0       
19.921    2.0       
20.158    3.0       
20.399    4.0       
20.649    5.0       
20.906    1.0       
21.148    2.0       
21.402    3.0       
21.648    4.0       
21.891    5.0       
22.141    1.0       
22.404    2.0       
22.654    3.0       
22.911    4.0       
23.168    5.0       
23.404    1.0       
23.66     2.0       
23.918    3.0       
24.18     4.0       
24.423    5.0       
24.681    1.0       
24.916    2.0       
25.178    3.0       
25.438    4.0       
25.703    5.0       
25.967    1.0       
26.211    2.0       
26.461    3.0       
26.714    4.0       
26.977    5.0       
27.241    1.0       
27.504    2.0       
27.75     3.0       
28.013    4.0       
28.259    5.0       
28.492    1.0       
28.752    2.0       
29.001    3.0       
29.244    4.0       
29.484    5.0       
29.742    1.0       
29.983    2.0       
30.217    3.0       
30.458    4.0       
30.702    5.0       
30.959    1.0       
31.214    2.0       
31.451    3.0       
31.697    4.0       
31.96     5.0       
32.21     1.0       
32.446    2.0       
32.688    3.0       
32.942    4.0       
33.201    5.0       
33.449    1.0       
33.693    2.0       
33.951    3.0       
34.188    4.0       
34.443    5.0       
34.683    1.0       
34.942    2.0       
35.181    3.0       
35.424    4.0       
35.671    5.0       
35.916    1.0       
36.177    2.0       
36.44     3.0       
36.701    4.0       
36.964    5.0       
37.224    1.0       
37.484    2.0       
37.746    3.0       
38.002    4.0       
38.257    5.0       
38.519    1.0       
38.779    2.0       
39.016    3.0       
39.278    4.0       
39.52     5.0       
39.781    1.0       
40.032    2.0       
40.28     3.0       
40.543    4.0       
40.777    5.0       
41.041    1.0       
41.278    2.0       
41.537    3.0       
41.786    4.0       
42.031    5.0       
42.29     1.0       
42.527    2.0       
42.763    3.0       
43.023    4.0       
43.263    5.0       
43.522    1.0       
43.783    2.0       
44.029    3.0       
44.288    4.0       
44.523    5.0       
44.773    1.0       
45.009    2.0       
45.245    3.0       
45.498    4.0       
45.761    5.0       
46.019    1.0       
46.263    2.0       
46.51     3.0       
46.755    4.0       
46.995    5.0       
47.241    1.0       
47.495    2.0       
47.735    3.0       
47.991    4.0       
48.242    5.0       
48.486    1.0       
48.719    2.0       
48.966    3.0       
49.199    4.0       
49.446    5.0       
49.699    1.0       
49.937    2.0       
50.192    3.0       
50.45     4.0       
50.69     5.0       
