0.103     1.0       
0.365     2.0       
0.626     3.0       
0.865     4.0       
1.113     1.0       
1.369     2.0       
1.621     3.0       
1.873     4.0       
2.132     1.0       
2.376     2.0       
2.623     3.0       
2.882     4.0       
3.13      1.0       
3.376     2.0       
3.627     3.0       
3.866     4.0       
4.124     1.0       
4.393     2.0       
4.644     3.0       
4.893     4.0       
5.134     1.0       
5.393     2.0       
5.648     3.0       
5.896     4.0       
6.151     1.0       
6.407     2.0       
6.65      3.0       
6.916     4.0       
7.178     1.0       
7.418     2.0       
7.677     3.0       
7.925     4.0       
8.182     1.0       
8.437     2.0       
8.701     3.0       
8.953     4.0       
9.209     1.0       
9.469     2.0       
9.738     3.0       
10.002    4.0       
10.25     1.0       
10.494    2.0       
10.739    3.0       
10.991    4.0       
11.247    1.0       
11.506    2.0       
11.761    3.0       
12.002    4.0       
12.268    1.0       
12.535    2.0       
12.801    3.0       
13.067    4.0       
13.32     1.0       
13.564    2.0       
13.831    3.0       
14.095    4.0       
14.343    1.0       
14.607    2.0       
14.862    3.0       
15.104    4.0       
15.369    1.0       
15.616    2.0       
15.858    3.0       
16.109    4.0       
16.359    1.0       
16.6      2.0       
16.841    3.0       
17.086    4.0       
17.352    1.0       
17.614    2.0       
17.858    3.0       
18.115    4.0       
18.383    1.0       
18.643    2.0       
18.884    3.0       
19.147    4.0       
19.396    1.0       
19.638    2.0       
19.885    3.0       
20.153    4.0       
20.393    1.0       
20.634    2.0       
20.875    3.0       
21.144    4.0       
21.412    1.0       
21.662    2.0       
21.92     3.0       
22.161    4.0       
22.41     1.0       
22.668    2.0       
22.923    3.0       
23.168    4.0       
23.414    1.0       
23.651    2.0       
23.905    3.0       
24.162    4.0       
24.412    1.0       
24.669    2.0       
24.932    3.0       
25.181    4.0       
25.439    5.0       
25.68     1.0       
25.923    2.0       
26.17     3.0       
26.415    4.0       
26.679    5.0       
26.94     1.0       
27.19     2.0       
27.431    3.0       
27.683    4.0       
27.947    5.0       
28.198    1.0       
28.457    2.0       
28.72     3.0       
28.986    4.0       
29.229    5.0       
29.498    1.0       
29.76     2.0       
30.022    3.0       
30.276    4.0       
30.543    5.0       
30.789    1.0       
31.046    2.0       
31.313    3.0       
31.563    4.0       
31.803    5.0       
32.058    1.0       
32.309    2.0       
32.554    3.0       
32.803    4.0       
33.067    5.0       
33.329    1.0       
33.585    2.0       
33.823    3.0       
34.077    4.0       
34.343    5.0       
