0.14      1.0       
0.382     2.0       
0.625     3.0       
0.894     4.0       
1.15      1.0       
1.395     2.0       
1.639     3.0       
1.901     4.0       
2.156     1.0       
2.422     2.0       
2.682     3.0       
2.924     4.0       
3.195     1.0       
3.444     2.0       
3.706     3.0       
3.975     4.0       
4.227     1.0       
4.483     2.0       
4.729     3.0       
4.992     4.0       
5.255     1.0       
5.507     2.0       
5.747     3.0       
5.992     4.0       
6.241     1.0       
6.487     2.0       
6.742     3.0       
6.986     4.0       
7.231     1.0       
7.49      2.0       
7.737     3.0       
7.983     4.0       
8.255     1.0       
8.509     2.0       
8.779     3.0       
9.036     4.0       
9.297     1.0       
9.553     2.0       
9.808     3.0       
10.078    4.0       
10.334    1.0       
10.591    2.0       
10.852    3.0       
11.1      4.0       
11.362    1.0       
11.628    2.0       
11.879    3.0       
12.132    4.0       
12.388    1.0       
12.63     2.0       
12.891    3.0       
13.15     4.0       
13.417    1.0       
13.667    2.0       
13.937    3.0       
14.207    4.0       
14.455    1.0       
14.705    2.0       
14.976    3.0       
15.229    4.0       
15.473    1.0       
15.745    2.0       
16.01     3.0       
16.259    4.0       
16.52     1.0       
16.772    2.0       
17.027    3.0       
17.283    4.0       
17.546    1.0       
17.813    2.0       
18.07     3.0       
18.337    4.0       
18.582    1.0       
18.825    2.0       
19.071    3.0       
19.333    4.0       
19.588    1.0       
19.85     2.0       
20.111    3.0       
20.38     4.0       
20.642    1.0       
20.901    2.0       
21.155    3.0       
21.409    4.0       
21.68     1.0       
21.948    2.0       
22.2      3.0       
22.468    4.0       
22.74     1.0       
23.007    2.0       
23.253    3.0       
23.523    4.0       
23.777    1.0       
24.023    2.0       
24.265    3.0       
24.522    4.0       
24.782    1.0       
25.026    2.0       
25.275    3.0       
25.525    4.0       
25.769    1.0       
26.016    2.0       
26.267    3.0       
26.508    4.0       
26.762    1.0       
27.016    2.0       
27.282    3.0       
27.546    4.0       
27.808    1.0       
28.048    2.0       
28.304    3.0       
28.555    4.0       
28.803    1.0       
29.043    2.0       
29.298    3.0       
29.57     4.0       
29.831    1.0       
30.097    2.0       
30.363    3.0       
30.606    4.0       
30.865    1.0       
31.132    2.0       
31.378    3.0       
31.643    4.0       
31.912    1.0       
32.17     2.0       
32.414    3.0       
32.682    4.0       
32.945    1.0       
33.2      2.0       
33.444    3.0       
33.695    4.0       
33.939    5.0       
34.179    1.0       
34.422    2.0       
34.693    3.0       
34.955    4.0       
35.211    5.0       
35.478    1.0       
35.748    2.0       
36.016    3.0       
36.281    4.0       
36.534    5.0       
36.795    1.0       
37.064    2.0       
37.318    3.0       
37.572    4.0       
37.814    5.0       
38.077    1.0       
38.343    2.0       
38.592    3.0       
38.851    4.0       
39.122    5.0       
39.384    1.0       
39.64     2.0       
39.897    3.0       
40.144    4.0       
40.384    5.0       
40.638    1.0       
40.899    2.0       
41.141    3.0       
41.408    4.0       
41.667    5.0       
41.917    1.0       
42.16     2.0       
42.419    3.0       
42.691    4.0       
42.933    5.0       
