0.171     1.0       
0.44      2.0       
0.698     3.0       
0.94      4.0       
1.198     1.0       
1.468     2.0       
1.736     3.0       
1.978     4.0       
2.238     1.0       
2.491     2.0       
2.73      3.0       
2.977     4.0       
3.245     1.0       
3.49      2.0       
3.748     3.0       
3.998     4.0       
4.251     1.0       
4.511     2.0       
4.767     3.0       
5.025     4.0       
5.286     1.0       
5.553     2.0       
5.807     3.0       
6.063     4.0       
6.313     1.0       
6.558     2.0       
6.82      3.0       
7.059     4.0       
7.329     1.0       
7.569     2.0       
7.824     3.0       
8.082     4.0       
8.325     1.0       
8.579     2.0       
8.843     3.0       
9.105     4.0       
9.372     5.0       
9.614     1.0       
9.864     2.0       
10.116    3.0       
10.381    4.0       
10.625    5.0       
10.879    1.0       
11.139    2.0       
11.392    3.0       
11.658    4.0       
11.899    5.0       
12.165    1.0       
12.427    2.0       
12.674    3.0       
12.943    4.0       
13.183    5.0       
13.441    1.0       
13.702    2.0       
13.955    3.0       
14.226    4.0       
14.493    5.0       
14.762    1.0       
15.015    2.0       
15.275    3.0       
15.544    4.0       
15.803    5.0       
16.073    1.0       
16.339    2.0       
16.593    3.0       
16.848    4.0       
17.094    5.0       
17.363    1.0       
17.61     2.0       
17.865    3.0       
18.132    4.0       
18.375    5.0       
