0.271     1.0       
0.535     2.0       
0.787     3.0       
1.033     4.0       
1.279     1.0       
1.53      2.0       
1.789     3.0       
2.051     4.0       
2.298     1.0       
2.547     2.0       
2.813     3.0       
3.09      4.0       
3.357     1.0       
3.618     2.0       
3.868     3.0       
4.144     4.0       
4.414     1.0       
4.675     2.0       
4.923     3.0       
5.185     4.0       
5.446     1.0       
5.721     2.0       
5.993     3.0       
6.251     4.0       
6.498     1.0       
6.748     2.0       
7.021     3.0       
7.283     4.0       
7.548     1.0       
7.802     2.0       
8.066     3.0       
8.318     4.0       
8.59      1.0       
8.85      2.0       
9.124     3.0       
9.372     4.0       
9.645     1.0       
9.891     2.0       
10.153    3.0       
10.41     4.0       
10.666    1.0       
10.924    2.0       
11.18     3.0       
11.449    4.0       
11.704    1.0       
11.951    2.0       
12.223    3.0       
12.493    4.0       
12.76     1.0       
13.008    2.0       
13.274    3.0       
13.53     4.0       
13.801    1.0       
14.049    2.0       
14.306    3.0       
14.583    4.0       
14.83     1.0       
15.079    2.0       
15.342    3.0       
15.604    4.0       
15.855    1.0       
16.128    2.0       
16.379    3.0       
16.633    4.0       
16.882    1.0       
17.138    2.0       
17.404    3.0       
17.673    4.0       
17.949    1.0       
18.201    2.0       
18.466    3.0       
18.717    4.0       
18.989    1.0       
19.266    2.0       
19.522    3.0       
19.786    4.0       
20.063    1.0       
20.34     2.0       
20.595    3.0       
20.863    4.0       
21.118    1.0       
21.38     2.0       
21.646    3.0       
21.904    4.0       
22.168    1.0       
22.437    2.0       
22.693    3.0       
22.945    4.0       
23.193    1.0       
23.447    2.0       
23.71     3.0       
23.963    4.0       
24.231    1.0       
24.477    2.0       
24.742    3.0       
25.017    4.0       
25.268    1.0       
25.53     2.0       
25.788    3.0       
26.042    4.0       
26.3      5.0       
26.545    1.0       
26.819    2.0       
27.095    3.0       
27.346    4.0       
27.619    5.0       
27.888    1.0       
28.16     2.0       
28.43     3.0       
28.675    4.0       
28.933    5.0       
29.192    1.0       
29.441    2.0       
29.704    3.0       
29.966    4.0       
30.226    5.0       
30.484    1.0       
30.755    2.0       
31.016    3.0       
31.264    4.0       
31.511    5.0       
31.765    1.0       
32.039    2.0       
32.293    3.0       
32.549    4.0       
32.814    5.0       
33.073    1.0       
33.343    2.0       
33.588    3.0       
33.837    4.0       
34.098    5.0       
34.355    1.0       
34.629    2.0       
34.877    3.0       
35.14     4.0       
35.406    5.0       
35.656    1.0       
35.922    2.0       
36.186    3.0       
36.445    4.0       
36.7      5.0       
36.965    1.0       
37.219    2.0       
37.465    3.0       
37.727    4.0       
37.991    5.0       
38.264    1.0       
38.514    2.0       
38.766    3.0       
39.04     4.0       
39.308    5.0       
39.571    1.0       
39.845    2.0       
40.1      3.0       
40.358    4.0       
40.617    5.0       
40.894    1.0       
41.17     2.0       
41.418    3.0       
41.667    4.0       
41.933    5.0       
42.194    1.0       
42.467    2.0       
42.742    3.0       
43.003    4.0       
43.272    5.0       
43.524    1.0       
43.794    2.0       
44.042    3.0       
44.288    4.0       
44.537    5.0       
44.793    1.0       
45.054    2.0       
45.306    3.0       
45.555    4.0       
45.8      5.0       
