0.116     1.0       
0.442     2.0       
0.761     3.0       
1.087     4.0       
1.409     1.0       
1.725     2.0       
2.042     3.0       
2.367     4.0       
2.696     1.0       
3.015     2.0       
3.338     3.0       
3.642     4.0       
3.96      1.0       
4.285     2.0       
4.6       3.0       
4.909     4.0       
5.238     1.0       
5.563     2.0       
5.879     3.0       
6.179     4.0       
6.505     1.0       
6.804     2.0       
7.135     3.0       
7.461     4.0       
7.783     1.0       
8.099     2.0       
8.408     3.0       
8.711     4.0       
9.024     1.0       
9.348     2.0       
9.67      3.0       
10.0      4.0       
10.304    1.0       
10.621    2.0       
10.941    3.0       
11.263    4.0       
11.586    1.0       
11.9      2.0       
12.226    3.0       
12.539    4.0       
12.847    1.0       
13.153    2.0       
13.454    3.0       
13.769    4.0       
14.096    1.0       
14.412    2.0       
14.727    3.0       
15.046    4.0       
15.356    1.0       
15.664    2.0       
15.994    3.0       
16.318    4.0       
16.646    1.0       
16.974    2.0       
17.29     3.0       
17.62     4.0       
17.93     1.0       
18.254    2.0       
18.575    3.0       
18.891    4.0       
19.216    1.0       
19.515    2.0       
19.838    3.0       
20.161    4.0       
20.466    1.0       
20.776    2.0       
21.097    3.0       
21.413    4.0       
21.712    5.0       
22.039    1.0       
22.338    2.0       
22.643    3.0       
22.952    4.0       
23.275    5.0       
23.606    1.0       
23.93     2.0       
24.253    3.0       
24.556    4.0       
24.868    5.0       
25.181    1.0       
25.49     2.0       
25.819    3.0       
26.132    4.0       
26.448    5.0       
26.763    1.0       
27.084    2.0       
27.412    3.0       
27.74     4.0       
28.059    5.0       
28.381    1.0       
28.705    2.0       
29.034    3.0       
29.349    4.0       
29.669    5.0       
29.991    1.0       
30.295    2.0       
30.615    3.0       
30.943    4.0       
31.274    5.0       
31.573    1.0       
31.902    2.0       
32.233    3.0       
32.564    4.0       
32.89     5.0       
