0.152     1.0       
0.409     2.0       
0.68      3.0       
0.956     4.0       
1.222     1.0       
1.475     2.0       
1.753     3.0       
2.026     4.0       
2.285     1.0       
2.538     2.0       
2.798     3.0       
3.06      4.0       
3.326     1.0       
3.577     2.0       
3.845     3.0       
4.119     4.0       
4.386     1.0       
4.645     2.0       
4.921     3.0       
5.181     4.0       
5.46      1.0       
5.738     2.0       
5.99      3.0       
6.249     4.0       
6.517     1.0       
6.786     2.0       
7.057     3.0       
7.317     4.0       
7.583     1.0       
7.839     2.0       
8.088     3.0       
8.366     4.0       
8.613     1.0       
8.866     2.0       
9.122     3.0       
9.385     4.0       
9.651     1.0       
9.92      2.0       
10.177    3.0       
10.43     4.0       
10.695    1.0       
10.972    2.0       
11.227    3.0       
11.486    4.0       
11.755    1.0       
12.032    2.0       
12.3      3.0       
12.579    4.0       
12.839    1.0       
13.11     2.0       
13.361    3.0       
13.609    4.0       
13.877    1.0       
14.144    2.0       
14.394    3.0       
14.648    4.0       
14.905    1.0       
15.17     2.0       
15.429    3.0       
15.702    4.0       
15.953    1.0       
16.222    2.0       
16.475    3.0       
16.732    4.0       
17.006    1.0       
17.279    2.0       
17.556    3.0       
17.808    4.0       
18.055    5.0       
18.324    1.0       
18.594    2.0       
18.85     3.0       
19.101    4.0       
19.351    5.0       
19.615    1.0       
19.867    2.0       
20.114    3.0       
20.366    4.0       
20.643    5.0       
20.907    1.0       
21.16     2.0       
21.419    3.0       
21.666    4.0       
21.925    5.0       
22.181    1.0       
22.453    2.0       
22.706    3.0       
22.972    4.0       
23.245    5.0       
23.508    1.0       
23.761    2.0       
24.017    3.0       
24.287    4.0       
24.54     5.0       
24.791    1.0       
25.038    2.0       
25.303    3.0       
25.566    4.0       
25.828    5.0       
26.092    1.0       
26.344    2.0       
26.623    3.0       
26.887    4.0       
27.14     5.0       
27.406    1.0       
27.664    2.0       
27.918    3.0       
28.182    4.0       
28.435    5.0       
28.696    1.0       
28.952    2.0       
29.2      3.0       
29.457    4.0       
29.705    5.0       
29.964    1.0       
30.214    2.0       
30.469    3.0       
30.747    4.0       
31.009    5.0       
31.264    1.0       
31.514    2.0       
31.769    3.0       
32.017    4.0       
32.285    5.0       
32.543    1.0       
32.802    2.0       
33.075    3.0       
33.343    4.0       
33.598    5.0       
33.876    1.0       
34.153    2.0       
34.416    3.0       
34.68     4.0       
34.938    5.0       
35.191    1.0       
35.458    2.0       
35.728    3.0       
36.005    4.0       
36.274    5.0       
36.521    1.0       
36.788    2.0       
37.046    3.0       
37.306    4.0       
37.583    5.0       
37.841    1.0       
38.11     2.0       
38.361    3.0       
38.636    4.0       
38.913    5.0       
39.164    1.0       
39.443    2.0       
39.698    3.0       
39.965    4.0       
40.222    5.0       
40.491    1.0       
40.769    2.0       
41.048    3.0       
41.307    4.0       
41.555    5.0       
41.81     1.0       
42.074    2.0       
42.323    3.0       
42.57     4.0       
42.818    5.0       
43.065    1.0       
43.317    2.0       
43.569    3.0       
43.835    4.0       
44.11     5.0       
44.37     1.0       
44.648    2.0       
44.927    3.0       
45.18     4.0       
45.435    5.0       
45.7      1.0       
45.963    2.0       
46.227    3.0       
46.506    4.0       
46.773    5.0       
47.023    1.0       
47.29     2.0       
47.547    3.0       
47.82     4.0       
48.08     5.0       
