0.141     1.0       
0.429     2.0       
0.715     3.0       
0.989     4.0       
1.258     1.0       
1.534     2.0       
1.808     3.0       
2.086     4.0       
2.355     1.0       
2.622     2.0       
2.901     3.0       
3.177     4.0       
3.447     1.0       
3.734     2.0       
4.019     3.0       
4.298     4.0       
4.564     1.0       
4.831     2.0       
5.099     3.0       
5.38      4.0       
5.663     1.0       
5.956     2.0       
6.231     3.0       
6.516     4.0       
6.792     1.0       
7.071     2.0       
7.337     3.0       
7.611     4.0       
7.88      1.0       
8.161     2.0       
8.427     3.0       
8.693     4.0       
8.974     1.0       
9.256     2.0       
9.521     3.0       
9.814     4.0       
10.096    1.0       
10.374    2.0       
10.652    3.0       
10.927    4.0       
11.195    1.0       
11.479    2.0       
11.762    3.0       
12.036    4.0       
12.311    1.0       
12.596    2.0       
12.872    3.0       
13.146    4.0       
13.409    1.0       
13.693    2.0       
13.977    3.0       
14.248    4.0       
14.519    1.0       
14.794    2.0       
15.077    3.0       
15.344    4.0       
15.626    1.0       
15.91     2.0       
16.203    3.0       
16.483    4.0       
16.748    1.0       
17.016    2.0       
17.28     3.0       
17.552    4.0       
17.821    1.0       
18.102    2.0       
18.373    3.0       
18.647    4.0       
18.917    1.0       
19.201    2.0       
19.488    3.0       
19.774    4.0       
20.046    1.0       
20.338    2.0       
20.61     3.0       
20.895    4.0       
21.177    1.0       
21.44     2.0       
21.733    3.0       
22.013    4.0       
22.304    1.0       
22.577    2.0       
22.843    3.0       
23.12     4.0       
23.4      1.0       
23.683    2.0       
23.953    3.0       
24.246    4.0       
24.51     1.0       
24.786    2.0       
25.066    3.0       
25.339    4.0       
25.61     1.0       
25.888    2.0       
26.18     3.0       
26.457    4.0       
26.74     1.0       
27.031    2.0       
27.306    3.0       
27.572    4.0       
27.861    1.0       
28.13     2.0       
28.407    3.0       
28.681    4.0       
28.972    1.0       
29.25     2.0       
29.534    3.0       
29.824    4.0       
30.096    1.0       
30.358    2.0       
30.629    3.0       
30.911    4.0       
31.193    1.0       
31.468    2.0       
31.741    3.0       
32.021    4.0       
32.313    1.0       
32.575    2.0       
32.855    3.0       
33.119    4.0       
33.384    1.0       
33.669    2.0       
33.934    3.0       
34.208    4.0       
34.486    1.0       
34.769    2.0       
35.032    3.0       
35.316    4.0       
35.578    1.0       
35.84     2.0       
36.122    3.0       
36.404    4.0       
36.69     5.0       
36.952    1.0       
37.24     2.0       
37.516    3.0       
37.782    4.0       
38.072    5.0       
38.351    1.0       
38.634    2.0       
38.928    3.0       
39.21     4.0       
39.491    5.0       
39.764    1.0       
40.05     2.0       
40.341    3.0       
40.63     4.0       
40.917    5.0       
41.192    1.0       
41.457    2.0       
41.724    3.0       
41.995    4.0       
42.279    5.0       
42.57     1.0       
42.862    2.0       
43.138    3.0       
43.411    4.0       
43.703    5.0       
43.992    1.0       
44.273    2.0       
44.561    3.0       
44.844    4.0       
45.13     5.0       
45.414    1.0       
45.703    2.0       
45.994    3.0       
46.283    4.0       
46.556    5.0       
46.82     1.0       
47.092    2.0       
47.369    3.0       
47.647    4.0       
47.925    5.0       
48.21     1.0       
48.479    2.0       
48.766    3.0       
49.043    4.0       
49.308    5.0       
49.598    1.0       
49.878    2.0       
50.165    3.0       
50.44     4.0       
50.729    5.0       
51.017    1.0       
51.289    2.0       
51.563    3.0       
51.841    4.0       
52.131    5.0       
