0.241     1.0       
0.511     2.0       
0.772     3.0       
1.038     4.0       
1.294     1.0       
1.546     2.0       
1.811     3.0       
2.08      4.0       
2.336     1.0       
2.6       2.0       
2.849     3.0       
3.117     4.0       
3.359     1.0       
3.603     2.0       
3.869     3.0       
4.112     4.0       
4.369     1.0       
4.615     2.0       
4.886     3.0       
5.144     4.0       
5.399     1.0       
5.668     2.0       
5.939     3.0       
6.202     4.0       
6.451     1.0       
6.724     2.0       
6.991     3.0       
7.233     4.0       
7.495     1.0       
7.737     2.0       
7.995     3.0       
8.246     4.0       
8.506     1.0       
8.765     2.0       
9.029     3.0       
9.272     4.0       
9.519     1.0       
9.78      2.0       
10.031    3.0       
10.294    4.0       
10.564    1.0       
10.821    2.0       
11.094    3.0       
11.336    4.0       
11.603    1.0       
11.869    2.0       
12.137    3.0       
12.382    4.0       
12.623    1.0       
12.896    2.0       
13.152    3.0       
13.417    4.0       
13.659    5.0       
13.917    1.0       
14.174    2.0       
14.447    3.0       
14.692    4.0       
14.944    5.0       
15.191    1.0       
15.461    2.0       
15.702    3.0       
15.955    4.0       
16.226    5.0       
16.478    1.0       
16.749    2.0       
17.009    3.0       
17.267    4.0       
17.531    5.0       
17.783    1.0       
18.055    2.0       
18.321    3.0       
18.587    4.0       
18.854    5.0       
19.109    1.0       
19.363    2.0       
19.609    3.0       
19.867    4.0       
20.109    5.0       
20.353    1.0       
20.621    2.0       
20.872    3.0       
21.12     4.0       
21.363    5.0       
21.631    1.0       
21.895    2.0       
22.163    3.0       
22.416    4.0       
22.685    5.0       
