0.125     1.0       
0.387     2.0       
0.625     3.0       
0.859     4.0       
1.095     1.0       
1.344     2.0       
1.595     3.0       
1.856     4.0       
2.108     1.0       
2.347     2.0       
2.606     3.0       
2.844     4.0       
3.088     1.0       
3.326     2.0       
3.567     3.0       
3.828     4.0       
4.084     1.0       
4.345     2.0       
4.606     3.0       
4.856     4.0       
5.094     1.0       
5.324     2.0       
5.564     3.0       
5.8       4.0       
6.05      1.0       
6.312     2.0       
6.573     3.0       
6.834     4.0       
7.066     1.0       
7.313     2.0       
7.574     3.0       
7.812     4.0       
8.05      1.0       
8.285     2.0       
8.517     3.0       
8.767     4.0       
9.002     1.0       
9.258     2.0       
9.498     3.0       
9.746     4.0       
10.008    1.0       
10.259    2.0       
10.519    3.0       
10.768    4.0       
11.005    1.0       
11.257    2.0       
11.498    3.0       
11.756    4.0       
12.003    1.0       
12.264    2.0       
12.512    3.0       
12.745    4.0       
13.007    1.0       
13.249    2.0       
13.503    3.0       
13.761    4.0       
14.021    1.0       
14.28     2.0       
14.527    3.0       
14.775    4.0       
15.034    1.0       
15.283    2.0       
15.526    3.0       
15.76     4.0       
16.015    1.0       
16.275    2.0       
16.508    3.0       
16.765    4.0       
17.012    1.0       
17.265    2.0       
17.503    3.0       
17.746    4.0       
17.985    1.0       
18.244    2.0       
18.478    3.0       
18.726    4.0       
18.979    1.0       
19.214    2.0       
19.465    3.0       
19.721    4.0       
19.972    1.0       
20.202    2.0       
20.452    3.0       
20.704    4.0       
20.959    1.0       
21.22     2.0       
21.475    3.0       
21.709    4.0       
21.953    1.0       
22.197    2.0       
22.433    3.0       
22.692    4.0       
22.933    1.0       
23.18     2.0       
23.426    3.0       
23.669    4.0       
23.907    1.0       
24.16     2.0       
24.4      3.0       
24.646    4.0       
24.876    1.0       
25.129    2.0       
25.376    3.0       
25.618    4.0       
25.867    1.0       
26.123    2.0       
26.372    3.0       
26.63     4.0       
26.887    1.0       
27.148    2.0       
27.391    3.0       
27.625    4.0       
27.875    1.0       
28.106    2.0       
28.337    3.0       
28.593    4.0       
28.826    1.0       
29.085    2.0       
29.335    3.0       
29.577    4.0       
29.827    1.0       
30.075    2.0       
30.334    3.0       
30.596    4.0       
30.848    1.0       
31.099    2.0       
31.332    3.0       
31.584    4.0       
31.822    1.0       
32.068    2.0       
32.318    3.0       
32.573    4.0       
32.806    5.0       
33.058    1.0       
33.299    2.0       
33.537    3.0       
33.791    4.0       
34.027    5.0       
34.265    1.0       
34.505    2.0       
34.737    3.0       
34.972    4.0       
35.228    5.0       
35.458    1.0       
35.69     2.0       
35.936    3.0       
36.17     4.0       
36.423    5.0       
36.666    1.0       
36.913    2.0       
37.152    3.0       
37.388    4.0       
37.641    5.0       
37.901    1.0       
38.143    2.0       
38.392    3.0       
38.644    4.0       
38.874    5.0       
39.127    1.0       
39.387    2.0       
39.636    3.0       
39.871    4.0       
40.106    5.0       
40.353    1.0       
40.585    2.0       
40.821    3.0       
41.06     4.0       
41.309    5.0       
41.553    1.0       
41.811    2.0       
42.045    3.0       
42.283    4.0       
42.543    5.0       
42.787    1.0       
43.022    2.0       
43.282    3.0       
43.523    4.0       
43.779    5.0       
44.037    1.0       
44.277    2.0       
44.508    3.0       
44.746    4.0       
44.978    5.0       
45.235    1.0       
45.466    2.0       
45.702    3.0       
45.939    4.0       
46.174    5.0       
46.427    1.0       
46.663    2.0       
46.918    3.0       
47.16     4.0       
47.393    5.0       
47.648    1.0       
47.885    2.0       
48.142    3.0       
48.4      4.0       
48.632    5.0       
48.867    1.0       
49.124    2.0       
49.354    3.0       
49.604    4.0       
49.852    5.0       
50.088    1.0       
50.33     2.0       
50.57     3.0       
50.822    4.0       
51.067    5.0       
51.306    1.0       
51.558    2.0       
51.798    3.0       
52.06     4.0       
52.294    5.0       
52.543    1.0       
52.798    2.0       
53.04     3.0       
53.3      4.0       
53.55     5.0       
53.79     1.0       
54.028    2.0       
54.27     3.0       
54.53     4.0       
54.778    5.0       
55.016    1.0       
55.263    2.0       
55.519    3.0       
55.756    4.0       
55.993    5.0       
56.244    1.0       
56.49     2.0       
56.724    3.0       
56.957    4.0       
57.204    5.0       
57.446    1.0       
57.697    2.0       
57.94     3.0       
58.199    4.0       
58.435    5.0       
58.694    1.0       
58.948    2.0       
59.185    3.0       
59.43     4.0       
59.671    5.0       
59.911    1.0       
60.173    2.0       
60.41     3.0       
60.646    4.0       
60.878    5.0       
61.136    1.0       
61.397    2.0       
61.647    3.0       
61.887    4.0       
62.141    5.0       
62.401    1.0       
62.65     2.0       
62.895    3.0       
63.149    4.0       
63.408    5.0       
63.652    1.0       
63.889    2.0       
64.14     3.0       
64.376    4.0       
64.638    5.0       
64.884    1.0       
65.118    2.0       
65.352    3.0       
65.591    4.0       
65.822    5.0       
