0.106     1.0       
0.319     2.0       
0.505     3.0       
0.716     4.0       
0.899     1.0       
1.109     2.0       
1.315     3.0       
1.496     4.0       
1.695     1.0       
1.894     2.0       
2.094     3.0       
2.297     4.0       
2.488     1.0       
2.674     2.0       
2.864     3.0       
3.076     4.0       
3.276     1.0       
3.458     2.0       
3.646     3.0       
3.833     4.0       
4.036     1.0       
4.224     2.0       
4.435     3.0       
4.622     4.0       
4.835     1.0       
5.047     2.0       
5.25      3.0       
5.443     4.0       
5.655     1.0       
5.859     2.0       
6.051     3.0       
6.254     4.0       
6.452     1.0       
6.65      2.0       
6.853     3.0       
7.048     4.0       
7.239     1.0       
7.431     2.0       
7.624     3.0       
7.813     4.0       
8.026     1.0       
8.222     2.0       
8.414     3.0       
8.617     4.0       
8.82      1.0       
9.001     2.0       
9.2       3.0       
9.384     4.0       
9.592     1.0       
9.785     2.0       
9.998     3.0       
10.2      4.0       
10.382    1.0       
10.577    2.0       
10.761    3.0       
10.944    4.0       
11.136    1.0       
11.344    2.0       
11.542    3.0       
11.74     4.0       
11.932    1.0       
12.114    2.0       
12.31     3.0       
12.496    4.0       
12.705    1.0       
12.901    2.0       
13.094    3.0       
13.288    4.0       
13.478    1.0       
13.685    2.0       
13.89     3.0       
14.094    4.0       
14.293    1.0       
14.476    2.0       
14.687    3.0       
14.868    4.0       
15.081    1.0       
15.287    2.0       
15.477    3.0       
15.658    4.0       
15.841    1.0       
16.043    2.0       
16.251    3.0       
16.451    4.0       
16.639    1.0       
16.833    2.0       
17.033    3.0       
17.227    4.0       
17.408    1.0       
17.605    2.0       
17.802    3.0       
17.987    4.0       
18.174    1.0       
18.38     2.0       
18.562    3.0       
18.76     4.0       
18.956    1.0       
19.161    2.0       
19.343    3.0       
19.529    4.0       
19.727    5.0       
19.934    1.0       
20.128    2.0       
20.323    3.0       
20.526    4.0       
20.731    5.0       
20.942    1.0       
21.141    2.0       
21.349    3.0       
21.54     4.0       
21.738    5.0       
21.926    1.0       
22.113    2.0       
22.32     3.0       
22.507    4.0       
22.71     5.0       
22.891    1.0       
23.075    2.0       
23.282    3.0       
23.473    4.0       
23.673    5.0       
23.879    1.0       
24.06     2.0       
24.242    3.0       
24.455    4.0       
24.666    5.0       
24.871    1.0       
25.078    2.0       
25.272    3.0       
25.475    4.0       
25.673    5.0       
25.884    1.0       
26.073    2.0       
26.261    3.0       
26.473    4.0       
26.672    5.0       
26.877    1.0       
27.088    2.0       
27.289    3.0       
27.49     4.0       
27.68     5.0       
27.866    1.0       
28.068    2.0       
28.263    3.0       
28.459    4.0       
28.658    5.0       
28.839    1.0       
29.036    2.0       
29.237    3.0       
29.425    4.0       
29.623    5.0       
29.808    1.0       
30.019    2.0       
30.211    3.0       
30.417    4.0       
30.601    5.0       
