0.275     1.0       
0.613     2.0       
0.945     3.0       
1.275     4.0       
1.618     1.0       
1.947     2.0       
2.299     3.0       
2.647     4.0       
2.99      1.0       
3.329     2.0       
3.667     3.0       
4.006     4.0       
4.352     1.0       
4.685     2.0       
5.032     3.0       
5.357     4.0       
5.707     1.0       
6.059     2.0       
6.407     3.0       
6.753     4.0       
7.083     1.0       
7.421     2.0       
7.767     3.0       
8.1       4.0       
8.446     1.0       
8.782     2.0       
9.135     3.0       
9.476     4.0       
9.805     1.0       
10.154    2.0       
10.475    3.0       
10.801    4.0       
11.125    1.0       
11.461    2.0       
11.804    3.0       
12.138    4.0       
12.461    1.0       
12.801    2.0       
13.146    3.0       
13.481    4.0       
13.822    1.0       
14.155    2.0       
14.489    3.0       
14.834    4.0       
15.177    1.0       
15.499    2.0       
15.84     3.0       
16.184    4.0       
16.506    1.0       
16.84     2.0       
17.186    3.0       
17.511    4.0       
17.839    5.0       
18.185    1.0       
18.521    2.0       
18.872    3.0       
19.222    4.0       
19.549    5.0       
19.887    1.0       
20.224    2.0       
20.547    3.0       
20.879    4.0       
21.223    5.0       
21.559    1.0       
21.888    2.0       
22.209    3.0       
22.558    4.0       
22.91     5.0       
23.257    1.0       
23.583    2.0       
23.928    3.0       
24.263    4.0       
24.613    5.0       
24.95     1.0       
25.281    2.0       
25.605    3.0       
25.95     4.0       
26.299    5.0       
26.65     1.0       
26.996    2.0       
27.324    3.0       
27.658    4.0       
27.998    5.0       
28.324    1.0       
28.665    2.0       
28.995    3.0       
29.323    4.0       
29.662    5.0       
30.0      1.0       
30.323    2.0       
30.667    3.0       
30.998    4.0       
31.342    5.0       
31.681    1.0       
32.013    2.0       
32.355    3.0       
32.696    4.0       
33.041    5.0       
33.378    1.0       
33.7      2.0       
34.031    3.0       
34.376    4.0       
34.719    5.0       
35.064    1.0       
35.409    2.0       
35.758    3.0       
36.106    4.0       
36.429    5.0       
36.759    1.0       
37.091    2.0       
37.434    3.0       
37.77     4.0       
38.106    5.0       
38.427    1.0       
38.774    2.0       
39.12     3.0       
39.456    4.0       
39.791    5.0       
40.132    1.0       
40.458    2.0       
40.79     3.0       
41.119    4.0       
41.456    5.0       
41.777    1.0       
42.116    2.0       
42.455    3.0       
42.795    4.0       
43.134    5.0       
43.462    1.0       
43.809    2.0       
44.143    3.0       
44.479    4.0       
44.822    5.0       
45.15     1.0       
45.475    2.0       
45.814    3.0       
46.157    4.0       
46.483    5.0       
46.821    1.0       
47.173    2.0       
47.511    3.0       
47.845    4.0       
48.192    5.0       
48.527    1.0       
48.875    2.0       
49.228    3.0       
49.562    4.0       
49.903    5.0       
50.238    1.0       
50.57     2.0       
50.904    3.0       
51.232    4.0       
51.584    5.0       
51.907    1.0       
52.241    2.0       
52.57     3.0       
52.915    4.0       
53.24     5.0       
53.564    1.0       
53.917    2.0       
54.261    3.0       
54.584    4.0       
54.913    5.0       
55.248    1.0       
55.591    2.0       
55.936    3.0       
56.285    4.0       
56.618    5.0       
