0.142     1.0       
0.365     2.0       
0.573     3.0       
0.805     4.0       
1.04      1.0       
1.268     2.0       
1.495     3.0       
1.708     4.0       
1.926     1.0       
2.15      2.0       
2.371     3.0       
2.585     4.0       
2.79      1.0       
3.024     2.0       
3.253     3.0       
3.474     4.0       
3.689     1.0       
3.918     2.0       
4.138     3.0       
4.342     4.0       
4.566     1.0       
4.78      2.0       
5.014     3.0       
5.236     4.0       
5.459     1.0       
5.675     2.0       
5.881     3.0       
6.099     4.0       
6.316     1.0       
6.52      2.0       
6.742     3.0       
6.948     4.0       
7.155     1.0       
7.371     2.0       
7.597     3.0       
7.828     4.0       
8.042     1.0       
8.259     2.0       
8.47      3.0       
8.693     4.0       
8.9       1.0       
9.113     2.0       
9.328     3.0       
9.534     4.0       
9.74      1.0       
9.95      2.0       
10.172    3.0       
10.406    4.0       
10.641    1.0       
10.875    2.0       
11.088    3.0       
11.319    4.0       
11.55     1.0       
11.78     2.0       
11.987    3.0       
12.22     4.0       
12.441    1.0       
12.66     2.0       
12.867    3.0       
13.077    4.0       
13.309    1.0       
13.545    2.0       
13.763    3.0       
13.975    4.0       
14.179    1.0       
14.396    2.0       
14.6      3.0       
14.821    4.0       
15.029    1.0       
15.259    2.0       
15.471    3.0       
15.688    4.0       
15.917    1.0       
16.126    2.0       
16.349    3.0       
16.554    4.0       
16.773    1.0       
16.996    2.0       
17.221    3.0       
17.453    4.0       
17.659    1.0       
17.869    2.0       
18.091    3.0       
18.317    4.0       
18.547    1.0       
18.752    2.0       
18.957    3.0       
19.181    4.0       
19.416    1.0       
19.633    2.0       
19.856    3.0       
20.071    4.0       
20.294    1.0       
20.5      2.0       
20.71     3.0       
20.93     4.0       
21.139    1.0       
21.345    2.0       
21.557    3.0       
21.775    4.0       
22.009    5.0       
22.22     1.0       
22.439    2.0       
22.657    3.0       
22.893    4.0       
23.119    5.0       
23.326    1.0       
23.552    2.0       
23.764    3.0       
23.998    4.0       
24.215    5.0       
24.426    1.0       
24.662    2.0       
24.875    3.0       
25.095    4.0       
25.318    5.0       
25.529    1.0       
25.752    2.0       
25.987    3.0       
26.206    4.0       
26.423    5.0       
26.656    1.0       
26.862    2.0       
27.069    3.0       
27.293    4.0       
27.514    5.0       
27.718    1.0       
27.948    2.0       
28.154    3.0       
28.38     4.0       
28.614    5.0       
28.826    1.0       
29.031    2.0       
29.238    3.0       
29.455    4.0       
29.69     5.0       
29.914    1.0       
30.133    2.0       
30.343    3.0       
30.549    4.0       
30.777    5.0       
31.001    1.0       
31.217    2.0       
31.434    3.0       
31.653    4.0       
31.883    5.0       
32.11     1.0       
32.327    2.0       
32.532    3.0       
32.751    4.0       
32.957    5.0       
33.167    1.0       
33.378    2.0       
33.598    3.0       
33.827    4.0       
34.043    5.0       
34.253    1.0       
34.461    2.0       
34.667    3.0       
34.877    4.0       
35.085    5.0       
35.289    1.0       
35.511    2.0       
35.74     3.0       
35.95     4.0       
36.172    5.0       
36.394    1.0       
36.607    2.0       
36.841    3.0       
37.051    4.0       
37.271    5.0       
37.506    1.0       
37.74     2.0       
37.961    3.0       
38.187    4.0       
38.392    5.0       
38.606    1.0       
38.828    2.0       
39.049    3.0       
39.28     4.0       
39.504    5.0       
39.718    1.0       
39.926    2.0       
40.14     3.0       
40.358    4.0       
40.574    5.0       
40.79     1.0       
41.024    2.0       
41.236    3.0       
41.452    4.0       
41.682    5.0       
41.903    1.0       
42.129    2.0       
42.362    3.0       
42.578    4.0       
42.798    5.0       
