0.236     1.0       
0.508     2.0       
0.778     3.0       
1.049     4.0       
1.328     1.0       
1.612     2.0       
1.889     3.0       
2.163     4.0       
2.444     1.0       
2.731     2.0       
3.012     3.0       
3.27      4.0       
3.541     1.0       
3.8       2.0       
4.057     3.0       
4.336     4.0       
4.595     1.0       
4.858     2.0       
5.131     3.0       
5.406     4.0       
5.678     1.0       
5.942     2.0       
6.214     3.0       
6.473     4.0       
6.746     1.0       
7.027     2.0       
7.311     3.0       
7.579     4.0       
7.836     1.0       
8.098     2.0       
8.37      3.0       
8.659     4.0       
8.945     1.0       
9.221     2.0       
9.491     3.0       
9.768     4.0       
10.031    1.0       
10.288    2.0       
10.577    3.0       
10.86     4.0       
11.119    1.0       
11.383    2.0       
11.646    3.0       
11.91     4.0       
12.194    1.0       
12.475    2.0       
12.739    3.0       
13.005    4.0       
13.287    1.0       
13.551    2.0       
13.808    3.0       
14.083    4.0       
14.35     1.0       
14.632    2.0       
14.921    3.0       
15.193    4.0       
15.481    1.0       
15.741    2.0       
16.023    3.0       
16.281    4.0       
16.56     1.0       
16.845    2.0       
17.114    3.0       
17.376    4.0       
17.66     1.0       
17.924    2.0       
18.183    3.0       
18.46     4.0       
18.749    1.0       
19.026    2.0       
19.301    3.0       
19.588    4.0       
19.845    1.0       
20.133    2.0       
20.405    3.0       
20.674    4.0       
20.95     1.0       
21.218    2.0       
21.481    3.0       
21.763    4.0       
22.039    1.0       
22.323    2.0       
22.59     3.0       
22.855    4.0       
23.143    5.0       
23.418    1.0       
23.69     2.0       
23.973    3.0       
24.232    4.0       
24.492    5.0       
24.768    1.0       
25.037    2.0       
25.297    3.0       
25.559    4.0       
25.833    5.0       
26.102    1.0       
26.381    2.0       
26.659    3.0       
26.945    4.0       
27.204    5.0       
27.482    1.0       
27.766    2.0       
28.053    3.0       
28.329    4.0       
28.59     5.0       
28.873    1.0       
29.161    2.0       
29.432    3.0       
29.705    4.0       
29.976    5.0       
30.239    1.0       
30.517    2.0       
30.782    3.0       
31.065    4.0       
31.347    5.0       
31.605    1.0       
31.87     2.0       
32.145    3.0       
32.428    4.0       
32.688    5.0       
32.974    1.0       
33.245    2.0       
33.506    3.0       
33.791    4.0       
34.069    5.0       
34.332    1.0       
34.592    2.0       
34.858    3.0       
35.127    4.0       
35.391    5.0       
35.651    1.0       
35.933    2.0       
36.215    3.0       
36.477    4.0       
36.751    5.0       
37.022    1.0       
37.29     2.0       
37.552    3.0       
37.815    4.0       
38.083    5.0       
38.368    1.0       
38.631    2.0       
38.892    3.0       
39.163    4.0       
39.445    5.0       
39.71     1.0       
39.988    2.0       
40.258    3.0       
40.536    4.0       
40.8      5.0       
41.085    1.0       
41.37     2.0       
41.64     3.0       
41.9      4.0       
42.188    5.0       
42.466    1.0       
42.727    2.0       
43.016    3.0       
43.273    4.0       
43.543    5.0       
