0.198     1.0       
0.536     2.0       
0.856     3.0       
1.195     4.0       
1.526     1.0       
1.869     2.0       
2.209     3.0       
2.536     4.0       
2.876     1.0       
3.209     2.0       
3.545     3.0       
3.874     4.0       
4.19      1.0       
4.509     2.0       
4.832     3.0       
5.149     4.0       
5.489     1.0       
5.804     2.0       
6.127     3.0       
6.45      4.0       
6.78      1.0       
7.104     2.0       
7.419     3.0       
7.742     4.0       
8.07      1.0       
8.402     2.0       
8.743     3.0       
9.077     4.0       
9.395     1.0       
9.722     2.0       
10.041    3.0       
10.368    4.0       
10.684    1.0       
11.021    2.0       
11.346    3.0       
11.686    4.0       
12.002    1.0       
12.337    2.0       
12.65     3.0       
12.98     4.0       
13.311    1.0       
13.652    2.0       
13.965    3.0       
14.277    4.0       
14.609    1.0       
14.936    2.0       
15.268    3.0       
15.579    4.0       
15.92     1.0       
16.234    2.0       
16.551    3.0       
16.875    4.0       
17.209    1.0       
17.538    2.0       
17.873    3.0       
18.201    4.0       
18.512    1.0       
18.84     2.0       
19.18     3.0       
19.515    4.0       
19.828    1.0       
20.17     2.0       
20.5      3.0       
20.835    4.0       
21.17     1.0       
21.494    2.0       
21.814    3.0       
22.125    4.0       
22.467    1.0       
22.779    2.0       
23.102    3.0       
23.425    4.0       
23.761    1.0       
24.09     2.0       
24.413    3.0       
24.754    4.0       
25.075    1.0       
25.391    2.0       
25.718    3.0       
26.042    4.0       
26.376    1.0       
26.695    2.0       
27.01     3.0       
27.344    4.0       
27.665    1.0       
28.006    2.0       
28.346    3.0       
28.666    4.0       
29.002    1.0       
29.32     2.0       
29.642    3.0       
29.972    4.0       
30.284    1.0       
30.609    2.0       
30.929    3.0       
31.257    4.0       
31.587    1.0       
31.901    2.0       
32.222    3.0       
32.537    4.0       
32.861    1.0       
33.179    2.0       
33.522    3.0       
33.846    4.0       
34.171    1.0       
34.513    2.0       
34.83     3.0       
35.158    4.0       
35.472    1.0       
35.791    2.0       
36.109    3.0       
36.436    4.0       
36.762    1.0       
37.097    2.0       
37.429    3.0       
37.766    4.0       
38.101    5.0       
38.441    1.0       
38.763    2.0       
39.1      3.0       
39.439    4.0       
39.765    5.0       
40.093    1.0       
40.409    2.0       
40.747    3.0       
41.058    4.0       
41.379    5.0       
41.712    1.0       
42.045    2.0       
42.386    3.0       
42.697    4.0       
43.025    5.0       
43.357    1.0       
43.698    2.0       
44.038    3.0       
44.367    4.0       
44.683    5.0       
45.013    1.0       
45.351    2.0       
45.689    3.0       
46.019    4.0       
46.353    5.0       
46.688    1.0       
47.021    2.0       
47.347    3.0       
47.674    4.0       
48.012    5.0       
48.329    1.0       
48.662    2.0       
48.987    3.0       
49.325    4.0       
49.665    5.0       
49.991    1.0       
50.323    2.0       
50.661    3.0       
50.973    4.0       
51.303    5.0       
51.622    1.0       
51.944    2.0       
52.279    3.0       
52.612    4.0       
52.926    5.0       
53.256    1.0       
53.575    2.0       
53.907    3.0       
54.25     4.0       
54.592    5.0       
54.907    1.0       
55.239    2.0       
55.566    3.0       
55.908    4.0       
56.222    5.0       
56.56     1.0       
56.88     2.0       
57.199    3.0       
57.513    4.0       
57.844    5.0       
58.173    1.0       
58.496    2.0       
58.822    3.0       
59.154    4.0       
59.491    5.0       
59.82     1.0       
60.148    2.0       
60.482    3.0       
60.798    4.0       
61.12     5.0       
61.456    1.0       
61.799    2.0       
62.115    3.0       
62.447    4.0       
62.773    5.0       
