0.225     1.0       
0.524     2.0       
0.824     3.0       
1.092     4.0       
1.362     1.0       
1.635     2.0       
1.93      3.0       
2.226     4.0       
2.496     1.0       
2.771     2.0       
3.048     3.0       
3.335     4.0       
3.633     1.0       
3.923     2.0       
4.195     3.0       
4.467     4.0       
4.759     1.0       
5.043     2.0       
5.318     3.0       
5.61      4.0       
5.878     1.0       
6.169     2.0       
6.444     3.0       
6.715     4.0       
7.01      1.0       
7.284     2.0       
7.57      3.0       
7.841     4.0       
8.117     1.0       
8.404     2.0       
8.695     3.0       
8.994     4.0       
9.277     1.0       
9.552     2.0       
9.845     3.0       
10.135    4.0       
10.407    1.0       
10.693    2.0       
10.982    3.0       
11.267    4.0       
11.557    1.0       
11.838    2.0       
12.138    3.0       
12.418    4.0       
12.69     1.0       
12.969    2.0       
13.252    3.0       
13.532    4.0       
13.829    1.0       
14.11     2.0       
14.397    3.0       
14.671    4.0       
14.97     1.0       
15.251    2.0       
15.533    3.0       
15.809    4.0       
16.078    1.0       
16.366    2.0       
16.635    3.0       
16.933    4.0       
17.207    1.0       
17.503    2.0       
17.8      3.0       
18.071    4.0       
18.365    1.0       
18.648    2.0       
18.941    3.0       
19.22     4.0       
19.494    1.0       
19.792    2.0       
20.086    3.0       
20.369    4.0       
20.662    1.0       
20.948    2.0       
21.239    3.0       
21.532    4.0       
21.811    1.0       
22.095    2.0       
22.372    3.0       
22.647    4.0       
22.922    1.0       
23.217    2.0       
23.493    3.0       
23.765    4.0       
24.059    5.0       
24.33     1.0       
24.61     2.0       
24.905    3.0       
25.182    4.0       
25.481    5.0       
25.766    1.0       
26.038    2.0       
26.315    3.0       
26.605    4.0       
26.905    5.0       
27.197    1.0       
27.495    2.0       
27.78     3.0       
28.07     4.0       
28.367    5.0       
28.639    1.0       
28.932    2.0       
29.209    3.0       
29.477    4.0       
29.753    5.0       
30.044    1.0       
30.316    2.0       
30.614    3.0       
30.91     4.0       
31.18     5.0       
31.455    1.0       
31.736    2.0       
32.021    3.0       
32.303    4.0       
32.579    5.0       
32.862    1.0       
33.152    2.0       
33.422    3.0       
33.713    4.0       
34.0      5.0       
34.28     1.0       
34.573    2.0       
34.857    3.0       
35.133    4.0       
35.417    5.0       
35.716    1.0       
36.001    2.0       
36.271    3.0       
36.553    4.0       
36.835    5.0       
37.106    1.0       
37.384    2.0       
37.683    3.0       
37.975    4.0       
38.253    5.0       
38.525    1.0       
38.798    2.0       
39.075    3.0       
39.351    4.0       
39.627    5.0       
39.917    1.0       
40.198    2.0       
40.47     3.0       
40.753    4.0       
41.03     5.0       
41.306    1.0       
41.591    2.0       
41.864    3.0       
42.15     4.0       
42.419    5.0       
42.705    1.0       
43.001    2.0       
43.294    3.0       
43.581    4.0       
43.87     5.0       
44.151    1.0       
44.44     2.0       
44.73     3.0       
45.016    4.0       
45.292    5.0       
45.591    1.0       
45.887    2.0       
46.165    3.0       
46.445    4.0       
46.72     5.0       
46.998    1.0       
47.277    2.0       
47.549    3.0       
47.847    4.0       
48.129    5.0       
48.412    1.0       
48.702    2.0       
48.979    3.0       
49.263    4.0       
49.536    5.0       
49.83     1.0       
50.119    2.0       
50.388    3.0       
50.659    4.0       
50.933    5.0       
51.226    1.0       
51.509    2.0       
51.793    3.0       
52.093    4.0       
52.363    5.0       
52.634    1.0       
52.909    2.0       
53.202    3.0       
53.491    4.0       
53.761    5.0       
54.053    1.0       
54.321    2.0       
54.598    3.0       
54.882    4.0       
55.18     5.0       
55.453    1.0       
55.75     2.0       
56.026    3.0       
56.304    4.0       
56.572    5.0       
56.864    1.0       
57.159    2.0       
57.429    3.0       
57.697    4.0       
57.98     5.0       
58.269    1.0       
58.549    2.0       
58.823    3.0       
59.118    4.0       
59.386    5.0       
59.68     1.0       
59.952    2.0       
60.23     3.0       
60.522    4.0       
60.815    5.0       
61.088    1.0       
61.36     2.0       
61.637    3.0       
61.905    4.0       
62.174    5.0       
