0.278     1.0       
0.563     2.0       
0.853     3.0       
1.132     4.0       
1.405     1.0       
1.68      2.0       
1.945     3.0       
2.207     4.0       
2.479     1.0       
2.755     2.0       
3.019     3.0       
3.284     4.0       
3.558     1.0       
3.837     2.0       
4.107     3.0       
4.369     4.0       
4.643     1.0       
4.925     2.0       
5.214     3.0       
5.507     4.0       
5.793     1.0       
6.083     2.0       
6.349     3.0       
6.612     4.0       
6.883     1.0       
7.162     2.0       
7.439     3.0       
7.705     4.0       
7.969     1.0       
8.261     2.0       
8.546     3.0       
8.833     4.0       
9.114     1.0       
9.395     2.0       
9.677     3.0       
9.939     4.0       
10.228    5.0       
10.519    1.0       
10.783    2.0       
11.071    3.0       
11.341    4.0       
11.611    5.0       
11.897    1.0       
12.165    2.0       
12.43     3.0       
12.719    4.0       
12.994    5.0       
13.259    1.0       
13.552    2.0       
13.842    3.0       
14.124    4.0       
14.399    5.0       
14.674    1.0       
14.944    2.0       
15.212    3.0       
15.474    4.0       
15.737    5.0       
16.011    1.0       
16.288    2.0       
16.55     3.0       
16.836    4.0       
17.126    5.0       
17.401    1.0       
17.667    2.0       
17.942    3.0       
18.233    4.0       
18.518    5.0       
18.787    1.0       
19.054    2.0       
19.317    3.0       
19.604    4.0       
19.885    5.0       
20.15     1.0       
20.436    2.0       
20.708    3.0       
20.972    4.0       
21.24     5.0       
21.531    1.0       
21.796    2.0       
22.089    3.0       
22.358    4.0       
22.634    5.0       
22.919    1.0       
23.196    2.0       
23.484    3.0       
23.77     4.0       
24.052    5.0       
24.317    1.0       
24.594    2.0       
24.88     3.0       
25.151    4.0       
25.428    5.0       
25.702    1.0       
25.966    2.0       
26.258    3.0       
26.536    4.0       
26.806    5.0       
27.07     1.0       
27.354    2.0       
27.623    3.0       
27.913    4.0       
28.174    5.0       
28.454    1.0       
28.74     2.0       
29.011    3.0       
29.294    4.0       
29.576    5.0       
29.852    1.0       
30.118    2.0       
30.409    3.0       
30.69     4.0       
30.967    5.0       
31.235    1.0       
31.514    2.0       
31.806    3.0       
32.093    4.0       
32.354    5.0       
32.621    1.0       
32.889    2.0       
33.153    3.0       
33.434    4.0       
33.706    5.0       
33.985    1.0       
34.258    2.0       
34.549    3.0       
34.828    4.0       
35.104    5.0       
35.378    1.0       
35.652    2.0       
35.943    3.0       
36.225    4.0       
36.498    5.0       
36.765    1.0       
37.053    2.0       
37.322    3.0       
37.589    4.0       
37.852    5.0       
38.143    1.0       
38.425    2.0       
38.694    3.0       
38.982    4.0       
39.269    5.0       
39.533    1.0       
39.824    2.0       
40.092    3.0       
40.37     4.0       
40.657    5.0       
40.918    1.0       
41.193    2.0       
41.474    3.0       
41.758    4.0       
42.041    5.0       
42.319    1.0       
42.611    2.0       
42.875    3.0       
43.163    4.0       
43.444    5.0       
43.725    1.0       
44.013    2.0       
44.298    3.0       
44.56     4.0       
44.837    5.0       
45.112    1.0       
45.386    2.0       
45.679    3.0       
45.94     4.0       
46.227    5.0       
46.495    1.0       
46.78     2.0       
47.069    3.0       
47.343    4.0       
47.605    5.0       
