0.176     1.0       
0.51      2.0       
0.839     3.0       
1.158     4.0       
1.485     1.0       
1.823     2.0       
2.16      3.0       
2.504     4.0       
2.852     1.0       
3.2       2.0       
3.525     3.0       
3.864     4.0       
4.188     1.0       
4.526     2.0       
4.876     3.0       
5.208     4.0       
5.54      1.0       
5.876     2.0       
6.22      3.0       
6.542     4.0       
6.879     1.0       
7.203     2.0       
7.533     3.0       
7.862     4.0       
8.197     1.0       
8.546     2.0       
8.896     3.0       
9.232     4.0       
9.551     1.0       
9.89      2.0       
10.216    3.0       
10.537    4.0       
10.879    1.0       
11.224    2.0       
11.554    3.0       
11.874    4.0       
12.208    1.0       
12.542    2.0       
12.868    3.0       
13.206    4.0       
13.532    1.0       
13.856    2.0       
14.2      3.0       
14.518    4.0       
14.859    1.0       
15.197    2.0       
15.543    3.0       
15.893    4.0       
16.215    1.0       
16.536    2.0       
16.871    3.0       
17.217    4.0       
17.539    1.0       
17.889    2.0       
18.237    3.0       
18.584    4.0       
18.902    1.0       
19.224    2.0       
19.565    3.0       
19.906    4.0       
20.249    1.0       
20.595    2.0       
20.915    3.0       
21.237    4.0       
21.566    1.0       
21.913    2.0       
22.244    3.0       
22.579    4.0       
22.922    1.0       
23.26     2.0       
23.59     3.0       
23.92     4.0       
24.251    1.0       
24.57     2.0       
24.915    3.0       
25.265    4.0       
25.585    1.0       
25.905    2.0       
26.246    3.0       
26.576    4.0       
26.908    1.0       
27.244    2.0       
27.569    3.0       
27.909    4.0       
28.245    5.0       
28.568    1.0       
28.913    2.0       
29.239    3.0       
29.581    4.0       
29.903    5.0       
30.243    1.0       
30.568    2.0       
30.916    3.0       
31.252    4.0       
31.593    5.0       
31.917    1.0       
32.267    2.0       
32.607    3.0       
32.934    4.0       
33.261    5.0       
33.603    1.0       
33.924    2.0       
34.265    3.0       
34.599    4.0       
34.933    5.0       
35.283    1.0       
35.632    2.0       
35.962    3.0       
36.294    4.0       
36.616    5.0       
36.95     1.0       
37.284    2.0       
37.626    3.0       
37.974    4.0       
38.316    5.0       
38.636    1.0       
38.985    2.0       
39.306    3.0       
39.645    4.0       
39.994    5.0       
40.344    1.0       
40.677    2.0       
40.997    3.0       
41.331    4.0       
41.664    5.0       
42.006    1.0       
42.348    2.0       
42.673    3.0       
43.02     4.0       
43.356    5.0       
43.684    1.0       
44.034    2.0       
44.383    3.0       
44.701    4.0       
45.036    5.0       
45.383    1.0       
45.718    2.0       
46.04     3.0       
46.385    4.0       
46.729    5.0       
47.077    1.0       
47.426    2.0       
47.763    3.0       
48.113    4.0       
48.463    5.0       
48.786    1.0       
49.105    2.0       
49.434    3.0       
49.78     4.0       
50.119    5.0       
50.44     1.0       
50.779    2.0       
51.124    3.0       
51.458    4.0       
51.795    5.0       
52.128    1.0       
52.477    2.0       
52.805    3.0       
53.154    4.0       
53.491    5.0       
53.814    1.0       
54.164    2.0       
54.482    3.0       
54.83     4.0       
55.171    5.0       
55.492    1.0       
55.837    2.0       
56.168    3.0       
56.503    4.0       
56.833    5.0       
57.172    1.0       
57.498    2.0       
57.843    3.0       
58.191    4.0       
58.535    5.0       
58.87     1.0       
59.201    2.0       
59.53     3.0       
59.869    4.0       
60.216    5.0       
60.549    1.0       
60.871    2.0       
61.204    3.0       
61.552    4.0       
61.876    5.0       
62.221    1.0       
62.551    2.0       
62.896    3.0       
63.216    4.0       
63.565    5.0       
63.899    1.0       
64.249    2.0       
64.59     3.0       
64.915    4.0       
65.249    5.0       
65.599    1.0       
65.927    2.0       
66.254    3.0       
66.585    4.0       
66.928    5.0       
67.271    1.0       
67.619    2.0       
67.942    3.0       
68.279    4.0       
68.598    5.0       
68.938    1.0       
69.264    2.0       
69.596    3.0       
69.918    4.0       
70.236    5.0       
70.565    1.0       
70.891    2.0       
71.224    3.0       
71.567    4.0       
71.906    5.0       
72.25     1.0       
72.596    2.0       
72.939    3.0       
73.285    4.0       
73.616    5.0       
