0.183     1.0       
0.423     2.0       
0.667     3.0       
0.917     4.0       
1.152     1.0       
1.39      2.0       
1.626     3.0       
1.874     4.0       
2.123     1.0       
2.365     2.0       
2.611     3.0       
2.852     4.0       
3.073     1.0       
3.31      2.0       
3.55      3.0       
3.799     4.0       
4.05      1.0       
4.286     2.0       
4.51      3.0       
4.749     4.0       
4.979     1.0       
5.232     2.0       
5.484     3.0       
5.726     4.0       
5.962     1.0       
6.205     2.0       
6.447     3.0       
6.689     4.0       
6.919     1.0       
7.148     2.0       
7.381     3.0       
7.634     4.0       
7.858     1.0       
8.091     2.0       
8.34      3.0       
8.566     4.0       
8.813     1.0       
9.064     2.0       
9.314     3.0       
9.537     4.0       
9.764     1.0       
10.012    2.0       
10.239    3.0       
10.487    4.0       
10.739    1.0       
10.983    2.0       
11.219    3.0       
11.46     4.0       
11.69     1.0       
11.922    2.0       
12.151    3.0       
12.381    4.0       
12.62     1.0       
12.87     2.0       
13.111    3.0       
13.357    4.0       
13.594    1.0       
13.82     2.0       
14.051    3.0       
14.297    4.0       
14.52     1.0       
14.745    2.0       
14.994    3.0       
15.229    4.0       
15.48     1.0       
15.717    2.0       
15.944    3.0       
16.18     4.0       
16.42     1.0       
16.658    2.0       
16.91     3.0       
17.158    4.0       
17.41     1.0       
17.646    2.0       
17.869    3.0       
18.105    4.0       
18.327    1.0       
18.56     2.0       
18.783    3.0       
19.01     4.0       
19.251    1.0       
19.483    2.0       
19.704    3.0       
19.934    4.0       
20.168    1.0       
20.396    2.0       
20.624    3.0       
20.866    4.0       
21.096    1.0       
21.348    2.0       
21.581    3.0       
21.821    4.0       
22.042    1.0       
22.27     2.0       
22.496    3.0       
22.728    4.0       
22.964    1.0       
23.217    2.0       
23.468    3.0       
23.716    4.0       
23.959    1.0       
24.21     2.0       
24.451    3.0       
24.686    4.0       
24.917    1.0       
25.14     2.0       
25.39     3.0       
25.629    4.0       
25.872    1.0       
26.093    2.0       
26.317    3.0       
26.539    4.0       
26.777    1.0       
27.004    2.0       
27.246    3.0       
27.485    4.0       
27.718    1.0       
27.941    2.0       
28.193    3.0       
28.43     4.0       
28.669    1.0       
28.895    2.0       
29.116    3.0       
29.355    4.0       
29.584    1.0       
29.806    2.0       
30.056    3.0       
30.3      4.0       
30.535    1.0       
30.769    2.0       
31.005    3.0       
31.244    4.0       
31.474    5.0       
31.702    1.0       
31.95     2.0       
32.186    3.0       
32.408    4.0       
32.645    5.0       
32.877    1.0       
33.118    2.0       
33.348    3.0       
33.595    4.0       
33.839    5.0       
34.074    1.0       
34.314    2.0       
34.551    3.0       
34.775    4.0       
34.996    5.0       
35.226    1.0       
35.447    2.0       
35.677    3.0       
35.924    4.0       
36.168    5.0       
36.395    1.0       
36.636    2.0       
36.873    3.0       
37.117    4.0       
37.37     5.0       
37.598    1.0       
37.819    2.0       
38.072    3.0       
38.314    4.0       
38.542    5.0       
38.764    1.0       
38.994    2.0       
39.244    3.0       
39.475    4.0       
39.7      5.0       
39.929    1.0       
40.157    2.0       
40.396    3.0       
40.619    4.0       
40.859    5.0       
41.092    1.0       
41.317    2.0       
41.538    3.0       
41.777    4.0       
42.014    5.0       
42.264    1.0       
42.497    2.0       
42.734    3.0       
42.98     4.0       
43.215    5.0       
43.454    1.0       
43.688    2.0       
43.929    3.0       
44.165    4.0       
44.387    5.0       
44.628    1.0       
44.874    2.0       
45.102    3.0       
45.327    4.0       
45.58     5.0       
45.81     1.0       
46.051    2.0       
46.302    3.0       
46.538    4.0       
46.789    5.0       
47.014    1.0       
47.26     2.0       
47.488    3.0       
47.736    4.0       
47.981    5.0       
48.213    1.0       
48.456    2.0       
48.691    3.0       
48.927    4.0       
49.149    5.0       
49.375    1.0       
49.615    2.0       
49.848    3.0       
50.091    4.0       
50.319    5.0       
50.57     1.0       
50.823    2.0       
51.061    3.0       
51.287    4.0       
51.535    5.0       
51.757    1.0       
51.989    2.0       
52.218    3.0       
52.442    4.0       
52.679    5.0       
52.918    1.0       
53.154    2.0       
53.388    3.0       
53.634    4.0       
53.859    5.0       
54.081    1.0       
54.328    2.0       
54.564    3.0       
54.81     4.0       
55.031    5.0       
55.278    1.0       
55.509    2.0       
55.73     3.0       
55.983    4.0       
56.219    5.0       
56.44     1.0       
56.685    2.0       
56.91     3.0       
57.138    4.0       
57.391    5.0       
57.636    1.0       
57.87     2.0       
58.093    3.0       
58.343    4.0       
58.571    5.0       
58.823    1.0       
59.044    2.0       
59.276    3.0       
59.516    4.0       
59.762    5.0       
60.003    1.0       
60.231    2.0       
60.463    3.0       
60.699    4.0       
60.95     5.0       
61.186    1.0       
61.409    2.0       
61.631    3.0       
61.878    4.0       
62.109    5.0       
62.343    1.0       
62.59     2.0       
62.832    3.0       
63.062    4.0       
63.314    5.0       
63.549    1.0       
63.777    2.0       
64.012    3.0       
64.263    4.0       
64.493    5.0       
64.714    1.0       
64.96     2.0       
65.202    3.0       
65.431    4.0       
65.656    5.0       
65.901    1.0       
66.152    2.0       
66.385    3.0       
66.606    4.0       
66.833    5.0       
67.066    1.0       
67.299    2.0       
67.52     3.0       
67.77     4.0       
68.016    5.0       
