0.101     1.0       
0.359     2.0       
0.598     3.0       
0.825     4.0       
1.053     1.0       
1.305     2.0       
1.563     3.0       
1.807     4.0       
2.041     1.0       
2.286     2.0       
2.543     3.0       
2.787     4.0       
3.023     1.0       
3.277     2.0       
3.51      3.0       
3.768     4.0       
4.008     1.0       
4.235     2.0       
4.473     3.0       
4.731     4.0       
4.967     1.0       
5.217     2.0       
5.453     3.0       
5.708     4.0       
5.962     1.0       
6.218     2.0       
6.454     3.0       
6.71      4.0       
6.963     1.0       
7.216     2.0       
7.459     3.0       
7.712     4.0       
7.963     1.0       
8.215     2.0       
8.446     3.0       
8.674     4.0       
8.901     1.0       
9.13      2.0       
9.363     3.0       
9.599     4.0       
9.853     1.0       
10.105    2.0       
10.334    3.0       
10.576    4.0       
10.816    1.0       
11.043    2.0       
11.283    3.0       
11.524    4.0       
11.755    1.0       
11.988    2.0       
12.215    3.0       
12.448    4.0       
12.683    1.0       
12.932    2.0       
13.188    3.0       
13.429    4.0       
13.67     1.0       
13.924    2.0       
14.172    3.0       
14.416    4.0       
14.646    1.0       
14.902    2.0       
15.159    3.0       
15.407    4.0       
15.648    1.0       
15.886    2.0       
16.14     3.0       
16.382    4.0       
16.639    5.0       
16.881    1.0       
17.125    2.0       
17.353    3.0       
17.587    4.0       
17.824    5.0       
18.068    1.0       
18.326    2.0       
18.582    3.0       
18.835    4.0       
19.062    5.0       
19.305    1.0       
19.56     2.0       
19.793    3.0       
20.031    4.0       
20.287    5.0       
20.535    1.0       
20.789    2.0       
21.027    3.0       
21.268    4.0       
21.523    5.0       
21.764    1.0       
21.993    2.0       
22.244    3.0       
22.487    4.0       
22.742    5.0       
22.986    1.0       
23.23     2.0       
23.477    3.0       
23.718    4.0       
23.975    5.0       
24.231    1.0       
24.48     2.0       
24.738    3.0       
24.991    4.0       
25.217    5.0       
25.455    1.0       
25.691    2.0       
25.934    3.0       
26.163    4.0       
26.404    5.0       
26.642    1.0       
26.899    2.0       
27.14     3.0       
27.392    4.0       
27.65     5.0       
27.908    1.0       
28.146    2.0       
28.378    3.0       
28.605    4.0       
28.84     5.0       
29.093    1.0       
29.326    2.0       
29.578    3.0       
29.807    4.0       
30.065    5.0       
30.292    1.0       
30.533    2.0       
30.784    3.0       
31.026    4.0       
31.277    5.0       
31.51     1.0       
31.751    2.0       
31.984    3.0       
32.214    4.0       
32.466    5.0       
32.71     1.0       
32.942    2.0       
33.185    3.0       
33.413    4.0       
33.647    5.0       
33.899    1.0       
34.155    2.0       
34.398    3.0       
34.626    4.0       
34.872    5.0       
35.098    1.0       
35.33     2.0       
35.562    3.0       
35.812    4.0       
36.051    5.0       
36.281    1.0       
36.513    2.0       
36.752    3.0       
36.982    4.0       
37.212    5.0       
37.45     1.0       
37.68     2.0       
37.932    3.0       
38.183    4.0       
38.413    5.0       
38.646    1.0       
38.887    2.0       
39.121    3.0       
39.373    4.0       
39.602    5.0       
39.837    1.0       
40.089    2.0       
40.33     3.0       
40.583    4.0       
40.835    5.0       
41.064    1.0       
41.322    2.0       
41.566    3.0       
41.805    4.0       
42.063    5.0       
42.298    1.0       
42.527    2.0       
42.765    3.0       
43.012    4.0       
43.261    5.0       
43.503    1.0       
43.748    2.0       
43.982    3.0       
44.225    4.0       
44.483    5.0       
