0.296     1.0       
0.521     2.0       
0.741     3.0       
0.951     4.0       
1.18      1.0       
1.392     2.0       
1.6       3.0       
1.814     4.0       
2.02      1.0       
2.231     2.0       
2.449     3.0       
2.679     4.0       
2.89      1.0       
3.121     2.0       
3.329     3.0       
3.548     4.0       
3.781     1.0       
3.999     2.0       
4.208     3.0       
4.431     4.0       
4.655     1.0       
4.888     2.0       
5.103     3.0       
5.328     4.0       
5.558     1.0       
5.769     2.0       
5.99      3.0       
6.215     4.0       
6.428     1.0       
6.662     2.0       
6.886     3.0       
7.105     4.0       
7.337     1.0       
7.559     2.0       
7.768     3.0       
7.991     4.0       
8.197     5.0       
8.428     1.0       
8.653     2.0       
8.887     3.0       
9.103     4.0       
9.329     5.0       
9.549     1.0       
9.776     2.0       
9.984     3.0       
10.196    4.0       
10.417    5.0       
10.643    1.0       
10.876    2.0       
11.104    3.0       
11.324    4.0       
11.56     5.0       
11.776    1.0       
11.992    2.0       
12.215    3.0       
12.446    4.0       
12.652    5.0       
12.863    1.0       
13.075    2.0       
13.303    3.0       
13.522    4.0       
13.754    5.0       
13.965    1.0       
14.197    2.0       
14.408    3.0       
14.627    4.0       
14.846    5.0       
15.062    1.0       
15.278    2.0       
15.493    3.0       
15.701    4.0       
15.922    5.0       
16.13     1.0       
16.361    2.0       
16.571    3.0       
16.783    4.0       
17.007    5.0       
17.234    1.0       
17.447    2.0       
17.682    3.0       
17.919    4.0       
18.143    5.0       
18.371    1.0       
18.583    2.0       
18.801    3.0       
19.026    4.0       
19.247    5.0       
19.474    1.0       
19.708    2.0       
19.923    3.0       
20.142    4.0       
20.359    5.0       
20.568    1.0       
20.801    2.0       
21.009    3.0       
21.223    4.0       
21.446    5.0       
21.659    1.0       
21.879    2.0       
22.107    3.0       
22.322    4.0       
22.552    5.0       
22.783    1.0       
23.006    2.0       
23.239    3.0       
23.472    4.0       
23.708    5.0       
23.921    1.0       
24.137    2.0       
24.368    3.0       
24.581    4.0       
24.804    5.0       
25.028    1.0       
25.266    2.0       
25.472    3.0       
25.707    4.0       
25.932    5.0       
26.158    1.0       
26.369    2.0       
26.605    3.0       
26.838    4.0       
27.055    5.0       
27.272    1.0       
27.48     2.0       
27.7      3.0       
27.914    4.0       
28.144    5.0       
28.382    1.0       
28.608    2.0       
28.846    3.0       
29.077    4.0       
29.299    5.0       
