0.269     1.0       
0.525     2.0       
0.759     3.0       
1.003     4.0       
1.236     1.0       
1.495     2.0       
1.739     3.0       
1.995     4.0       
2.227     1.0       
2.479     2.0       
2.739     3.0       
3.0       4.0       
3.242     1.0       
3.503     2.0       
3.766     3.0       
4.028     4.0       
4.277     1.0       
4.538     2.0       
4.793     3.0       
5.053     4.0       
5.311     1.0       
5.546     2.0       
5.793     3.0       
6.029     4.0       
6.286     1.0       
6.543     2.0       
6.796     3.0       
7.03      4.0       
7.268     1.0       
7.504     2.0       
7.759     3.0       
8.003     4.0       
8.248     1.0       
8.483     2.0       
8.737     3.0       
8.973     4.0       
9.217     5.0       
9.472     1.0       
9.736     2.0       
9.993     3.0       
10.241    4.0       
10.478    5.0       
10.723    1.0       
10.97     2.0       
11.214    3.0       
11.465    4.0       
11.711    5.0       
11.959    1.0       
12.206    2.0       
12.44     3.0       
12.699    4.0       
12.95     5.0       
13.19     1.0       
13.441    2.0       
13.69     3.0       
13.935    4.0       
14.191    5.0       
14.449    1.0       
14.692    2.0       
14.95     3.0       
15.182    4.0       
15.428    5.0       
15.681    1.0       
15.931    2.0       
16.168    3.0       
16.405    4.0       
16.661    5.0       
16.893    1.0       
17.156    2.0       
17.406    3.0       
17.648    4.0       
17.888    5.0       
18.133    1.0       
18.374    2.0       
18.608    3.0       
18.869    4.0       
19.12     5.0       
19.372    1.0       
19.626    2.0       
19.864    3.0       
20.119    4.0       
20.378    5.0       
20.631    1.0       
20.864    2.0       
21.097    3.0       
21.33     4.0       
21.582    5.0       
21.818    1.0       
22.071    2.0       
22.335    3.0       
22.599    4.0       
22.833    5.0       
23.081    1.0       
23.342    2.0       
23.603    3.0       
23.837    4.0       
24.096    5.0       
24.338    1.0       
24.571    2.0       
24.812    3.0       
25.061    4.0       
25.3      5.0       
25.535    1.0       
25.769    2.0       
26.015    3.0       
26.248    4.0       
26.505    5.0       
26.747    1.0       
26.99     2.0       
27.249    3.0       
27.496    4.0       
27.732    5.0       
27.965    1.0       
28.21     2.0       
28.467    3.0       
28.715    4.0       
28.947    5.0       
29.206    1.0       
29.443    2.0       
29.685    3.0       
29.926    4.0       
30.159    5.0       
30.394    1.0       
30.629    2.0       
30.864    3.0       
31.118    4.0       
31.381    5.0       
31.626    1.0       
31.888    2.0       
32.131    3.0       
32.38     4.0       
32.629    5.0       
32.867    1.0       
33.127    2.0       
33.37     3.0       
33.612    4.0       
33.852    5.0       
34.101    1.0       
34.341    2.0       
34.592    3.0       
34.847    4.0       
35.093    5.0       
35.356    1.0       
35.608    2.0       
35.861    3.0       
36.103    4.0       
36.347    5.0       
36.603    1.0       
36.855    2.0       
37.108    3.0       
37.352    4.0       
37.584    5.0       
