0.257     1.0       
0.587     2.0       
0.896     3.0       
1.213     4.0       
1.525     1.0       
1.861     2.0       
2.178     3.0       
2.51      4.0       
2.819     1.0       
3.143     2.0       
3.478     3.0       
3.791     4.0       
4.11      1.0       
4.419     2.0       
4.748     3.0       
5.061     4.0       
5.387     1.0       
5.702     2.0       
6.013     3.0       
6.345     4.0       
6.675     1.0       
6.995     2.0       
7.32      3.0       
7.659     4.0       
7.989     1.0       
8.308     2.0       
8.646     3.0       
8.961     4.0       
9.284     1.0       
9.614     2.0       
9.934     3.0       
10.242    4.0       
10.557    1.0       
10.896    2.0       
11.233    3.0       
11.546    4.0       
11.86     1.0       
12.193    2.0       
12.517    3.0       
12.844    4.0       
13.176    1.0       
13.503    2.0       
13.831    3.0       
14.152    4.0       
14.459    1.0       
14.795    2.0       
15.103    3.0       
15.434    4.0       
15.755    1.0       
16.068    2.0       
16.404    3.0       
16.719    4.0       
17.04     1.0       
17.378    2.0       
17.693    3.0       
18.02     4.0       
18.34     1.0       
18.655    2.0       
18.973    3.0       
19.284    4.0       
19.618    1.0       
19.954    2.0       
20.269    3.0       
20.603    4.0       
20.926    1.0       
21.259    2.0       
21.598    3.0       
21.918    4.0       
22.254    1.0       
22.564    2.0       
22.886    3.0       
23.202    4.0       
23.536    1.0       
23.85     2.0       
24.158    3.0       
24.489    4.0       
24.823    1.0       
25.146    2.0       
25.478    3.0       
25.807    4.0       
26.144    1.0       
26.469    2.0       
26.787    3.0       
27.095    4.0       
27.433    1.0       
27.754    2.0       
28.069    3.0       
28.38     4.0       
28.712    1.0       
29.025    2.0       
29.35     3.0       
29.684    4.0       
30.021    1.0       
30.359    2.0       
30.688    3.0       
31.025    4.0       
31.36     1.0       
31.687    2.0       
32.0      3.0       
32.336    4.0       
32.668    1.0       
32.982    2.0       
33.303    3.0       
33.62     4.0       
33.938    1.0       
34.255    2.0       
34.585    3.0       
34.907    4.0       
35.238    1.0       
35.556    2.0       
35.892    3.0       
36.209    4.0       
36.532    1.0       
36.847    2.0       
37.178    3.0       
37.499    4.0       
37.83     1.0       
38.164    2.0       
38.482    3.0       
38.806    4.0       
39.136    1.0       
39.454    2.0       
39.772    3.0       
40.103    4.0       
40.433    1.0       
40.765    2.0       
41.097    3.0       
41.433    4.0       
41.754    1.0       
42.07     2.0       
42.404    3.0       
42.711    4.0       
43.029    5.0       
43.365    1.0       
43.699    2.0       
44.01     3.0       
44.324    4.0       
44.648    5.0       
44.987    1.0       
45.297    2.0       
45.622    3.0       
45.949    4.0       
46.283    5.0       
46.621    1.0       
46.949    2.0       
47.278    3.0       
47.604    4.0       
47.938    5.0       
48.255    1.0       
48.591    2.0       
48.906    3.0       
49.231    4.0       
49.543    5.0       
49.877    1.0       
50.21     2.0       
50.547    3.0       
50.878    4.0       
51.212    5.0       
51.526    1.0       
51.845    2.0       
52.166    3.0       
52.502    4.0       
52.834    5.0       
53.159    1.0       
53.483    2.0       
53.802    3.0       
54.115    4.0       
54.445    5.0       
54.769    1.0       
55.106    2.0       
55.428    3.0       
55.759    4.0       
56.077    5.0       
56.408    1.0       
56.737    2.0       
57.055    3.0       
57.382    4.0       
57.691    5.0       
58.007    1.0       
58.327    2.0       
58.647    3.0       
58.963    4.0       
59.286    5.0       
59.601    1.0       
59.911    2.0       
60.231    3.0       
60.545    4.0       
60.863    5.0       
61.195    1.0       
61.533    2.0       
61.852    3.0       
62.166    4.0       
62.486    5.0       
62.819    1.0       
63.158    2.0       
63.475    3.0       
63.811    4.0       
64.141    5.0       
64.465    1.0       
64.786    2.0       
65.124    3.0       
65.434    4.0       
65.752    5.0       
66.075    1.0       
66.397    2.0       
66.704    3.0       
67.021    4.0       
67.358    5.0       
67.696    1.0       
68.007    2.0       
68.345    3.0       
68.664    4.0       
69.001    5.0       
69.324    1.0       
69.642    2.0       
69.963    3.0       
70.291    4.0       
70.602    5.0       
70.912    1.0       
71.22     2.0       
71.552    3.0       
71.875    4.0       
72.195    5.0       
72.52     1.0       
72.847    2.0       
73.177    3.0       
73.494    4.0       
73.832    5.0       
74.161    1.0       
74.484    2.0       
74.804    3.0       
75.114    4.0       
75.452    5.0       
75.775    1.0       
76.1      2.0       
76.425    3.0       
76.763    4.0       
77.087    5.0       
77.416    1.0       
77.74     2.0       
78.077    3.0       
78.406    4.0       
78.726    5.0       
79.034    1.0       
79.353    2.0       
79.664    3.0       
79.988    4.0       
80.323    5.0       
80.634    1.0       
80.965    2.0       
81.288    3.0       
81.62     4.0       
81.942    5.0       
82.25     1.0       
82.589    2.0       
82.921    3.0       
83.234    4.0       
83.551    5.0       
83.883    1.0       
84.216    2.0       
84.533    3.0       
84.841    4.0       
85.157    5.0       
85.48     1.0       
85.818    2.0       
86.136    3.0       
86.466    4.0       
86.784    5.0       
87.098    1.0       
87.426    2.0       
87.757    3.0       
88.083    4.0       
88.404    5.0       
88.733    1.0       
89.059    2.0       
89.376    3.0       
89.712    4.0       
90.022    5.0       
90.344    1.0       
90.675    2.0       
90.994    3.0       
91.31     4.0       
91.639    5.0       
91.957    1.0       
92.296    2.0       
92.624    3.0       
92.953    4.0       
93.287    5.0       
