0.297     1.0       
0.582     2.0       
0.891     3.0       
1.184     4.0       
1.47      1.0       
1.772     2.0       
2.057     3.0       
2.356     4.0       
2.656     1.0       
2.954     2.0       
3.263     3.0       
3.57      4.0       
3.87      1.0       
4.153     2.0       
4.459     3.0       
4.759     4.0       
5.067     1.0       
5.373     2.0       
5.666     3.0       
5.954     4.0       
6.249     1.0       
6.543     2.0       
6.838     3.0       
7.149     4.0       
7.434     1.0       
7.719     2.0       
8.004     3.0       
8.301     4.0       
8.611     1.0       
8.9       2.0       
9.201     3.0       
9.495     4.0       
9.778     1.0       
10.074    2.0       
10.362    3.0       
10.653    4.0       
10.952    5.0       
11.262    1.0       
11.557    2.0       
11.851    3.0       
12.137    4.0       
12.439    5.0       
12.749    1.0       
13.041    2.0       
13.333    3.0       
13.633    4.0       
13.947    5.0       
14.249    1.0       
14.538    2.0       
14.822    3.0       
15.105    4.0       
15.391    5.0       
15.696    1.0       
15.987    2.0       
16.3      3.0       
16.602    4.0       
16.908    5.0       
17.192    1.0       
17.506    2.0       
17.819    3.0       
18.111    4.0       
18.411    5.0       
18.714    1.0       
19.004    2.0       
19.31     3.0       
19.613    4.0       
19.911    5.0       
20.216    1.0       
20.515    2.0       
20.829    3.0       
21.134    4.0       
21.432    5.0       
21.722    1.0       
22.009    2.0       
22.291    3.0       
22.599    4.0       
22.899    5.0       
23.191    1.0       
23.487    2.0       
23.798    3.0       
24.084    4.0       
24.375    5.0       
24.661    1.0       
24.952    2.0       
25.248    3.0       
25.542    4.0       
25.839    5.0       
26.127    1.0       
26.416    2.0       
26.71     3.0       
27.003    4.0       
27.296    5.0       
27.603    1.0       
27.89     2.0       
28.181    3.0       
28.485    4.0       
28.776    5.0       
29.081    1.0       
29.368    2.0       
29.672    3.0       
29.976    4.0       
30.274    5.0       
30.58     1.0       
30.875    2.0       
31.182    3.0       
31.468    4.0       
31.755    5.0       
32.044    1.0       
32.336    2.0       
32.623    3.0       
32.928    4.0       
33.239    5.0       
33.522    1.0       
33.816    2.0       
34.123    3.0       
34.425    4.0       
34.717    5.0       
35.01     1.0       
35.301    2.0       
35.607    3.0       
35.913    4.0       
36.218    5.0       
36.512    1.0       
36.823    2.0       
37.107    3.0       
37.403    4.0       
37.69     5.0       
37.986    1.0       
38.27     2.0       
38.563    3.0       
38.848    4.0       
39.14     5.0       
39.438    1.0       
39.73     2.0       
40.03     3.0       
40.341    4.0       
40.65     5.0       
40.943    1.0       
41.251    2.0       
41.538    3.0       
41.826    4.0       
42.112    5.0       
42.42     1.0       
42.73     2.0       
43.027    3.0       
43.316    4.0       
43.621    5.0       
43.91     1.0       
44.202    2.0       
44.485    3.0       
44.785    4.0       
45.078    5.0       
