0.256     1.0       
0.463     2.0       
0.648     3.0       
0.835     4.0       
1.042     1.0       
1.251     2.0       
1.459     3.0       
1.65      4.0       
1.855     1.0       
2.042     2.0       
2.228     3.0       
2.407     4.0       
2.618     1.0       
2.815     2.0       
3.024     3.0       
3.234     4.0       
3.417     1.0       
3.607     2.0       
3.817     3.0       
4.011     4.0       
4.212     1.0       
4.418     2.0       
4.601     3.0       
4.808     4.0       
4.99      1.0       
5.193     2.0       
5.385     3.0       
5.588     4.0       
5.791     1.0       
6.001     2.0       
6.18      3.0       
6.367     4.0       
6.568     1.0       
6.758     2.0       
6.949     3.0       
7.157     4.0       
7.34      1.0       
7.543     2.0       
7.728     3.0       
7.924     4.0       
8.103     1.0       
8.289     2.0       
8.47      3.0       
8.672     4.0       
8.873     1.0       
9.082     2.0       
9.263     3.0       
9.469     4.0       
9.654     1.0       
9.84      2.0       
10.033    3.0       
10.218    4.0       
10.429    1.0       
10.627    2.0       
10.815    3.0       
10.999    4.0       
11.178    1.0       
11.382    2.0       
11.561    3.0       
11.762    4.0       
11.956    1.0       
12.145    2.0       
12.35     3.0       
12.544    4.0       
12.726    1.0       
12.922    2.0       
13.121    3.0       
13.317    4.0       
13.507    5.0       
13.704    1.0       
13.902    2.0       
14.099    3.0       
14.305    4.0       
14.488    5.0       
14.678    1.0       
14.872    2.0       
15.082    3.0       
15.284    4.0       
15.48     5.0       
15.664    1.0       
15.855    2.0       
16.062    3.0       
16.271    4.0       
16.463    5.0       
16.67     1.0       
16.854    2.0       
17.054    3.0       
17.242    4.0       
17.443    5.0       
17.635    1.0       
17.833    2.0       
18.015    3.0       
18.217    4.0       
18.424    5.0       
18.616    1.0       
18.818    2.0       
19.019    3.0       
19.211    4.0       
19.406    5.0       
19.596    1.0       
19.782    2.0       
19.98     3.0       
20.186    4.0       
20.397    5.0       
20.595    1.0       
20.79     2.0       
20.987    3.0       
21.173    4.0       
21.369    5.0       
21.563    1.0       
21.744    2.0       
21.935    3.0       
22.129    4.0       
22.319    5.0       
22.523    1.0       
22.719    2.0       
22.917    3.0       
23.114    4.0       
23.3      5.0       
23.493    1.0       
23.672    2.0       
23.881    3.0       
24.081    4.0       
24.286    5.0       
24.478    1.0       
24.67     2.0       
24.853    3.0       
25.042    4.0       
25.247    5.0       
25.429    1.0       
25.623    2.0       
25.802    3.0       
25.981    4.0       
26.19     5.0       
26.399    1.0       
26.592    2.0       
26.801    3.0       
27.001    4.0       
27.212    5.0       
27.391    1.0       
27.593    2.0       
27.787    3.0       
27.967    4.0       
28.152    5.0       
28.36     1.0       
28.567    2.0       
28.753    3.0       
28.952    4.0       
29.137    5.0       
29.345    1.0       
29.548    2.0       
29.74     3.0       
29.928    4.0       
30.114    5.0       
30.296    1.0       
30.498    2.0       
30.694    3.0       
30.88     4.0       
31.081    5.0       
31.275    1.0       
31.485    2.0       
31.689    3.0       
31.893    4.0       
32.1      5.0       
