0.152     1.0       
0.37      2.0       
0.602     3.0       
0.826     4.0       
1.047     1.0       
1.269     2.0       
1.5       3.0       
1.715     4.0       
1.949     1.0       
2.152     2.0       
2.374     3.0       
2.579     4.0       
2.782     1.0       
2.986     2.0       
3.196     3.0       
3.428     4.0       
3.649     1.0       
3.873     2.0       
4.09      3.0       
4.322     4.0       
4.537     1.0       
4.761     2.0       
4.971     3.0       
5.185     4.0       
5.397     1.0       
5.629     2.0       
5.861     3.0       
6.081     4.0       
6.302     1.0       
6.509     2.0       
6.728     3.0       
6.938     4.0       
7.142     1.0       
7.35      2.0       
7.562     3.0       
7.778     4.0       
8.009     1.0       
8.214     2.0       
8.436     3.0       
8.644     4.0       
8.856     1.0       
9.059     2.0       
9.292     3.0       
9.522     4.0       
9.733     1.0       
9.956     2.0       
10.184    3.0       
10.395    4.0       
10.613    1.0       
10.822    2.0       
11.026    3.0       
11.255    4.0       
11.485    1.0       
11.705    2.0       
11.939    3.0       
12.172    4.0       
12.399    1.0       
12.616    2.0       
12.83     3.0       
13.036    4.0       
13.262    1.0       
13.486    2.0       
13.695    3.0       
13.912    4.0       
14.139    1.0       
14.36     2.0       
14.562    3.0       
14.795    4.0       
15.027    1.0       
15.238    2.0       
15.443    3.0       
15.673    4.0       
15.892    1.0       
16.116    2.0       
16.341    3.0       
16.569    4.0       
16.789    1.0       
17.006    2.0       
17.238    3.0       
17.453    4.0       
17.687    1.0       
17.905    2.0       
18.107    3.0       
18.31     4.0       
18.537    1.0       
18.742    2.0       
18.962    3.0       
19.172    4.0       
19.386    1.0       
19.613    2.0       
19.821    3.0       
20.032    4.0       
20.259    1.0       
20.461    2.0       
20.669    3.0       
20.887    4.0       
21.102    1.0       
21.318    2.0       
21.548    3.0       
21.755    4.0       
21.964    1.0       
22.195    2.0       
22.4      3.0       
22.609    4.0       
22.826    1.0       
23.051    2.0       
23.264    3.0       
23.48     4.0       
23.711    1.0       
23.913    2.0       
24.144    3.0       
24.364    4.0       
24.566    1.0       
24.8      2.0       
25.002    3.0       
25.221    4.0       
25.451    1.0       
25.677    2.0       
25.883    3.0       
26.089    4.0       
26.291    1.0       
26.5      2.0       
26.732    3.0       
26.94     4.0       
27.151    1.0       
27.376    2.0       
27.595    3.0       
27.798    4.0       
28.005    1.0       
28.234    2.0       
28.442    3.0       
28.645    4.0       
28.847    5.0       
29.066    1.0       
29.292    2.0       
29.498    3.0       
29.713    4.0       
29.919    5.0       
30.152    1.0       
30.374    2.0       
30.595    3.0       
30.799    4.0       
31.033    5.0       
31.266    1.0       
31.468    2.0       
31.681    3.0       
31.892    4.0       
32.123    5.0       
32.349    1.0       
32.583    2.0       
32.8      3.0       
33.015    4.0       
33.238    5.0       
33.46     1.0       
33.669    2.0       
33.895    3.0       
34.123    4.0       
34.338    5.0       
34.544    1.0       
34.773    2.0       
35.004    3.0       
35.212    4.0       
35.422    5.0       
35.645    1.0       
35.871    2.0       
36.077    3.0       
36.285    4.0       
36.508    5.0       
36.73     1.0       
36.958    2.0       
37.189    3.0       
37.406    4.0       
37.635    5.0       
37.86     1.0       
38.092    2.0       
38.322    3.0       
38.529    4.0       
38.756    5.0       
38.98     1.0       
39.198    2.0       
39.423    3.0       
39.644    4.0       
39.876    5.0       
40.096    1.0       
40.329    2.0       
40.531    3.0       
40.736    4.0       
40.957    5.0       
41.184    1.0       
41.39     2.0       
41.595    3.0       
41.817    4.0       
42.022    5.0       
42.249    1.0       
42.452    2.0       
42.663    3.0       
42.871    4.0       
43.074    5.0       
43.3      1.0       
43.522    2.0       
43.727    3.0       
43.929    4.0       
44.141    5.0       
44.362    1.0       
44.577    2.0       
44.806    3.0       
45.019    4.0       
45.234    5.0       
45.465    1.0       
45.691    2.0       
45.901    3.0       
46.114    4.0       
46.34     5.0       
46.552    1.0       
46.762    2.0       
46.978    3.0       
47.203    4.0       
47.425    5.0       
47.632    1.0       
47.85     2.0       
48.079    3.0       
48.3      4.0       
48.515    5.0       
48.728    1.0       
48.938    2.0       
49.158    3.0       
49.381    4.0       
49.595    5.0       
