0.265     1.0       
0.606     2.0       
0.954     3.0       
1.277     4.0       
1.623     1.0       
1.963     2.0       
2.292     3.0       
2.632     4.0       
2.975     1.0       
3.314     2.0       
3.652     3.0       
3.987     4.0       
4.313     1.0       
4.644     2.0       
4.981     3.0       
5.321     4.0       
5.652     1.0       
6.005     2.0       
6.337     3.0       
6.669     4.0       
7.015     1.0       
7.34      2.0       
7.678     3.0       
8.019     4.0       
8.349     1.0       
8.678     2.0       
9.027     3.0       
9.358     4.0       
9.702     1.0       
10.028    2.0       
10.371    3.0       
10.695    4.0       
11.044    1.0       
11.369    2.0       
11.698    3.0       
12.024    4.0       
12.362    1.0       
12.686    2.0       
13.036    3.0       
13.372    4.0       
13.715    1.0       
14.062    2.0       
14.409    3.0       
14.76     4.0       
15.097    1.0       
15.42     2.0       
15.772    3.0       
16.107    4.0       
16.435    1.0       
16.79     2.0       
17.127    3.0       
17.482    4.0       
17.825    1.0       
18.165    2.0       
18.515    3.0       
18.842    4.0       
19.197    1.0       
19.533    2.0       
19.863    3.0       
20.203    4.0       
20.551    1.0       
20.903    2.0       
21.244    3.0       
21.594    4.0       
21.946    1.0       
22.27     2.0       
22.607    3.0       
22.959    4.0       
23.303    1.0       
23.648    2.0       
23.979    3.0       
24.311    4.0       
24.643    1.0       
24.991    2.0       
25.346    3.0       
25.692    4.0       
26.045    1.0       
26.39     2.0       
26.735    3.0       
27.084    4.0       
27.43     1.0       
27.762    2.0       
28.088    3.0       
28.419    4.0       
28.774    1.0       
29.119    2.0       
29.455    3.0       
29.782    4.0       
30.108    1.0       
30.44     2.0       
30.764    3.0       
31.105    4.0       
31.434    1.0       
31.774    2.0       
32.119    3.0       
32.444    4.0       
32.767    1.0       
33.097    2.0       
33.446    3.0       
33.78     4.0       
34.134    1.0       
34.487    2.0       
34.826    3.0       
35.153    4.0       
35.477    1.0       
35.82     2.0       
36.167    3.0       
36.497    4.0       
36.823    1.0       
37.168    2.0       
37.523    3.0       
37.869    4.0       
38.192    1.0       
38.529    2.0       
38.86     3.0       
39.213    4.0       
39.543    1.0       
39.87     2.0       
40.217    3.0       
40.54     4.0       
40.891    1.0       
41.246    2.0       
41.596    3.0       
41.948    4.0       
42.301    1.0       
42.656    2.0       
42.987    3.0       
43.32     4.0       
43.649    1.0       
43.988    2.0       
44.33     3.0       
44.657    4.0       
44.993    5.0       
45.344    1.0       
45.692    2.0       
46.042    3.0       
46.369    4.0       
46.709    5.0       
47.039    1.0       
47.388    2.0       
47.711    3.0       
48.064    4.0       
48.407    5.0       
48.735    1.0       
49.067    2.0       
49.422    3.0       
49.753    4.0       
50.1      5.0       
50.448    1.0       
50.785    2.0       
51.128    3.0       
51.481    4.0       
51.808    5.0       
52.156    1.0       
52.497    2.0       
52.82     3.0       
53.165    4.0       
53.503    5.0       
53.841    1.0       
54.167    2.0       
54.519    3.0       
54.845    4.0       
55.176    5.0       
55.525    1.0       
55.874    2.0       
56.226    3.0       
56.573    4.0       
56.915    5.0       
57.253    1.0       
57.59     2.0       
57.935    3.0       
58.263    4.0       
58.603    5.0       
58.941    1.0       
59.288    2.0       
59.628    3.0       
59.973    4.0       
60.305    5.0       
60.66     1.0       
61.002    2.0       
61.356    3.0       
61.692    4.0       
62.03     5.0       
62.383    1.0       
62.714    2.0       
63.054    3.0       
63.397    4.0       
63.747    5.0       
64.08     1.0       
64.426    2.0       
64.781    3.0       
65.114    4.0       
65.46     5.0       
65.796    1.0       
66.13     2.0       
66.48     3.0       
66.809    4.0       
67.163    5.0       
67.511    1.0       
67.856    2.0       
68.185    3.0       
68.537    4.0       
68.87     5.0       
69.196    1.0       
69.521    2.0       
69.85     3.0       
70.185    4.0       
70.531    5.0       
70.868    1.0       
71.201    2.0       
71.538    3.0       
71.877    4.0       
72.208    5.0       
72.531    1.0       
72.886    2.0       
73.235    3.0       
73.571    4.0       
73.903    5.0       
74.232    1.0       
74.555    2.0       
74.89     3.0       
75.214    4.0       
75.541    5.0       
75.879    1.0       
76.203    2.0       
76.54     3.0       
76.893    4.0       
77.223    5.0       
77.559    1.0       
77.906    2.0       
78.247    3.0       
78.581    4.0       
78.913    5.0       
79.236    1.0       
79.559    2.0       
79.906    3.0       
80.261    4.0       
80.606    5.0       
80.961    1.0       
81.293    2.0       
81.628    3.0       
81.973    4.0       
82.301    5.0       
82.632    1.0       
82.987    2.0       
83.342    3.0       
83.694    4.0       
84.018    5.0       
84.361    1.0       
84.7      2.0       
85.041    3.0       
85.391    4.0       
85.72     5.0       
86.058    1.0       
86.401    2.0       
86.746    3.0       
87.073    4.0       
87.398    5.0       
87.736    1.0       
88.078    2.0       
88.42     3.0       
88.754    4.0       
89.102    5.0       
89.457    1.0       
89.789    2.0       
90.123    3.0       
90.468    4.0       
90.801    5.0       
91.141    1.0       
91.489    2.0       
91.829    3.0       
92.177    4.0       
92.532    5.0       
92.884    1.0       
93.233    2.0       
93.583    3.0       
93.918    4.0       
94.241    5.0       
94.567    1.0       
94.906    2.0       
95.234    3.0       
95.587    4.0       
95.925    5.0       
96.254    1.0       
96.607    2.0       
96.962    3.0       
97.311    4.0       
97.641    5.0       
