0.264     1.0       
0.605     2.0       
0.927     3.0       
1.267     4.0       
1.619     1.0       
1.956     2.0       
2.292     3.0       
2.638     4.0       
2.97      1.0       
3.31      2.0       
3.639     3.0       
3.978     4.0       
4.328     1.0       
4.648     2.0       
4.979     3.0       
5.32      4.0       
5.656     1.0       
5.979     2.0       
6.33      3.0       
6.675     4.0       
7.015     1.0       
7.342     2.0       
7.686     3.0       
8.019     4.0       
8.342     1.0       
8.687     2.0       
9.019     3.0       
9.344     4.0       
9.672     1.0       
9.992     2.0       
10.315    3.0       
10.64     4.0       
10.969    1.0       
11.313    2.0       
11.634    3.0       
11.955    4.0       
12.306    1.0       
12.636    2.0       
12.968    3.0       
13.315    4.0       
13.65     1.0       
13.999    2.0       
14.335    3.0       
14.675    4.0       
15.003    1.0       
15.333    2.0       
15.679    3.0       
16.005    4.0       
16.325    1.0       
16.652    2.0       
16.974    3.0       
17.294    4.0       
17.624    1.0       
17.975    2.0       
18.312    3.0       
18.655    4.0       
19.001    1.0       
19.326    2.0       
19.655    3.0       
19.981    4.0       
20.318    1.0       
20.647    2.0       
20.974    3.0       
21.31     4.0       
21.648    1.0       
21.976    2.0       
22.317    3.0       
22.659    4.0       
22.984    1.0       
23.333    2.0       
23.659    3.0       
23.983    4.0       
24.308    1.0       
24.64     2.0       
24.99     3.0       
25.332    4.0       
25.672    1.0       
25.995    2.0       
26.346    3.0       
26.67     4.0       
26.996    1.0       
27.339    2.0       
27.687    3.0       
28.009    4.0       
28.343    5.0       
28.689    1.0       
29.022    2.0       
29.346    3.0       
29.678    4.0       
30.018    5.0       
30.361    1.0       
30.692    2.0       
31.036    3.0       
31.38     4.0       
31.729    5.0       
32.067    1.0       
32.411    2.0       
32.745    3.0       
33.065    4.0       
33.399    5.0       
33.725    1.0       
34.065    2.0       
34.413    3.0       
34.748    4.0       
35.075    5.0       
35.406    1.0       
35.736    2.0       
36.077    3.0       
36.402    4.0       
36.748    5.0       
37.069    1.0       
37.403    2.0       
37.747    3.0       
38.085    4.0       
38.411    5.0       
38.75     1.0       
39.093    2.0       
39.445    3.0       
39.773    4.0       
40.122    5.0       
40.463    1.0       
40.783    2.0       
41.107    3.0       
41.45     4.0       
41.775    5.0       
42.101    1.0       
42.443    2.0       
42.785    3.0       
43.129    4.0       
43.455    5.0       
43.783    1.0       
44.113    2.0       
44.457    3.0       
44.792    4.0       
45.144    5.0       
45.469    1.0       
45.807    2.0       
46.146    3.0       
46.485    4.0       
46.815    5.0       
47.141    1.0       
47.487    2.0       
47.834    3.0       
48.175    4.0       
48.503    5.0       
48.853    1.0       
49.191    2.0       
49.529    3.0       
49.865    4.0       
50.199    5.0       
50.544    1.0       
50.87     2.0       
51.201    3.0       
51.534    4.0       
51.875    5.0       
52.206    1.0       
52.558    2.0       
52.897    3.0       
53.222    4.0       
53.544    5.0       
53.893    1.0       
54.233    2.0       
54.584    3.0       
54.921    4.0       
55.269    5.0       
55.612    1.0       
55.937    2.0       
56.286    3.0       
56.608    4.0       
56.949    5.0       
57.282    1.0       
57.625    2.0       
57.957    3.0       
58.284    4.0       
58.62     5.0       
58.965    1.0       
59.305    2.0       
59.654    3.0       
59.982    4.0       
60.303    5.0       
