0.171     1.0       
0.48      2.0       
0.801     3.0       
1.104     4.0       
1.403     1.0       
1.715     2.0       
2.021     3.0       
2.327     4.0       
2.64      1.0       
2.954     2.0       
3.276     3.0       
3.583     4.0       
3.902     1.0       
4.221     2.0       
4.541     3.0       
4.854     4.0       
5.17      1.0       
5.488     2.0       
5.783     3.0       
6.1       4.0       
6.401     1.0       
6.696     2.0       
7.001     3.0       
7.299     4.0       
7.594     1.0       
7.905     2.0       
8.2       3.0       
8.511     4.0       
8.827     1.0       
9.133     2.0       
9.441     3.0       
9.761     4.0       
10.06     1.0       
10.379    2.0       
10.673    3.0       
10.979    4.0       
11.283    1.0       
11.592    2.0       
11.886    3.0       
12.202    4.0       
12.523    1.0       
12.842    2.0       
13.154    3.0       
13.474    4.0       
13.79     1.0       
14.114    2.0       
14.412    3.0       
14.715    4.0       
15.03     1.0       
15.336    2.0       
15.635    3.0       
15.931    4.0       
16.226    1.0       
16.542    2.0       
16.864    3.0       
17.168    4.0       
17.47     1.0       
17.794    2.0       
18.111    3.0       
18.436    4.0       
18.736    1.0       
19.052    2.0       
19.359    3.0       
19.664    4.0       
19.964    1.0       
20.277    2.0       
20.588    3.0       
20.882    4.0       
21.176    1.0       
21.477    2.0       
21.773    3.0       
22.069    4.0       
22.373    1.0       
22.671    2.0       
22.98     3.0       
23.286    4.0       
23.601    1.0       
23.903    2.0       
24.229    3.0       
24.551    4.0       
24.874    1.0       
25.191    2.0       
25.486    3.0       
25.783    4.0       
26.108    1.0       
26.422    2.0       
26.717    3.0       
27.04     4.0       
27.335    1.0       
27.643    2.0       
27.944    3.0       
28.261    4.0       
28.578    1.0       
28.899    2.0       
29.206    3.0       
29.504    4.0       
29.825    1.0       
30.137    2.0       
30.452    3.0       
30.777    4.0       
31.085    1.0       
31.41     2.0       
31.71     3.0       
32.009    4.0       
32.315    1.0       
32.639    2.0       
32.935    3.0       
33.25     4.0       
33.575    1.0       
33.876    2.0       
34.184    3.0       
34.492    4.0       
34.813    1.0       
35.136    2.0       
35.447    3.0       
35.745    4.0       
36.063    5.0       
36.366    1.0       
36.685    2.0       
36.984    3.0       
37.279    4.0       
37.588    5.0       
37.89     1.0       
38.186    2.0       
38.48     3.0       
38.792    4.0       
39.099    5.0       
39.401    1.0       
39.706    2.0       
40.03     3.0       
40.347    4.0       
40.668    5.0       
40.978    1.0       
41.304    2.0       
41.617    3.0       
41.936    4.0       
42.255    5.0       
42.557    1.0       
42.863    2.0       
43.157    3.0       
43.461    4.0       
43.762    5.0       
44.077    1.0       
44.375    2.0       
44.688    3.0       
44.986    4.0       
45.281    5.0       
45.577    1.0       
45.871    2.0       
46.167    3.0       
46.466    4.0       
46.765    5.0       
47.083    1.0       
47.38     2.0       
47.684    3.0       
47.981    4.0       
48.295    5.0       
48.599    1.0       
48.912    2.0       
49.233    3.0       
49.544    4.0       
49.868    5.0       
50.173    1.0       
50.491    2.0       
50.817    3.0       
51.111    4.0       
51.426    5.0       
51.74     1.0       
52.062    2.0       
52.384    3.0       
52.695    4.0       
52.99     5.0       
53.31     1.0       
53.627    2.0       
53.935    3.0       
54.241    4.0       
54.561    5.0       
54.863    1.0       
55.163    2.0       
55.462    3.0       
55.776    4.0       
56.102    5.0       
56.411    1.0       
56.73     2.0       
57.024    3.0       
57.344    4.0       
57.638    5.0       
57.952    1.0       
58.249    2.0       
58.56     3.0       
58.863    4.0       
59.17     5.0       
59.467    1.0       
59.773    2.0       
60.076    3.0       
60.385    4.0       
60.706    5.0       
61.017    1.0       
61.312    2.0       
61.619    3.0       
61.932    4.0       
62.238    5.0       
62.536    1.0       
62.847    2.0       
63.15     3.0       
63.454    4.0       
63.769    5.0       
64.063    1.0       
64.383    2.0       
64.698    3.0       
65.017    4.0       
65.329    5.0       
