0.264     1.0       
0.506     2.0       
0.753     3.0       
1.002     4.0       
1.249     1.0       
1.501     2.0       
1.765     3.0       
2.006     4.0       
2.25      1.0       
2.501     2.0       
2.753     3.0       
3.008     4.0       
3.243     1.0       
3.507     2.0       
3.743     3.0       
4.001     4.0       
4.263     1.0       
4.505     2.0       
4.757     3.0       
5.012     4.0       
5.25      1.0       
5.51      2.0       
5.775     3.0       
6.032     4.0       
6.297     1.0       
6.559     2.0       
6.809     3.0       
7.073     4.0       
7.339     1.0       
7.576     2.0       
7.838     3.0       
8.089     4.0       
8.349     1.0       
8.598     2.0       
8.838     3.0       
9.075     4.0       
9.322     1.0       
9.582     2.0       
9.829     3.0       
10.087    4.0       
10.343    1.0       
10.598    2.0       
10.84     3.0       
11.089    4.0       
11.345    1.0       
11.592    2.0       
11.849    3.0       
12.101    4.0       
12.36     1.0       
12.615    2.0       
12.878    3.0       
13.14     4.0       
13.403    1.0       
13.657    2.0       
13.893    3.0       
14.127    4.0       
14.375    1.0       
14.632    2.0       
14.885    3.0       
15.135    4.0       
15.389    1.0       
15.654    2.0       
15.913    3.0       
16.15     4.0       
16.397    1.0       
16.644    2.0       
16.883    3.0       
17.131    4.0       
17.377    1.0       
17.636    2.0       
17.871    3.0       
18.129    4.0       
18.379    1.0       
18.624    2.0       
18.861    3.0       
19.102    4.0       
19.347    1.0       
19.613    2.0       
19.869    3.0       
20.127    4.0       
20.362    1.0       
20.628    2.0       
20.866    3.0       
21.11     4.0       
21.361    5.0       
21.607    1.0       
21.846    2.0       
22.096    3.0       
22.35     4.0       
22.586    5.0       
22.845    1.0       
23.085    2.0       
23.33     3.0       
23.569    4.0       
23.808    5.0       
24.052    1.0       
24.294    2.0       
24.545    3.0       
24.783    4.0       
25.027    5.0       
25.269    1.0       
25.53     2.0       
25.789    3.0       
26.033    4.0       
26.297    5.0       
26.538    1.0       
26.78     2.0       
27.027    3.0       
27.286    4.0       
27.524    5.0       
27.764    1.0       
28.019    2.0       
28.258    3.0       
28.519    4.0       
28.775    5.0       
29.035    1.0       
29.296    2.0       
29.556    3.0       
29.815    4.0       
30.068    5.0       
30.318    1.0       
30.571    2.0       
30.814    3.0       
31.079    4.0       
31.332    5.0       
31.581    1.0       
31.82     2.0       
32.078    3.0       
32.317    4.0       
32.561    5.0       
32.8      1.0       
33.052    2.0       
33.316    3.0       
33.557    4.0       
33.812    5.0       
34.057    1.0       
34.302    2.0       
34.539    3.0       
34.786    4.0       
35.024    5.0       
35.275    1.0       
35.51     2.0       
35.755    3.0       
36.005    4.0       
36.242    5.0       
36.487    1.0       
36.75     2.0       
37.009    3.0       
37.272    4.0       
37.519    5.0       
37.758    1.0       
38.0      2.0       
38.256    3.0       
38.52     4.0       
38.771    5.0       
39.02     1.0       
39.274    2.0       
39.529    3.0       
39.793    4.0       
40.057    5.0       
40.306    1.0       
40.55     2.0       
40.805    3.0       
41.059    4.0       
41.304    5.0       
41.548    1.0       
41.801    2.0       
42.058    3.0       
42.323    4.0       
42.58     5.0       
42.831    1.0       
43.082    2.0       
43.341    3.0       
43.595    4.0       
43.842    5.0       
44.105    1.0       
44.346    2.0       
44.588    3.0       
44.838    4.0       
45.078    5.0       
45.312    1.0       
45.569    2.0       
45.834    3.0       
46.081    4.0       
46.322    5.0       
46.56     1.0       
46.805    2.0       
47.044    3.0       
47.302    4.0       
47.553    5.0       
47.801    1.0       
48.054    2.0       
48.291    3.0       
48.548    4.0       
48.8      5.0       
49.061    1.0       
49.317    2.0       
49.563    3.0       
49.821    4.0       
50.074    5.0       
50.309    1.0       
50.55     2.0       
50.796    3.0       
51.046    4.0       
51.299    5.0       
51.535    1.0       
51.786    2.0       
52.047    3.0       
52.281    4.0       
52.53     5.0       
52.772    1.0       
53.014    2.0       
53.275    3.0       
53.529    4.0       
53.792    5.0       
54.045    1.0       
54.304    2.0       
54.556    3.0       
54.819    4.0       
55.069    5.0       
