0.169     1.0       
0.44      2.0       
0.703     3.0       
0.968     4.0       
1.245     1.0       
1.511     2.0       
1.79      3.0       
2.082     4.0       
2.366     1.0       
2.655     2.0       
2.932     3.0       
3.203     4.0       
3.479     1.0       
3.765     2.0       
4.042     3.0       
4.321     4.0       
4.605     1.0       
4.884     2.0       
5.153     3.0       
5.438     4.0       
5.73      1.0       
6.007     2.0       
6.274     3.0       
6.565     4.0       
6.838     1.0       
7.12      2.0       
7.387     3.0       
7.66      4.0       
7.927     1.0       
8.22      2.0       
8.505     3.0       
8.773     4.0       
9.04      1.0       
9.323     2.0       
9.586     3.0       
9.866     4.0       
10.128    1.0       
10.414    2.0       
10.683    3.0       
10.958    4.0       
11.246    1.0       
11.519    2.0       
11.783    3.0       
12.057    4.0       
12.332    1.0       
12.602    2.0       
12.867    3.0       
13.137    4.0       
13.423    1.0       
13.703    2.0       
13.994    3.0       
14.266    4.0       
14.538    1.0       
14.807    2.0       
15.093    3.0       
15.365    4.0       
15.637    1.0       
15.905    2.0       
16.189    3.0       
16.471    4.0       
16.764    1.0       
17.054    2.0       
17.325    3.0       
17.599    4.0       
17.863    1.0       
18.142    2.0       
18.433    3.0       
18.717    4.0       
19.006    5.0       
19.281    1.0       
19.555    2.0       
19.819    3.0       
20.084    4.0       
20.346    5.0       
20.636    1.0       
20.906    2.0       
21.176    3.0       
21.455    4.0       
21.719    5.0       
22.012    1.0       
22.295    2.0       
22.577    3.0       
22.845    4.0       
23.12     5.0       
23.393    1.0       
23.678    2.0       
23.947    3.0       
24.224    4.0       
24.487    5.0       
24.767    1.0       
25.041    2.0       
25.332    3.0       
25.616    4.0       
25.892    5.0       
26.18     1.0       
26.473    2.0       
26.747    3.0       
27.019    4.0       
27.301    5.0       
27.577    1.0       
27.853    2.0       
28.124    3.0       
28.401    4.0       
28.677    5.0       
28.964    1.0       
29.229    2.0       
29.497    3.0       
29.786    4.0       
30.061    5.0       
30.339    1.0       
30.628    2.0       
30.915    3.0       
31.192    4.0       
31.462    5.0       
31.747    1.0       
32.031    2.0       
32.315    3.0       
32.593    4.0       
32.876    5.0       
33.151    1.0       
33.434    2.0       
33.706    3.0       
33.985    4.0       
34.247    5.0       
34.524    1.0       
34.798    2.0       
35.084    3.0       
35.355    4.0       
35.619    5.0       
35.905    1.0       
36.177    2.0       
36.439    3.0       
36.719    4.0       
36.994    5.0       
37.273    1.0       
37.557    2.0       
37.834    3.0       
38.119    4.0       
38.412    5.0       
38.691    1.0       
38.978    2.0       
39.258    3.0       
39.522    4.0       
39.794    5.0       
40.057    1.0       
40.337    2.0       
40.611    3.0       
40.9      4.0       
41.187    5.0       
41.456    1.0       
41.739    2.0       
42.03     3.0       
42.312    4.0       
42.586    5.0       
42.867    1.0       
43.156    2.0       
43.436    3.0       
43.711    4.0       
43.979    5.0       
44.248    1.0       
44.517    2.0       
44.778    3.0       
45.043    4.0       
45.329    5.0       
