0.251     1.0       
0.586     2.0       
0.907     3.0       
1.23      4.0       
1.572     1.0       
1.906     2.0       
2.24      3.0       
2.575     4.0       
2.89      1.0       
3.219     2.0       
3.53      3.0       
3.869     4.0       
4.201     1.0       
4.54      2.0       
4.879     3.0       
5.199     4.0       
5.531     1.0       
5.865     2.0       
6.207     3.0       
6.54      4.0       
6.864     1.0       
7.206     2.0       
7.537     3.0       
7.848     4.0       
8.172     1.0       
8.513     2.0       
8.835     3.0       
9.169     4.0       
9.506     1.0       
9.845     2.0       
10.162    3.0       
10.48     4.0       
10.802    1.0       
11.143    2.0       
11.461    3.0       
11.795    4.0       
12.137    1.0       
12.448    2.0       
12.771    3.0       
13.084    4.0       
13.405    1.0       
13.741    2.0       
14.062    3.0       
14.396    4.0       
14.709    1.0       
15.043    2.0       
15.362    3.0       
15.684    4.0       
15.999    1.0       
16.321    2.0       
16.645    3.0       
16.955    4.0       
17.277    1.0       
17.611    2.0       
17.929    3.0       
18.25     4.0       
18.575    1.0       
18.915    2.0       
19.236    3.0       
19.546    4.0       
19.875    1.0       
20.213    2.0       
20.544    3.0       
20.866    4.0       
21.184    1.0       
21.514    2.0       
21.837    3.0       
22.156    4.0       
22.495    1.0       
22.823    2.0       
23.136    3.0       
23.473    4.0       
23.807    1.0       
24.125    2.0       
24.436    3.0       
24.752    4.0       
25.089    1.0       
25.427    2.0       
25.741    3.0       
26.054    4.0       
26.364    1.0       
26.684    2.0       
27.021    3.0       
27.351    4.0       
27.689    1.0       
28.003    2.0       
28.334    3.0       
28.668    4.0       
28.99     1.0       
29.305    2.0       
29.63     3.0       
29.952    4.0       
30.279    1.0       
30.598    2.0       
30.913    3.0       
31.238    4.0       
31.557    1.0       
31.876    2.0       
32.189    3.0       
32.524    4.0       
32.856    1.0       
33.167    2.0       
33.488    3.0       
33.806    4.0       
34.124    1.0       
34.459    2.0       
34.798    3.0       
35.14     4.0       
35.461    1.0       
35.801    2.0       
36.135    3.0       
36.453    4.0       
36.791    1.0       
37.117    2.0       
37.445    3.0       
37.76     4.0       
38.092    1.0       
38.412    2.0       
38.724    3.0       
39.044    4.0       
39.372    1.0       
39.706    2.0       
40.029    3.0       
40.361    4.0       
40.701    1.0       
41.025    2.0       
41.366    3.0       
41.676    4.0       
41.996    1.0       
42.306    2.0       
42.616    3.0       
42.958    4.0       
43.297    5.0       
43.609    1.0       
43.92     2.0       
44.259    3.0       
44.591    4.0       
44.907    5.0       
45.233    1.0       
45.574    2.0       
45.904    3.0       
46.227    4.0       
46.564    5.0       
46.901    1.0       
47.228    2.0       
47.551    3.0       
47.874    4.0       
48.213    5.0       
48.548    1.0       
48.882    2.0       
49.192    3.0       
49.502    4.0       
49.83     5.0       
50.164    1.0       
50.484    2.0       
50.804    3.0       
51.129    4.0       
51.45     5.0       
51.774    1.0       
52.089    2.0       
52.428    3.0       
52.738    4.0       
53.049    5.0       
53.379    1.0       
53.709    2.0       
54.04     3.0       
54.37     4.0       
54.692    5.0       
55.03     1.0       
55.346    2.0       
55.657    3.0       
55.989    4.0       
56.315    5.0       
56.634    1.0       
56.958    2.0       
57.287    3.0       
57.614    4.0       
57.924    5.0       
58.259    1.0       
58.573    2.0       
58.915    3.0       
59.248    4.0       
59.56     5.0       
59.874    1.0       
60.214    2.0       
60.535    3.0       
60.845    4.0       
61.178    5.0       
61.496    1.0       
61.83     2.0       
62.146    3.0       
62.48     4.0       
62.79     5.0       
63.127    1.0       
63.449    2.0       
63.782    3.0       
64.118    4.0       
64.435    5.0       
64.754    1.0       
65.074    2.0       
65.413    3.0       
65.739    4.0       
66.061    5.0       
66.389    1.0       
66.707    2.0       
67.02     3.0       
67.34     4.0       
67.677    5.0       
67.996    1.0       
68.316    2.0       
68.642    3.0       
68.98     4.0       
69.316    5.0       
69.653    1.0       
69.969    2.0       
70.308    3.0       
70.647    4.0       
70.986    5.0       
71.297    1.0       
71.635    2.0       
71.946    3.0       
72.28     4.0       
72.593    5.0       
72.904    1.0       
73.224    2.0       
73.565    3.0       
73.894    4.0       
74.231    5.0       
74.55     1.0       
74.884    2.0       
75.194    3.0       
75.508    4.0       
75.839    5.0       
76.17     1.0       
76.491    2.0       
76.814    3.0       
77.132    4.0       
77.45     5.0       
77.782    1.0       
78.112    2.0       
78.431    3.0       
78.748    4.0       
79.073    5.0       
79.402    1.0       
79.739    2.0       
80.063    3.0       
80.397    4.0       
80.708    5.0       
81.041    1.0       
81.352    2.0       
81.686    3.0       
82.028    4.0       
82.366    5.0       
82.676    1.0       
82.992    2.0       
83.307    3.0       
83.623    4.0       
83.94     5.0       
84.262    1.0       
84.587    2.0       
84.917    3.0       
85.228    4.0       
85.546    5.0       
85.877    1.0       
86.196    2.0       
86.522    3.0       
86.848    4.0       
87.158    5.0       
87.481    1.0       
87.822    2.0       
88.16     3.0       
88.477    4.0       
88.787    5.0       
89.124    1.0       
89.44     2.0       
89.761    3.0       
90.089    4.0       
90.412    5.0       
90.737    1.0       
91.079    2.0       
91.413    3.0       
91.74     4.0       
92.067    5.0       
92.394    1.0       
92.729    2.0       
93.063    3.0       
93.397    4.0       
93.711    5.0       
