0.245     1.0       
0.593     2.0       
0.926     3.0       
1.26      4.0       
1.594     1.0       
1.924     2.0       
2.258     3.0       
2.589     4.0       
2.909     1.0       
3.235     2.0       
3.559     3.0       
3.887     4.0       
4.229     1.0       
4.556     2.0       
4.891     3.0       
5.217     4.0       
5.551     1.0       
5.888     2.0       
6.235     3.0       
6.583     4.0       
6.902     1.0       
7.243     2.0       
7.591     3.0       
7.93      4.0       
8.259     1.0       
8.584     2.0       
8.911     3.0       
9.251     4.0       
9.59      1.0       
9.927     2.0       
10.261    3.0       
10.579    4.0       
10.924    1.0       
11.248    2.0       
11.593    3.0       
11.912    4.0       
12.258    1.0       
12.592    2.0       
12.924    3.0       
13.254    4.0       
13.576    1.0       
13.9      2.0       
14.223    3.0       
14.555    4.0       
14.877    1.0       
15.2      2.0       
15.534    3.0       
15.864    4.0       
16.211    1.0       
16.546    2.0       
16.887    3.0       
17.214    4.0       
17.562    1.0       
17.885    2.0       
18.226    3.0       
18.547    4.0       
18.878    1.0       
19.194    2.0       
19.535    3.0       
19.865    4.0       
20.195    1.0       
20.539    2.0       
20.883    3.0       
21.2      4.0       
21.548    1.0       
21.884    2.0       
22.222    3.0       
22.545    4.0       
22.869    1.0       
23.193    2.0       
23.536    3.0       
23.882    4.0       
24.208    1.0       
24.527    2.0       
24.875    3.0       
25.218    4.0       
25.539    1.0       
25.857    2.0       
26.181    3.0       
26.524    4.0       
26.863    1.0       
27.189    2.0       
27.515    3.0       
27.837    4.0       
28.166    1.0       
28.51     2.0       
28.831    3.0       
29.171    4.0       
29.508    1.0       
29.839    2.0       
30.181    3.0       
30.514    4.0       
30.862    1.0       
31.189    2.0       
31.521    3.0       
31.837    4.0       
32.177    1.0       
32.498    2.0       
32.844    3.0       
33.191    4.0       
33.522    1.0       
33.861    2.0       
34.184    3.0       
34.522    4.0       
34.855    1.0       
35.197    2.0       
35.527    3.0       
35.857    4.0       
36.199    1.0       
36.531    2.0       
36.859    3.0       
37.176    4.0       
37.501    1.0       
37.829    2.0       
38.15     3.0       
38.474    4.0       
38.807    5.0       
39.131    1.0       
39.451    2.0       
39.798    3.0       
40.121    4.0       
40.456    5.0       
40.781    1.0       
41.117    2.0       
41.438    3.0       
41.771    4.0       
42.111    5.0       
42.436    1.0       
42.767    2.0       
43.11     3.0       
43.448    4.0       
43.795    5.0       
44.138    1.0       
44.456    2.0       
44.8      3.0       
45.13     4.0       
45.451    5.0       
45.786    1.0       
46.13     2.0       
46.472    3.0       
46.795    4.0       
47.115    5.0       
47.463    1.0       
47.79     2.0       
48.122    3.0       
48.467    4.0       
48.81     5.0       
49.136    1.0       
49.484    2.0       
49.831    3.0       
50.166    4.0       
50.491    5.0       
50.833    1.0       
51.159    2.0       
51.503    3.0       
51.819    4.0       
52.158    5.0       
52.493    1.0       
52.839    2.0       
53.18     3.0       
53.502    4.0       
53.848    5.0       
54.18     1.0       
54.503    2.0       
54.837    3.0       
55.178    4.0       
55.522    5.0       
55.846    1.0       
56.162    2.0       
56.504    3.0       
56.852    4.0       
57.198    5.0       
57.533    1.0       
57.864    2.0       
58.18     3.0       
58.508    4.0       
58.828    5.0       
59.152    1.0       
59.475    2.0       
59.817    3.0       
60.158    4.0       
60.48     5.0       
60.797    1.0       
61.116    2.0       
61.432    3.0       
61.748    4.0       
62.08     5.0       
62.397    1.0       
62.722    2.0       
63.052    3.0       
63.38     4.0       
63.708    5.0       
64.029    1.0       
64.37     2.0       
64.703    3.0       
65.045    4.0       
65.373    5.0       
65.718    1.0       
66.048    2.0       
66.394    3.0       
66.726    4.0       
67.043    5.0       
67.371    1.0       
67.697    2.0       
68.013    3.0       
68.359    4.0       
68.675    5.0       
68.992    1.0       
69.329    2.0       
69.648    3.0       
69.986    4.0       
70.304    5.0       
70.644    1.0       
70.973    2.0       
71.308    3.0       
71.635    4.0       
71.971    5.0       
72.293    1.0       
72.628    2.0       
72.953    3.0       
73.274    4.0       
73.61     5.0       
73.951    1.0       
74.289    2.0       
74.631    3.0       
74.948    4.0       
75.29     5.0       
75.63     1.0       
75.977    2.0       
76.322    3.0       
76.659    4.0       
76.993    5.0       
77.321    1.0       
77.643    2.0       
77.959    3.0       
78.278    4.0       
78.621    5.0       
78.959    1.0       
79.281    2.0       
79.622    3.0       
79.948    4.0       
80.284    5.0       
80.602    1.0       
80.925    2.0       
81.257    3.0       
81.577    4.0       
81.909    5.0       
82.253    1.0       
82.586    2.0       
82.93     3.0       
83.249    4.0       
83.592    5.0       
83.936    1.0       
84.282    2.0       
84.622    3.0       
84.961    4.0       
85.283    5.0       
85.615    1.0       
85.956    2.0       
86.292    3.0       
86.62     4.0       
86.968    5.0       
87.298    1.0       
87.628    2.0       
87.965    3.0       
88.31     4.0       
88.647    5.0       
88.974    1.0       
89.295    2.0       
89.62     3.0       
89.951    4.0       
90.284    5.0       
