0.127     1.0       
0.368     2.0       
0.611     3.0       
0.854     4.0       
1.094     1.0       
1.341     2.0       
1.579     3.0       
1.841     4.0       
2.097     1.0       
2.328     2.0       
2.587     3.0       
2.819     4.0       
3.059     1.0       
3.306     2.0       
3.548     3.0       
3.803     4.0       
4.059     1.0       
4.319     2.0       
4.555     3.0       
4.801     4.0       
5.036     1.0       
5.274     2.0       
5.513     3.0       
5.77      4.0       
6.024     1.0       
6.258     2.0       
6.512     3.0       
6.774     4.0       
7.026     1.0       
7.272     2.0       
7.513     3.0       
7.772     4.0       
8.023     1.0       
8.265     2.0       
8.502     3.0       
8.74      4.0       
9.001     1.0       
9.246     2.0       
9.478     3.0       
9.71      4.0       
9.951     1.0       
10.184    2.0       
10.438    3.0       
10.678    4.0       
10.932    1.0       
11.193    2.0       
11.453    3.0       
11.712    4.0       
11.97     1.0       
12.23     2.0       
12.469    3.0       
12.702    4.0       
12.964    5.0       
13.214    1.0       
13.474    2.0       
13.725    3.0       
13.97     4.0       
14.213    5.0       
14.445    1.0       
14.703    2.0       
14.936    3.0       
15.179    4.0       
15.416    5.0       
15.648    1.0       
15.903    2.0       
16.144    3.0       
16.392    4.0       
16.644    5.0       
16.881    1.0       
17.125    2.0       
17.373    3.0       
17.62     4.0       
17.868    5.0       
18.109    1.0       
18.347    2.0       
18.596    3.0       
18.85     4.0       
19.098    5.0       
19.354    1.0       
19.59     2.0       
19.823    3.0       
20.065    4.0       
20.309    5.0       
20.542    1.0       
20.8      2.0       
21.051    3.0       
21.308    4.0       
21.561    5.0       
