0.235     1.0       
0.578     2.0       
0.924     3.0       
1.247     4.0       
1.577     1.0       
1.918     2.0       
2.242     3.0       
2.564     4.0       
2.881     1.0       
3.202     2.0       
3.52      3.0       
3.849     4.0       
4.165     1.0       
4.51      2.0       
4.851     3.0       
5.179     4.0       
5.503     1.0       
5.847     2.0       
6.169     3.0       
6.509     4.0       
6.828     1.0       
7.164     2.0       
7.504     3.0       
7.829     4.0       
8.159     1.0       
8.506     2.0       
8.822     3.0       
9.166     4.0       
9.483     1.0       
9.816     2.0       
10.157    3.0       
10.473    4.0       
10.792    1.0       
11.13     2.0       
11.474    3.0       
11.795    4.0       
12.111    1.0       
12.454    2.0       
12.795    3.0       
13.137    4.0       
13.471    1.0       
13.805    2.0       
14.138    3.0       
14.484    4.0       
14.817    1.0       
15.158    2.0       
15.49     3.0       
15.826    4.0       
16.149    1.0       
16.473    2.0       
16.812    3.0       
17.155    4.0       
17.487    1.0       
17.835    2.0       
18.158    3.0       
18.5      4.0       
18.844    1.0       
19.182    2.0       
19.517    3.0       
19.853    4.0       
20.169    1.0       
20.493    2.0       
20.839    3.0       
21.186    4.0       
21.517    1.0       
21.855    2.0       
22.195    3.0       
22.542    4.0       
22.882    1.0       
23.227    2.0       
23.544    3.0       
23.869    4.0       
24.188    1.0       
24.519    2.0       
24.848    3.0       
25.194    4.0       
25.526    1.0       
25.847    2.0       
26.168    3.0       
26.487    4.0       
26.81     1.0       
27.157    2.0       
27.473    3.0       
27.79     4.0       
28.112    1.0       
28.431    2.0       
28.768    3.0       
29.099    4.0       
29.418    1.0       
29.741    2.0       
30.079    3.0       
30.422    4.0       
30.762    1.0       
31.099    2.0       
31.447    3.0       
31.767    4.0       
32.115    1.0       
32.451    2.0       
32.779    3.0       
33.097    4.0       
33.416    1.0       
33.75     2.0       
34.097    3.0       
34.421    4.0       
34.756    1.0       
35.077    2.0       
35.416    3.0       
35.742    4.0       
36.08     1.0       
36.407    2.0       
36.748    3.0       
37.085    4.0       
37.416    1.0       
37.753    2.0       
38.083    3.0       
38.4      4.0       
38.743    5.0       
39.078    1.0       
39.407    2.0       
39.755    3.0       
40.094    4.0       
40.433    5.0       
40.75     1.0       
41.087    2.0       
41.42     3.0       
41.765    4.0       
42.095    5.0       
42.412    1.0       
42.737    2.0       
43.073    3.0       
43.419    4.0       
43.748    5.0       
44.079    1.0       
44.401    2.0       
44.743    3.0       
45.088    4.0       
45.405    5.0       
45.746    1.0       
46.091    2.0       
46.425    3.0       
46.771    4.0       
47.115    5.0       
47.454    1.0       
47.798    2.0       
48.127    3.0       
48.462    4.0       
48.803    5.0       
49.122    1.0       
49.449    2.0       
49.789    3.0       
50.109    4.0       
50.447    5.0       
50.784    1.0       
51.116    2.0       
51.436    3.0       
51.772    4.0       
52.115    5.0       
52.442    1.0       
52.775    2.0       
53.098    3.0       
53.42     4.0       
53.742    5.0       
54.079    1.0       
54.395    2.0       
54.727    3.0       
55.052    4.0       
55.384    5.0       
55.728    1.0       
56.071    2.0       
56.392    3.0       
56.719    4.0       
57.067    5.0       
57.386    1.0       
57.704    2.0       
58.049    3.0       
58.39     4.0       
58.734    5.0       
59.08     1.0       
59.413    2.0       
59.729    3.0       
60.077    4.0       
60.406    5.0       
60.725    1.0       
61.055    2.0       
61.389    3.0       
61.718    4.0       
62.054    5.0       
62.389    1.0       
62.723    2.0       
63.068    3.0       
63.408    4.0       
63.73     5.0       
64.067    1.0       
64.396    2.0       
64.719    3.0       
65.055    4.0       
65.403    5.0       
65.73     1.0       
66.062    2.0       
66.399    3.0       
66.717    4.0       
67.044    5.0       
67.386    1.0       
67.726    2.0       
68.069    3.0       
68.403    4.0       
68.732    5.0       
69.049    1.0       
69.388    2.0       
69.719    3.0       
70.039    4.0       
70.368    5.0       
