0.242     1.0       
0.48      2.0       
0.722     3.0       
0.97      4.0       
1.209     1.0       
1.443     2.0       
1.695     3.0       
1.93      4.0       
2.175     1.0       
2.435     2.0       
2.694     3.0       
2.932     4.0       
3.177     1.0       
3.431     2.0       
3.67      3.0       
3.915     4.0       
4.16      1.0       
4.399     2.0       
4.642     3.0       
4.887     4.0       
5.116     1.0       
5.347     2.0       
5.59      3.0       
5.843     4.0       
6.073     1.0       
6.314     2.0       
6.546     3.0       
6.8       4.0       
7.049     1.0       
7.309     2.0       
7.557     3.0       
7.805     4.0       
8.063     1.0       
8.295     2.0       
8.533     3.0       
8.781     4.0       
9.031     1.0       
9.284     2.0       
9.523     3.0       
9.768     4.0       
10.027    1.0       
10.272    2.0       
10.513    3.0       
10.76     4.0       
11.02     1.0       
11.268    2.0       
11.524    3.0       
11.782    4.0       
12.026    1.0       
12.271    2.0       
12.514    3.0       
12.759    4.0       
13.006    5.0       
13.254    1.0       
13.504    2.0       
13.757    3.0       
14.016    4.0       
14.248    5.0       
14.482    1.0       
14.739    2.0       
14.969    3.0       
15.224    4.0       
15.478    5.0       
15.73     1.0       
15.979    2.0       
16.219    3.0       
16.478    4.0       
16.719    5.0       
16.947    1.0       
17.197    2.0       
17.446    3.0       
17.702    4.0       
17.959    5.0       
18.211    1.0       
18.439    2.0       
18.694    3.0       
18.941    4.0       
19.199    5.0       
19.449    1.0       
19.703    2.0       
19.962    3.0       
20.196    4.0       
20.448    5.0       
20.699    1.0       
20.932    2.0       
21.177    3.0       
21.431    4.0       
21.671    5.0       
21.901    1.0       
22.13     2.0       
22.376    3.0       
22.617    4.0       
22.871    5.0       
23.119    1.0       
23.369    2.0       
23.602    3.0       
23.846    4.0       
24.085    5.0       
24.321    1.0       
24.576    2.0       
24.83     3.0       
25.077    4.0       
25.317    5.0       
25.572    1.0       
25.815    2.0       
26.051    3.0       
26.304    4.0       
26.558    5.0       
26.8      1.0       
27.051    2.0       
27.304    3.0       
27.539    4.0       
27.786    5.0       
28.03     1.0       
28.272    2.0       
28.501    3.0       
28.756    4.0       
29.007    5.0       
29.237    1.0       
29.485    2.0       
29.744    3.0       
30.0      4.0       
30.246    5.0       
30.501    1.0       
30.741    2.0       
30.978    3.0       
31.236    4.0       
31.494    5.0       
31.723    1.0       
31.952    2.0       
32.201    3.0       
32.437    4.0       
32.694    5.0       
32.941    1.0       
33.18     2.0       
33.434    3.0       
33.693    4.0       
33.941    5.0       
34.177    1.0       
34.409    2.0       
34.664    3.0       
34.911    4.0       
35.165    5.0       
35.409    1.0       
35.655    2.0       
35.884    3.0       
36.128    4.0       
36.387    5.0       
36.632    1.0       
36.883    2.0       
37.118    3.0       
37.374    4.0       
37.602    5.0       
37.833    1.0       
38.089    2.0       
38.317    3.0       
38.568    4.0       
38.826    5.0       
39.075    1.0       
39.324    2.0       
39.58     3.0       
39.815    4.0       
40.07     5.0       
40.304    1.0       
40.552    2.0       
40.807    3.0       
41.058    4.0       
41.317    5.0       
41.545    1.0       
41.784    2.0       
42.033    3.0       
42.265    4.0       
42.516    5.0       
42.755    1.0       
42.988    2.0       
43.218    3.0       
43.46     4.0       
43.704    5.0       
43.937    1.0       
44.189    2.0       
44.423    3.0       
44.683    4.0       
44.916    5.0       
45.162    1.0       
45.412    2.0       
45.643    3.0       
45.878    4.0       
46.134    5.0       
