0.223     1.0       
0.519     2.0       
0.806     3.0       
1.096     4.0       
1.388     1.0       
1.669     2.0       
1.961     3.0       
2.242     4.0       
2.548     1.0       
2.853     2.0       
3.149     3.0       
3.426     4.0       
3.732     1.0       
4.04      2.0       
4.324     3.0       
4.607     4.0       
4.887     1.0       
5.164     2.0       
5.455     3.0       
5.741     4.0       
6.045     1.0       
6.326     2.0       
6.623     3.0       
6.913     4.0       
7.202     1.0       
7.486     2.0       
7.775     3.0       
8.083     4.0       
8.371     1.0       
8.654     2.0       
8.932     3.0       
9.239     4.0       
9.531     1.0       
9.814     2.0       
10.119    3.0       
10.421    4.0       
10.723    1.0       
11.018    2.0       
11.314    3.0       
11.616    4.0       
11.908    1.0       
12.188    2.0       
12.478    3.0       
12.786    4.0       
13.088    1.0       
13.392    2.0       
13.696    3.0       
13.987    4.0       
14.276    1.0       
14.582    2.0       
14.875    3.0       
15.177    4.0       
15.478    5.0       
15.773    1.0       
16.07     2.0       
16.354    3.0       
16.634    4.0       
16.942    5.0       
17.223    1.0       
17.52     2.0       
17.798    3.0       
18.095    4.0       
18.379    5.0       
18.673    1.0       
18.976    2.0       
19.252    3.0       
19.528    4.0       
19.822    5.0       
20.116    1.0       
20.4      2.0       
20.7      3.0       
20.976    4.0       
21.282    5.0       
21.568    1.0       
21.86     2.0       
22.149    3.0       
22.433    4.0       
22.74     5.0       
23.036    1.0       
23.324    2.0       
23.631    3.0       
23.926    4.0       
24.214    5.0       
24.511    1.0       
24.799    2.0       
25.09     3.0       
25.377    4.0       
25.659    5.0       
