0.165     1.0       
0.392     2.0       
0.606     3.0       
0.84      4.0       
1.057     1.0       
1.282     2.0       
1.52      3.0       
1.755     4.0       
1.967     1.0       
2.179     2.0       
2.41      3.0       
2.631     4.0       
2.86      1.0       
3.102     2.0       
3.325     3.0       
3.558     4.0       
3.791     1.0       
4.03      2.0       
4.26      3.0       
4.482     4.0       
4.72      1.0       
4.952     2.0       
5.183     3.0       
5.418     4.0       
5.662     1.0       
5.891     2.0       
6.106     3.0       
6.326     4.0       
6.554     1.0       
6.776     2.0       
6.999     3.0       
7.243     4.0       
7.482     1.0       
7.703     2.0       
7.937     3.0       
8.181     4.0       
8.393     1.0       
8.62      2.0       
8.844     3.0       
9.083     4.0       
9.324     1.0       
9.542     2.0       
9.754     3.0       
9.991     4.0       
10.216    1.0       
10.442    2.0       
10.663    3.0       
10.904    4.0       
11.122    1.0       
11.349    2.0       
11.565    3.0       
11.786    4.0       
12.01     1.0       
12.234    2.0       
12.459    3.0       
12.695    4.0       
12.938    1.0       
13.172    2.0       
13.416    3.0       
13.628    4.0       
13.841    1.0       
14.077    2.0       
14.298    3.0       
14.53     4.0       
14.745    1.0       
14.96     2.0       
15.189    3.0       
15.411    4.0       
15.649    1.0       
15.868    2.0       
16.086    3.0       
16.321    4.0       
16.543    1.0       
16.764    2.0       
17.0      3.0       
17.22     4.0       
17.445    1.0       
17.678    2.0       
17.898    3.0       
18.142    4.0       
18.386    1.0       
18.598    2.0       
18.81     3.0       
19.028    4.0       
19.245    1.0       
19.485    2.0       
19.725    3.0       
19.941    4.0       
20.168    1.0       
20.412    2.0       
20.65     3.0       
20.879    4.0       
21.119    1.0       
21.36     2.0       
21.578    3.0       
21.804    4.0       
22.024    1.0       
22.261    2.0       
22.476    3.0       
22.694    4.0       
22.912    5.0       
23.139    1.0       
23.351    2.0       
23.563    3.0       
23.803    4.0       
24.033    5.0       
24.261    1.0       
24.49     2.0       
24.718    3.0       
24.955    4.0       
25.186    5.0       
25.417    1.0       
25.656    2.0       
25.897    3.0       
26.139    4.0       
26.351    5.0       
26.581    1.0       
26.804    2.0       
27.048    3.0       
27.261    4.0       
27.484    5.0       
27.716    1.0       
27.94     2.0       
28.163    3.0       
28.378    4.0       
28.614    5.0       
28.846    1.0       
29.078    2.0       
29.322    3.0       
29.539    4.0       
29.783    5.0       
29.999    1.0       
30.221    2.0       
30.461    3.0       
30.693    4.0       
30.919    5.0       
31.146    1.0       
31.371    2.0       
31.595    3.0       
31.829    4.0       
32.044    5.0       
32.273    1.0       
32.508    2.0       
32.724    3.0       
32.938    4.0       
33.171    5.0       
33.385    1.0       
33.608    2.0       
33.85     3.0       
34.072    4.0       
34.305    5.0       
34.52     1.0       
34.763    2.0       
34.996    3.0       
35.229    4.0       
35.453    5.0       
35.697    1.0       
35.936    2.0       
36.167    3.0       
36.393    4.0       
36.628    5.0       
36.84     1.0       
37.062    2.0       
37.279    3.0       
37.51     4.0       
37.745    5.0       
37.957    1.0       
38.178    2.0       
38.397    3.0       
38.63     4.0       
38.844    5.0       
39.067    1.0       
39.287    2.0       
39.514    3.0       
39.755    4.0       
39.997    5.0       
40.214    1.0       
40.427    2.0       
40.66     3.0       
40.897    4.0       
41.11     5.0       
41.353    1.0       
41.566    2.0       
41.799    3.0       
42.017    4.0       
42.251    5.0       
42.486    1.0       
42.712    2.0       
42.925    3.0       
43.155    4.0       
43.388    5.0       
43.629    1.0       
43.848    2.0       
44.061    3.0       
44.276    4.0       
44.501    5.0       
44.733    1.0       
44.968    2.0       
45.183    3.0       
45.427    4.0       
45.649    5.0       
45.889    1.0       
46.119    2.0       
46.356    3.0       
46.59     4.0       
46.811    5.0       
47.03     1.0       
47.245    2.0       
47.474    3.0       
47.717    4.0       
47.943    5.0       
48.167    1.0       
48.405    2.0       
48.643    3.0       
48.883    4.0       
49.114    5.0       
49.332    1.0       
49.548    2.0       
49.763    3.0       
49.983    4.0       
50.212    5.0       
50.426    1.0       
50.661    2.0       
50.898    3.0       
51.118    4.0       
51.342    5.0       
51.583    1.0       
51.826    2.0       
52.068    3.0       
52.287    4.0       
52.525    5.0       
52.769    1.0       
52.989    2.0       
53.216    3.0       
53.43     4.0       
53.669    5.0       
53.896    1.0       
54.125    2.0       
54.343    3.0       
54.587    4.0       
54.825    5.0       
55.042    1.0       
55.271    2.0       
55.497    3.0       
55.724    4.0       
55.961    5.0       
56.186    1.0       
56.414    2.0       
56.652    3.0       
56.877    4.0       
57.096    5.0       
57.318    1.0       
57.559    2.0       
57.78     3.0       
58.023    4.0       
58.251    5.0       
