0.293     1.0       
0.491     2.0       
0.705     3.0       
0.934     4.0       
1.144     1.0       
1.341     2.0       
1.547     3.0       
1.756     4.0       
1.957     1.0       
2.164     2.0       
2.384     3.0       
2.585     4.0       
2.792     1.0       
3.018     2.0       
3.24      3.0       
3.456     4.0       
3.672     1.0       
3.874     2.0       
4.096     3.0       
4.296     4.0       
4.499     1.0       
4.708     2.0       
4.933     3.0       
5.154     4.0       
5.351     1.0       
5.57      2.0       
5.768     3.0       
5.986     4.0       
6.203     1.0       
6.423     2.0       
6.636     3.0       
6.833     4.0       
7.042     1.0       
7.251     2.0       
7.474     3.0       
7.679     4.0       
7.9       1.0       
8.107     2.0       
8.328     3.0       
8.541     4.0       
8.74      1.0       
8.958     2.0       
9.174     3.0       
9.391     4.0       
9.617     1.0       
9.835     2.0       
10.032    3.0       
10.256    4.0       
10.479    1.0       
10.708    2.0       
10.931    3.0       
11.138    4.0       
11.357    1.0       
11.555    2.0       
11.779    3.0       
11.989    4.0       
12.214    1.0       
12.425    2.0       
12.627    3.0       
12.846    4.0       
13.075    1.0       
13.298    2.0       
13.526    3.0       
13.738    4.0       
13.961    1.0       
14.176    2.0       
14.393    3.0       
14.597    4.0       
14.817    5.0       
15.017    1.0       
15.217    2.0       
15.43     3.0       
15.65     4.0       
15.868    5.0       
16.068    1.0       
16.283    2.0       
16.485    3.0       
16.711    4.0       
16.916    5.0       
17.121    1.0       
17.319    2.0       
17.519    3.0       
17.728    4.0       
17.948    5.0       
18.177    1.0       
18.404    2.0       
18.614    3.0       
18.811    4.0       
19.034    5.0       
19.24     1.0       
19.466    2.0       
19.694    3.0       
19.909    4.0       
20.119    5.0       
20.331    1.0       
20.55     2.0       
20.763    3.0       
20.961    4.0       
21.174    5.0       
21.396    1.0       
21.609    2.0       
21.83     3.0       
22.037    4.0       
22.265    5.0       
22.491    1.0       
22.705    2.0       
22.904    3.0       
23.11     4.0       
23.328    5.0       
23.531    1.0       
23.756    2.0       
23.977    3.0       
24.175    4.0       
24.384    5.0       
24.606    1.0       
24.822    2.0       
25.026    3.0       
25.229    4.0       
25.446    5.0       
25.657    1.0       
25.873    2.0       
26.094    3.0       
26.313    4.0       
26.529    5.0       
