0.222     1.0       
0.571     2.0       
0.917     3.0       
1.247     4.0       
1.597     1.0       
1.936     2.0       
2.289     3.0       
2.626     4.0       
2.968     1.0       
3.308     2.0       
3.636     3.0       
3.964     4.0       
4.294     1.0       
4.639     2.0       
4.989     3.0       
5.333     4.0       
5.677     1.0       
6.028     2.0       
6.352     3.0       
6.682     4.0       
7.017     1.0       
7.363     2.0       
7.687     3.0       
8.017     4.0       
8.371     1.0       
8.727     2.0       
9.055     3.0       
9.395     4.0       
9.743     1.0       
10.092    2.0       
10.42     3.0       
10.767    4.0       
11.092    1.0       
11.445    2.0       
11.789    3.0       
12.126    4.0       
12.451    1.0       
12.804    2.0       
13.136    3.0       
13.466    4.0       
13.808    1.0       
14.15     2.0       
14.503    3.0       
14.833    4.0       
15.18     1.0       
15.528    2.0       
15.854    3.0       
16.187    4.0       
16.541    1.0       
16.88     2.0       
17.209    3.0       
17.533    4.0       
17.873    1.0       
18.207    2.0       
18.541    3.0       
18.89     4.0       
19.219    1.0       
19.566    2.0       
19.902    3.0       
20.24     4.0       
20.58     1.0       
20.905    2.0       
21.235    3.0       
21.559    4.0       
21.89     1.0       
22.234    2.0       
22.584    3.0       
22.909    4.0       
23.243    1.0       
23.584    2.0       
23.919    3.0       
24.25     4.0       
24.598    1.0       
24.954    2.0       
25.31     3.0       
25.641    4.0       
25.985    1.0       
26.319    2.0       
26.671    3.0       
27.008    4.0       
27.347    1.0       
27.686    2.0       
28.02     3.0       
28.345    4.0       
28.696    1.0       
29.051    2.0       
29.399    3.0       
29.755    4.0       
30.081    1.0       
30.418    2.0       
30.75     3.0       
31.09     4.0       
31.442    1.0       
31.787    2.0       
32.12     3.0       
32.467    4.0       
32.806    1.0       
33.133    2.0       
33.467    3.0       
33.795    4.0       
34.144    1.0       
34.472    2.0       
34.823    3.0       
35.156    4.0       
35.484    1.0       
35.838    2.0       
36.172    3.0       
36.51     4.0       
36.851    1.0       
37.177    2.0       
37.502    3.0       
37.832    4.0       
38.162    1.0       
38.5      2.0       
38.836    3.0       
39.16     4.0       
39.504    5.0       
39.844    1.0       
40.171    2.0       
40.505    3.0       
40.843    4.0       
41.194    5.0       
41.543    1.0       
41.87     2.0       
42.203    3.0       
42.531    4.0       
42.884    5.0       
43.232    1.0       
43.581    2.0       
43.913    3.0       
44.258    4.0       
44.607    5.0       
44.954    1.0       
45.28     2.0       
45.634    3.0       
45.973    4.0       
46.318    5.0       
46.665    1.0       
47.003    2.0       
47.333    3.0       
47.678    4.0       
48.012    5.0       
48.366    1.0       
48.695    2.0       
49.03     3.0       
49.374    4.0       
49.711    5.0       
50.057    1.0       
50.397    2.0       
50.745    3.0       
51.097    4.0       
51.428    5.0       
51.768    1.0       
52.105    2.0       
52.433    3.0       
52.781    4.0       
53.124    5.0       
53.455    1.0       
53.78     2.0       
54.124    3.0       
54.466    4.0       
54.8      5.0       
55.13     1.0       
55.479    2.0       
55.817    3.0       
56.16     4.0       
56.503    5.0       
56.838    1.0       
57.162    2.0       
57.505    3.0       
57.841    4.0       
58.172    5.0       
58.511    1.0       
58.858    2.0       
59.211    3.0       
59.539    4.0       
59.877    5.0       
60.206    1.0       
60.54     2.0       
60.876    3.0       
61.229    4.0       
61.584    5.0       
61.936    1.0       
62.284    2.0       
62.625    3.0       
62.967    4.0       
63.303    5.0       
63.637    1.0       
63.981    2.0       
64.332    3.0       
64.68     4.0       
65.012    5.0       
65.343    1.0       
65.699    2.0       
66.04     3.0       
66.396    4.0       
66.741    5.0       
67.091    1.0       
67.437    2.0       
67.782    3.0       
68.12     4.0       
68.475    5.0       
68.827    1.0       
69.171    2.0       
69.521    3.0       
69.865    4.0       
70.205    5.0       
70.538    1.0       
70.884    2.0       
71.211    3.0       
71.546    4.0       
71.874    5.0       
72.226    1.0       
72.553    2.0       
72.883    3.0       
73.224    4.0       
73.568    5.0       
73.92     1.0       
74.244    2.0       
74.582    3.0       
74.928    4.0       
75.275    5.0       
75.62     1.0       
75.972    2.0       
76.304    3.0       
76.633    4.0       
76.984    5.0       
77.335    1.0       
77.674    2.0       
78.008    3.0       
78.362    4.0       
78.707    5.0       
79.041    1.0       
79.367    2.0       
79.72     3.0       
80.067    4.0       
80.391    5.0       
80.722    1.0       
81.057    2.0       
81.394    3.0       
81.727    4.0       
82.076    5.0       
82.416    1.0       
82.77     2.0       
83.109    3.0       
83.45     4.0       
83.797    5.0       
84.129    1.0       
84.474    2.0       
84.802    3.0       
85.157    4.0       
85.485    5.0       
85.826    1.0       
86.178    2.0       
86.51     3.0       
86.861    4.0       
87.206    5.0       
87.536    1.0       
87.867    2.0       
88.21     3.0       
88.539    4.0       
88.869    5.0       
89.193    1.0       
89.538    2.0       
89.863    3.0       
90.218    4.0       
90.551    5.0       
90.877    1.0       
91.211    2.0       
91.547    3.0       
91.896    4.0       
92.228    5.0       
