0.209     1.0       
0.402     2.0       
0.605     3.0       
0.811     4.0       
1.03      1.0       
1.227     2.0       
1.452     3.0       
1.666     4.0       
1.875     1.0       
2.075     2.0       
2.294     3.0       
2.487     4.0       
2.701     1.0       
2.903     2.0       
3.109     3.0       
3.304     4.0       
3.526     1.0       
3.739     2.0       
3.946     3.0       
4.143     4.0       
4.365     1.0       
4.571     2.0       
4.795     3.0       
5.005     4.0       
5.202     1.0       
5.419     2.0       
5.619     3.0       
5.841     4.0       
6.066     1.0       
6.288     2.0       
6.498     3.0       
6.707     4.0       
6.922     1.0       
7.146     2.0       
7.368     3.0       
7.585     4.0       
7.804     1.0       
8.019     2.0       
8.215     3.0       
8.423     4.0       
8.644     1.0       
8.841     2.0       
9.042     3.0       
9.248     4.0       
9.445     1.0       
9.644     2.0       
9.855     3.0       
10.07     4.0       
10.27     1.0       
10.491    2.0       
10.711    3.0       
10.905    4.0       
11.101    1.0       
11.322    2.0       
11.532    3.0       
11.733    4.0       
11.947    1.0       
12.161    2.0       
12.377    3.0       
12.573    4.0       
12.768    1.0       
12.976    2.0       
13.182    3.0       
13.403    4.0       
13.612    1.0       
13.818    2.0       
14.021    3.0       
14.246    4.0       
14.443    5.0       
14.664    1.0       
14.882    2.0       
15.106    3.0       
15.321    4.0       
15.539    5.0       
15.742    1.0       
15.949    2.0       
16.168    3.0       
16.381    4.0       
16.576    5.0       
16.794    1.0       
16.995    2.0       
17.196    3.0       
17.408    4.0       
17.606    5.0       
17.827    1.0       
18.05     2.0       
18.252    3.0       
18.467    4.0       
18.688    5.0       
18.911    1.0       
19.125    2.0       
19.321    3.0       
19.523    4.0       
19.728    5.0       
19.939    1.0       
20.15     2.0       
20.359    3.0       
20.572    4.0       
20.787    5.0       
21.002    1.0       
21.221    2.0       
21.426    3.0       
21.631    4.0       
21.834    5.0       
22.044    1.0       
22.245    2.0       
22.453    3.0       
22.646    4.0       
22.869    5.0       
23.094    1.0       
23.291    2.0       
23.49     3.0       
23.7      4.0       
23.906    5.0       
24.123    1.0       
24.328    2.0       
24.535    3.0       
24.743    4.0       
24.958    5.0       
25.175    1.0       
25.386    2.0       
25.584    3.0       
25.807    4.0       
26.005    5.0       
26.215    1.0       
26.418    2.0       
26.611    3.0       
26.822    4.0       
27.021    5.0       
27.244    1.0       
27.443    2.0       
27.65     3.0       
27.862    4.0       
28.064    5.0       
28.275    1.0       
28.486    2.0       
28.698    3.0       
28.923    4.0       
29.128    5.0       
29.33     1.0       
29.547    2.0       
29.741    3.0       
29.934    4.0       
30.137    5.0       
30.359    1.0       
30.583    2.0       
30.79     3.0       
30.986    4.0       
31.194    5.0       
31.412    1.0       
31.637    2.0       
31.847    3.0       
32.043    4.0       
32.246    5.0       
32.469    1.0       
32.674    2.0       
32.881    3.0       
33.091    4.0       
33.286    5.0       
33.489    1.0       
33.706    2.0       
33.899    3.0       
34.11     4.0       
34.315    5.0       
