0.278     1.0       
0.482     2.0       
0.69      3.0       
0.891     4.0       
1.115     1.0       
1.344     2.0       
1.57      3.0       
1.799     4.0       
2.009     1.0       
2.237     2.0       
2.467     3.0       
2.685     4.0       
2.909     1.0       
3.129     2.0       
3.329     3.0       
3.533     4.0       
3.757     1.0       
3.958     2.0       
4.179     3.0       
4.393     4.0       
4.603     1.0       
4.818     2.0       
5.045     3.0       
5.264     4.0       
5.466     1.0       
5.672     2.0       
5.886     3.0       
6.093     4.0       
6.311     1.0       
6.529     2.0       
6.758     3.0       
6.959     4.0       
7.177     1.0       
7.384     2.0       
7.593     3.0       
7.812     4.0       
8.042     1.0       
8.25      2.0       
8.467     3.0       
8.679     4.0       
8.878     1.0       
9.096     2.0       
9.324     3.0       
9.534     4.0       
9.743     1.0       
9.945     2.0       
10.152    3.0       
10.373    4.0       
10.571    1.0       
10.781    2.0       
11.005    3.0       
11.233    4.0       
11.453    1.0       
11.674    2.0       
11.903    3.0       
12.13     4.0       
12.35     1.0       
12.563    2.0       
12.789    3.0       
12.995    4.0       
13.219    1.0       
13.445    2.0       
13.662    3.0       
13.888    4.0       
14.108    1.0       
14.323    2.0       
14.545    3.0       
14.767    4.0       
14.992    1.0       
15.206    2.0       
15.419    3.0       
15.62     4.0       
15.83     1.0       
16.033    2.0       
16.238    3.0       
16.436    4.0       
16.641    1.0       
16.842    2.0       
17.049    3.0       
17.264    4.0       
17.49     1.0       
17.688    2.0       
17.9      3.0       
18.129    4.0       
18.329    1.0       
18.549    2.0       
18.76     3.0       
18.965    4.0       
19.188    1.0       
19.392    2.0       
19.606    3.0       
19.817    4.0       
20.044    1.0       
20.267    2.0       
20.469    3.0       
20.678    4.0       
20.883    1.0       
21.082    2.0       
21.307    3.0       
21.508    4.0       
21.718    1.0       
21.945    2.0       
22.167    3.0       
22.374    4.0       
22.575    1.0       
22.783    2.0       
23.01     3.0       
23.217    4.0       
23.415    1.0       
23.616    2.0       
23.815    3.0       
24.045    4.0       
24.264    1.0       
24.471    2.0       
24.673    3.0       
24.886    4.0       
25.1      5.0       
25.299    1.0       
25.511    2.0       
25.71     3.0       
25.931    4.0       
26.143    5.0       
26.356    1.0       
26.569    2.0       
26.785    3.0       
26.988    4.0       
27.215    5.0       
27.443    1.0       
27.641    2.0       
27.862    3.0       
28.068    4.0       
28.272    5.0       
28.5      1.0       
28.724    2.0       
28.926    3.0       
29.142    4.0       
29.347    5.0       
29.557    1.0       
29.783    2.0       
29.988    3.0       
30.217    4.0       
30.445    5.0       
30.643    1.0       
30.859    2.0       
31.087    3.0       
31.311    4.0       
31.512    5.0       
31.733    1.0       
31.936    2.0       
32.147    3.0       
32.353    4.0       
32.562    5.0       
32.773    1.0       
32.975    2.0       
33.182    3.0       
33.383    4.0       
33.602    5.0       
33.831    1.0       
34.049    2.0       
34.25     3.0       
34.451    4.0       
34.676    5.0       
34.883    1.0       
35.087    2.0       
35.295    3.0       
35.505    4.0       
35.718    5.0       
35.939    1.0       
36.156    2.0       
36.361    3.0       
36.564    4.0       
36.785    5.0       
36.997    1.0       
37.227    2.0       
37.451    3.0       
37.657    4.0       
37.883    5.0       
38.083    1.0       
38.303    2.0       
38.532    3.0       
38.731    4.0       
38.96     5.0       
39.189    1.0       
39.415    2.0       
39.644    3.0       
39.874    4.0       
40.081    5.0       
40.287    1.0       
40.494    2.0       
40.716    3.0       
40.931    4.0       
41.148    5.0       
41.365    1.0       
41.585    2.0       
41.803    3.0       
42.017    4.0       
42.236    5.0       
42.466    1.0       
42.684    2.0       
42.891    3.0       
43.11     4.0       
43.33     5.0       
43.548    1.0       
43.761    2.0       
43.968    3.0       
44.168    4.0       
44.367    5.0       
44.568    1.0       
44.785    2.0       
45.005    3.0       
45.21     4.0       
45.411    5.0       
45.618    1.0       
45.828    2.0       
46.045    3.0       
46.247    4.0       
46.477    5.0       
46.677    1.0       
46.891    2.0       
47.103    3.0       
47.307    4.0       
47.532    5.0       
47.751    1.0       
47.962    2.0       
48.18     3.0       
48.378    4.0       
48.58     5.0       
48.778    1.0       
48.997    2.0       
49.225    3.0       
49.453    4.0       
49.681    5.0       
49.881    1.0       
50.103    2.0       
50.317    3.0       
50.533    4.0       
50.747    5.0       
50.946    1.0       
51.166    2.0       
51.395    3.0       
51.597    4.0       
51.812    5.0       
52.034    1.0       
52.252    2.0       
52.457    3.0       
52.668    4.0       
52.878    5.0       
53.095    1.0       
53.293    2.0       
53.518    3.0       
53.744    4.0       
53.943    5.0       
54.17     1.0       
54.384    2.0       
54.596    3.0       
54.808    4.0       
55.033    5.0       
55.235    1.0       
55.463    2.0       
55.683    3.0       
55.904    4.0       
56.108    5.0       
56.32     1.0       
56.538    2.0       
56.766    3.0       
56.971    4.0       
57.191    5.0       
57.392    1.0       
57.62     2.0       
57.847    3.0       
58.064    4.0       
58.265    5.0       
