0.152     1.0       
0.421     2.0       
0.715     3.0       
0.987     4.0       
1.278     1.0       
1.555     2.0       
1.834     3.0       
2.115     4.0       
2.384     1.0       
2.66      2.0       
2.939     3.0       
3.212     4.0       
3.51      1.0       
3.789     2.0       
4.06      3.0       
4.326     4.0       
4.613     1.0       
4.882     2.0       
5.174     3.0       
5.472     4.0       
5.766     1.0       
6.052     2.0       
6.319     3.0       
6.59      4.0       
6.869     1.0       
7.135     2.0       
7.431     3.0       
7.725     4.0       
8.0       1.0       
8.297     2.0       
8.575     3.0       
8.844     4.0       
9.142     1.0       
9.438     2.0       
9.709     3.0       
9.979     4.0       
10.272    1.0       
10.555    2.0       
10.845    3.0       
11.125    4.0       
11.419    1.0       
11.695    2.0       
11.966    3.0       
12.258    4.0       
12.534    1.0       
12.804    2.0       
13.086    3.0       
13.368    4.0       
13.661    1.0       
13.951    2.0       
14.222    3.0       
14.489    4.0       
14.77     1.0       
15.057    2.0       
15.338    3.0       
15.614    4.0       
15.912    1.0       
16.182    2.0       
16.48     3.0       
16.752    4.0       
17.036    1.0       
17.305    2.0       
17.6      3.0       
17.878    4.0       
18.16     1.0       
18.433    2.0       
18.721    3.0       
19.004    4.0       
19.283    5.0       
19.57     1.0       
19.859    2.0       
20.138    3.0       
20.436    4.0       
20.708    5.0       
20.992    1.0       
21.265    2.0       
21.555    3.0       
21.837    4.0       
22.123    5.0       
22.404    1.0       
22.673    2.0       
22.966    3.0       
23.243    4.0       
23.521    5.0       
23.811    1.0       
24.084    2.0       
24.375    3.0       
24.646    4.0       
24.916    5.0       
25.214    1.0       
25.511    2.0       
25.796    3.0       
26.077    4.0       
26.35     5.0       
26.647    1.0       
26.919    2.0       
27.215    3.0       
27.496    4.0       
27.777    5.0       
28.049    1.0       
28.337    2.0       
28.623    3.0       
28.92     4.0       
29.194    5.0       
29.488    1.0       
29.758    2.0       
30.03     3.0       
30.309    4.0       
30.589    5.0       
30.856    1.0       
31.129    2.0       
31.406    3.0       
31.689    4.0       
31.982    5.0       
32.269    1.0       
32.552    2.0       
32.822    3.0       
33.105    4.0       
33.382    5.0       
33.658    1.0       
33.945    2.0       
34.211    3.0       
34.483    4.0       
34.757    5.0       
35.05     1.0       
35.328    2.0       
35.619    3.0       
35.891    4.0       
36.173    5.0       
36.44     1.0       
36.735    2.0       
37.013    3.0       
37.301    4.0       
37.593    5.0       
37.883    1.0       
38.18     2.0       
38.464    3.0       
38.752    4.0       
39.036    5.0       
39.32     1.0       
39.612    2.0       
39.879    3.0       
40.162    4.0       
40.434    5.0       
40.708    1.0       
41.004    2.0       
41.286    3.0       
41.577    4.0       
41.854    5.0       
42.138    1.0       
42.425    2.0       
42.707    3.0       
42.991    4.0       
43.277    5.0       
43.572    1.0       
43.842    2.0       
44.108    3.0       
44.383    4.0       
44.666    5.0       
44.932    1.0       
45.228    2.0       
45.524    3.0       
45.808    4.0       
46.083    5.0       
46.373    1.0       
46.66     2.0       
46.954    3.0       
47.234    4.0       
47.521    5.0       
47.807    1.0       
48.077    2.0       
48.348    3.0       
48.616    4.0       
48.894    5.0       
49.169    1.0       
49.455    2.0       
49.737    3.0       
50.005    4.0       
50.295    5.0       
50.566    1.0       
50.853    2.0       
51.126    3.0       
51.4      4.0       
51.676    5.0       
51.964    1.0       
52.257    2.0       
52.539    3.0       
52.815    4.0       
53.102    5.0       
53.39     1.0       
53.672    2.0       
53.968    3.0       
54.248    4.0       
54.516    5.0       
54.79     1.0       
55.078    2.0       
55.37     3.0       
55.664    4.0       
55.933    5.0       
56.2      1.0       
56.473    2.0       
56.771    3.0       
57.06     4.0       
57.331    5.0       
