0.121     1.0       
0.382     2.0       
0.67      3.0       
0.936     4.0       
1.196     1.0       
1.483     2.0       
1.744     3.0       
2.006     4.0       
2.294     1.0       
2.584     2.0       
2.844     3.0       
3.126     4.0       
3.405     1.0       
3.675     2.0       
3.935     3.0       
4.204     4.0       
4.485     1.0       
4.77      2.0       
5.049     3.0       
5.322     4.0       
5.584     1.0       
5.848     2.0       
6.131     3.0       
6.406     4.0       
6.693     1.0       
6.962     2.0       
7.229     3.0       
7.488     4.0       
7.777     1.0       
8.042     2.0       
8.303     3.0       
8.582     4.0       
8.869     1.0       
9.148     2.0       
9.412     3.0       
9.701     4.0       
9.979     1.0       
10.264    2.0       
10.546    3.0       
10.835    4.0       
11.111    1.0       
11.37     2.0       
11.632    3.0       
11.91     4.0       
12.173    1.0       
12.454    2.0       
12.735    3.0       
13.007    4.0       
13.271    1.0       
13.555    2.0       
13.84     3.0       
14.104    4.0       
14.387    1.0       
14.66     2.0       
14.93     3.0       
15.189    4.0       
15.476    1.0       
15.759    2.0       
16.036    3.0       
16.302    4.0       
16.566    1.0       
16.854    2.0       
17.128    3.0       
17.408    4.0       
17.67     1.0       
17.948    2.0       
18.231    3.0       
18.508    4.0       
18.795    1.0       
19.084    2.0       
19.372    3.0       
19.642    4.0       
19.929    1.0       
20.203    2.0       
20.466    3.0       
20.745    4.0       
21.014    1.0       
21.275    2.0       
21.562    3.0       
21.821    4.0       
22.096    1.0       
22.384    2.0       
22.672    3.0       
22.948    4.0       
23.227    1.0       
23.492    2.0       
23.751    3.0       
24.023    4.0       
24.296    1.0       
24.575    2.0       
24.838    3.0       
25.098    4.0       
25.361    1.0       
25.626    2.0       
25.889    3.0       
26.17     4.0       
26.436    1.0       
26.708    2.0       
26.98     3.0       
27.24     4.0       
27.5      5.0       
27.782    1.0       
28.068    2.0       
28.341    3.0       
28.611    4.0       
28.878    5.0       
29.137    1.0       
29.425    2.0       
29.694    3.0       
29.97     4.0       
30.253    5.0       
30.539    1.0       
30.823    2.0       
31.081    3.0       
31.343    4.0       
31.607    5.0       
31.89     1.0       
32.176    2.0       
32.451    3.0       
32.737    4.0       
33.022    5.0       
33.296    1.0       
33.571    2.0       
33.857    3.0       
34.132    4.0       
34.402    5.0       
34.677    1.0       
34.964    2.0       
35.231    3.0       
35.506    4.0       
35.78     5.0       
36.043    1.0       
36.315    2.0       
36.574    3.0       
36.839    4.0       
37.124    5.0       
37.413    1.0       
37.677    2.0       
37.943    3.0       
38.205    4.0       
38.473    5.0       
38.758    1.0       
39.034    2.0       
39.293    3.0       
39.561    4.0       
39.838    5.0       
40.096    1.0       
40.381    2.0       
40.671    3.0       
40.947    4.0       
41.214    5.0       
41.484    1.0       
41.771    2.0       
42.043    3.0       
42.315    4.0       
42.585    5.0       
42.846    1.0       
43.135    2.0       
43.405    3.0       
43.694    4.0       
43.963    5.0       
44.223    1.0       
44.511    2.0       
44.799    3.0       
45.062    4.0       
45.351    5.0       
45.625    1.0       
45.885    2.0       
46.169    3.0       
46.443    4.0       
46.719    5.0       
46.997    1.0       
47.284    2.0       
47.56     3.0       
47.84     4.0       
48.123    5.0       
48.381    1.0       
48.663    2.0       
48.926    3.0       
49.194    4.0       
49.466    5.0       
49.743    1.0       
50.005    2.0       
50.289    3.0       
50.576    4.0       
50.852    5.0       
51.112    1.0       
51.379    2.0       
51.667    3.0       
51.933    4.0       
52.207    5.0       
52.476    1.0       
52.764    2.0       
53.032    3.0       
53.321    4.0       
53.58     5.0       
53.86     1.0       
54.142    2.0       
54.411    3.0       
54.697    4.0       
54.982    5.0       
55.257    1.0       
55.519    2.0       
55.788    3.0       
56.057    4.0       
56.331    5.0       
56.618    1.0       
56.892    2.0       
57.172    3.0       
57.449    4.0       
57.728    5.0       
58.01     1.0       
58.296    2.0       
58.56     3.0       
58.843    4.0       
59.131    5.0       
59.417    1.0       
59.675    2.0       
59.956    3.0       
60.227    4.0       
60.496    5.0       
60.775    1.0       
61.041    2.0       
61.323    3.0       
61.61     4.0       
61.884    5.0       
62.17     1.0       
62.458    2.0       
62.748    3.0       
63.035    4.0       
63.321    5.0       
63.58     1.0       
63.841    2.0       
64.129    3.0       
64.392    4.0       
64.661    5.0       
