0.168     1.0       
0.466     2.0       
0.77      3.0       
1.078     4.0       
1.379     1.0       
1.692     2.0       
2.009     3.0       
2.326     4.0       
2.65      1.0       
2.951     2.0       
3.256     3.0       
3.577     4.0       
3.895     1.0       
4.202     2.0       
4.515     3.0       
4.836     4.0       
5.144     1.0       
5.464     2.0       
5.773     3.0       
6.08      4.0       
6.384     1.0       
6.684     2.0       
6.987     3.0       
7.28      4.0       
7.579     1.0       
7.899     2.0       
8.209     3.0       
8.52      4.0       
8.84      1.0       
9.161     2.0       
9.476     3.0       
9.777     4.0       
10.078    1.0       
10.373    2.0       
10.673    3.0       
10.969    4.0       
11.27     1.0       
11.578    2.0       
11.902    3.0       
12.225    4.0       
12.545    1.0       
12.869    2.0       
13.179    3.0       
13.49     4.0       
13.798    1.0       
14.091    2.0       
14.384    3.0       
14.706    4.0       
15.027    1.0       
15.335    2.0       
15.633    3.0       
15.954    4.0       
16.25     1.0       
16.554    2.0       
16.859    3.0       
17.168    4.0       
17.485    1.0       
17.785    2.0       
18.094    3.0       
18.404    4.0       
18.711    1.0       
19.009    2.0       
19.325    3.0       
19.636    4.0       
19.947    1.0       
20.244    2.0       
20.55     3.0       
20.87     4.0       
21.165    1.0       
21.46     2.0       
21.772    3.0       
22.088    4.0       
22.399    1.0       
22.704    2.0       
23.024    3.0       
23.325    4.0       
23.627    1.0       
23.93     2.0       
24.234    3.0       
24.557    4.0       
24.854    1.0       
25.158    2.0       
25.459    3.0       
25.755    4.0       
26.052    1.0       
26.376    2.0       
26.679    3.0       
26.976    4.0       
27.272    1.0       
27.57     2.0       
27.869    3.0       
28.164    4.0       
28.484    1.0       
28.788    2.0       
29.112    3.0       
29.409    4.0       
29.717    1.0       
30.019    2.0       
30.331    3.0       
30.654    4.0       
30.947    1.0       
31.259    2.0       
31.562    3.0       
31.858    4.0       
32.177    1.0       
32.498    2.0       
32.804    3.0       
33.118    4.0       
33.432    1.0       
33.73     2.0       
34.027    3.0       
34.333    4.0       
34.653    1.0       
34.955    2.0       
35.268    3.0       
35.592    4.0       
35.895    5.0       
36.214    1.0       
36.517    2.0       
36.823    3.0       
37.128    4.0       
37.446    5.0       
37.741    1.0       
38.041    2.0       
38.343    3.0       
38.64     4.0       
38.938    5.0       
39.234    1.0       
39.55     2.0       
39.85     3.0       
40.169    4.0       
40.487    5.0       
40.78     1.0       
41.074    2.0       
41.398    3.0       
41.716    4.0       
42.023    5.0       
42.328    1.0       
42.624    2.0       
42.941    3.0       
43.262    4.0       
43.581    5.0       
43.903    1.0       
44.212    2.0       
44.534    3.0       
44.841    4.0       
45.164    5.0       
45.481    1.0       
45.778    2.0       
46.102    3.0       
46.414    4.0       
46.732    5.0       
47.045    1.0       
47.364    2.0       
47.662    3.0       
47.986    4.0       
48.306    5.0       
48.61     1.0       
48.918    2.0       
49.236    3.0       
49.545    4.0       
49.855    5.0       
50.179    1.0       
50.488    2.0       
50.804    3.0       
51.106    4.0       
51.4      5.0       
51.719    1.0       
52.024    2.0       
52.332    3.0       
52.651    4.0       
52.955    5.0       
