0.216     1.0       
0.422     2.0       
0.648     3.0       
0.865     4.0       
1.077     1.0       
1.282     2.0       
1.502     3.0       
1.718     4.0       
1.927     1.0       
2.153     2.0       
2.361     3.0       
2.59      4.0       
2.798     1.0       
3.023     2.0       
3.244     3.0       
3.455     4.0       
3.657     1.0       
3.886     2.0       
4.089     3.0       
4.306     4.0       
4.518     1.0       
4.724     2.0       
4.927     3.0       
5.154     4.0       
5.357     1.0       
5.577     2.0       
5.789     3.0       
6.002     4.0       
6.234     1.0       
6.442     2.0       
6.657     3.0       
6.868     4.0       
7.088     1.0       
7.32      2.0       
7.525     3.0       
7.75      4.0       
7.963     1.0       
8.185     2.0       
8.404     3.0       
8.618     4.0       
8.842     1.0       
9.056     2.0       
9.269     3.0       
9.479     4.0       
9.682     1.0       
9.901     2.0       
10.135    3.0       
10.34     4.0       
10.571    1.0       
10.805    2.0       
11.038    3.0       
11.247    4.0       
11.452    1.0       
11.671    2.0       
11.894    3.0       
12.107    4.0       
12.324    1.0       
12.553    2.0       
12.76     3.0       
12.963    4.0       
13.188    1.0       
13.399    2.0       
13.611    3.0       
13.831    4.0       
14.047    1.0       
14.272    2.0       
14.477    3.0       
14.702    4.0       
14.905    1.0       
15.115    2.0       
15.329    3.0       
15.548    4.0       
15.765    1.0       
15.97     2.0       
16.183    3.0       
16.393    4.0       
16.627    1.0       
16.837    2.0       
17.071    3.0       
17.294    4.0       
17.517    1.0       
17.751    2.0       
17.968    3.0       
18.172    4.0       
18.378    1.0       
18.587    2.0       
18.813    3.0       
19.026    4.0       
19.24     1.0       
19.459    2.0       
19.69     3.0       
19.905    4.0       
20.116    1.0       
20.347    2.0       
20.562    3.0       
20.786    4.0       
21.014    1.0       
21.223    2.0       
21.437    3.0       
21.647    4.0       
21.863    5.0       
22.091    1.0       
22.312    2.0       
22.539    3.0       
22.746    4.0       
22.968    5.0       
23.188    1.0       
23.398    2.0       
23.62     3.0       
23.827    4.0       
24.038    5.0       
24.253    1.0       
24.458    2.0       
24.67     3.0       
24.878    4.0       
25.111    5.0       
25.34     1.0       
25.555    2.0       
25.772    3.0       
25.991    4.0       
26.22     5.0       
26.442    1.0       
26.668    2.0       
26.879    3.0       
27.11     4.0       
27.33     5.0       
27.535    1.0       
27.747    2.0       
27.971    3.0       
28.194    4.0       
28.421    5.0       
28.645    1.0       
28.877    2.0       
29.085    3.0       
29.315    4.0       
29.526    5.0       
29.741    1.0       
29.946    2.0       
30.17     3.0       
30.375    4.0       
30.586    5.0       
30.809    1.0       
31.019    2.0       
31.251    3.0       
31.458    4.0       
31.681    5.0       
31.903    1.0       
32.115    2.0       
32.34     3.0       
32.57     4.0       
32.773    5.0       
32.988    1.0       
33.203    2.0       
33.407    3.0       
33.62     4.0       
33.84     5.0       
