0.299     1.0       
0.541     2.0       
0.782     3.0       
1.032     4.0       
1.296     1.0       
1.56      2.0       
1.828     3.0       
2.07      4.0       
2.321     1.0       
2.572     2.0       
2.825     3.0       
3.072     4.0       
3.336     1.0       
3.599     2.0       
3.863     3.0       
4.129     4.0       
4.37      1.0       
4.633     2.0       
4.886     3.0       
5.135     4.0       
5.386     1.0       
5.631     2.0       
5.881     3.0       
6.132     4.0       
6.389     1.0       
6.65      2.0       
6.908     3.0       
7.17      4.0       
7.419     1.0       
7.68      2.0       
7.942     3.0       
8.186     4.0       
8.438     1.0       
8.702     2.0       
8.942     3.0       
9.204     4.0       
9.471     1.0       
9.723     2.0       
9.988     3.0       
10.253    4.0       
10.514    1.0       
10.783    2.0       
11.053    3.0       
11.323    4.0       
11.572    1.0       
11.837    2.0       
12.081    3.0       
12.328    4.0       
12.586    1.0       
12.855    2.0       
13.102    3.0       
13.352    4.0       
13.618    1.0       
13.871    2.0       
14.132    3.0       
14.376    4.0       
14.643    1.0       
14.89     2.0       
15.14     3.0       
15.386    4.0       
15.638    1.0       
15.894    2.0       
16.157    3.0       
16.419    4.0       
16.659    1.0       
16.903    2.0       
17.172    3.0       
17.44     4.0       
17.707    1.0       
17.948    2.0       
18.215    3.0       
18.464    4.0       
18.712    1.0       
18.981    2.0       
19.243    3.0       
19.489    4.0       
19.742    1.0       
20.013    2.0       
20.253    3.0       
20.503    4.0       
20.746    1.0       
21.01     2.0       
21.275    3.0       
21.546    4.0       
21.795    1.0       
22.047    2.0       
22.307    3.0       
22.578    4.0       
22.837    1.0       
23.101    2.0       
23.352    3.0       
23.606    4.0       
23.854    1.0       
24.123    2.0       
24.363    3.0       
24.613    4.0       
24.884    1.0       
25.138    2.0       
25.384    3.0       
25.652    4.0       
25.908    1.0       
26.162    2.0       
26.411    3.0       
26.661    4.0       
26.917    1.0       
27.164    2.0       
27.427    3.0       
27.692    4.0       
27.937    1.0       
28.199    2.0       
28.466    3.0       
28.724    4.0       
28.969    1.0       
29.218    2.0       
29.48     3.0       
29.75     4.0       
30.016    1.0       
30.284    2.0       
30.529    3.0       
30.781    4.0       
31.039    1.0       
31.304    2.0       
31.563    3.0       
31.804    4.0       
32.074    1.0       
32.324    2.0       
32.586    3.0       
32.853    4.0       
33.094    1.0       
33.345    2.0       
33.588    3.0       
33.838    4.0       
34.097    5.0       
34.366    1.0       
34.622    2.0       
34.882    3.0       
35.14     4.0       
35.384    5.0       
35.653    1.0       
35.897    2.0       
36.154    3.0       
36.414    4.0       
36.658    5.0       
36.924    1.0       
37.195    2.0       
37.438    3.0       
37.697    4.0       
37.959    5.0       
38.229    1.0       
38.483    2.0       
38.741    3.0       
38.981    4.0       
39.233    5.0       
39.486    1.0       
39.744    2.0       
40.004    3.0       
40.266    4.0       
40.511    5.0       
40.778    1.0       
41.036    2.0       
41.287    3.0       
41.536    4.0       
41.777    5.0       
42.033    1.0       
42.277    2.0       
42.541    3.0       
42.803    4.0       
43.064    5.0       
43.305    1.0       
43.548    2.0       
43.796    3.0       
44.049    4.0       
44.32     5.0       
44.56     1.0       
44.817    2.0       
45.06     3.0       
45.308    4.0       
45.553    5.0       
45.8      1.0       
46.057    2.0       
46.318    3.0       
46.576    4.0       
46.828    5.0       
47.079    1.0       
47.337    2.0       
47.591    3.0       
47.84     4.0       
48.101    5.0       
