0.211     1.0       
0.409     2.0       
0.606     3.0       
0.814     4.0       
1.013     1.0       
1.2       2.0       
1.386     3.0       
1.576     4.0       
1.785     1.0       
1.976     2.0       
2.189     3.0       
2.398     4.0       
2.606     1.0       
2.805     2.0       
3.003     3.0       
3.185     4.0       
3.391     1.0       
3.604     2.0       
3.788     3.0       
3.99      4.0       
4.172     1.0       
4.375     2.0       
4.585     3.0       
4.798     4.0       
5.007     1.0       
5.19      2.0       
5.389     3.0       
5.579     4.0       
5.771     1.0       
5.977     2.0       
6.182     3.0       
6.393     4.0       
6.602     1.0       
6.798     2.0       
7.008     3.0       
7.216     4.0       
7.422     1.0       
7.61      2.0       
7.816     3.0       
8.018     4.0       
8.232     1.0       
8.443     2.0       
8.644     3.0       
8.855     4.0       
9.044     1.0       
9.231     2.0       
9.436     3.0       
9.647     4.0       
9.841     1.0       
10.042    2.0       
10.235    3.0       
10.448    4.0       
10.643    1.0       
10.843    2.0       
11.042    3.0       
11.23     4.0       
11.425    1.0       
11.623    2.0       
11.828    3.0       
12.017    4.0       
12.214    1.0       
12.424    2.0       
12.623    3.0       
12.83     4.0       
13.033    1.0       
13.245    2.0       
13.458    3.0       
13.667    4.0       
13.875    1.0       
14.065    2.0       
14.257    3.0       
14.443    4.0       
14.644    1.0       
14.842    2.0       
15.048    3.0       
15.237    4.0       
15.45     1.0       
15.659    2.0       
15.861    3.0       
16.072    4.0       
16.267    1.0       
16.451    2.0       
16.639    3.0       
16.831    4.0       
17.039    1.0       
17.246    2.0       
17.441    3.0       
17.642    4.0       
17.836    1.0       
18.025    2.0       
18.21     3.0       
18.419    4.0       
18.608    1.0       
18.805    2.0       
18.995    3.0       
19.181    4.0       
19.39     1.0       
19.595    2.0       
19.795    3.0       
19.986    4.0       
20.168    1.0       
20.377    2.0       
20.562    3.0       
20.752    4.0       
20.936    1.0       
21.131    2.0       
21.333    3.0       
21.544    4.0       
21.752    1.0       
21.94     2.0       
22.135    3.0       
22.349    4.0       
22.541    1.0       
22.751    2.0       
22.951    3.0       
23.133    4.0       
23.322    5.0       
23.532    1.0       
23.733    2.0       
23.917    3.0       
24.11     4.0       
24.298    5.0       
24.492    1.0       
24.688    2.0       
24.874    3.0       
25.078    4.0       
25.268    5.0       
25.473    1.0       
25.674    2.0       
25.881    3.0       
26.088    4.0       
26.287    5.0       
26.498    1.0       
26.681    2.0       
26.883    3.0       
27.07     4.0       
27.267    5.0       
27.458    1.0       
27.647    2.0       
27.853    3.0       
28.043    4.0       
28.234    5.0       
28.44     1.0       
28.647    2.0       
28.857    3.0       
29.046    4.0       
29.244    5.0       
29.447    1.0       
29.657    2.0       
29.863    3.0       
30.056    4.0       
30.239    5.0       
30.428    1.0       
30.639    2.0       
30.829    3.0       
31.017    4.0       
31.204    5.0       
31.391    1.0       
31.573    2.0       
31.775    3.0       
31.988    4.0       
32.198    5.0       
32.392    1.0       
32.585    2.0       
32.771    3.0       
32.972    4.0       
33.166    5.0       
33.366    1.0       
33.564    2.0       
33.777    3.0       
33.984    4.0       
34.183    5.0       
34.366    1.0       
34.574    2.0       
34.766    3.0       
34.968    4.0       
35.158    5.0       
35.349    1.0       
35.563    2.0       
35.765    3.0       
35.964    4.0       
36.149    5.0       
36.34     1.0       
36.532    2.0       
36.745    3.0       
36.956    4.0       
37.168    5.0       
37.382    1.0       
37.591    2.0       
37.802    3.0       
37.994    4.0       
38.195    5.0       
38.388    1.0       
38.573    2.0       
38.766    3.0       
38.949    4.0       
39.137    5.0       
39.326    1.0       
39.524    2.0       
39.735    3.0       
39.942    4.0       
40.144    5.0       
40.354    1.0       
40.561    2.0       
40.771    3.0       
40.961    4.0       
41.154    5.0       
41.366    1.0       
41.549    2.0       
41.737    3.0       
41.95     4.0       
42.133    5.0       
42.332    1.0       
42.517    2.0       
42.709    3.0       
42.897    4.0       
43.096    5.0       
43.31     1.0       
43.5      2.0       
43.699    3.0       
43.886    4.0       
44.077    5.0       
44.286    1.0       
44.488    2.0       
44.676    3.0       
44.858    4.0       
45.042    5.0       
45.237    1.0       
45.45     2.0       
45.646    3.0       
45.845    4.0       
46.03     5.0       
46.235    1.0       
46.441    2.0       
46.635    3.0       
46.82     4.0       
47.026    5.0       
47.231    1.0       
47.419    2.0       
47.629    3.0       
47.842    4.0       
48.055    5.0       
48.253    1.0       
48.45     2.0       
48.646    3.0       
48.857    4.0       
49.044    5.0       
49.236    1.0       
49.437    2.0       
49.621    3.0       
49.81     4.0       
50.023    5.0       
