0.296     1.0       
0.546     2.0       
0.8       3.0       
1.068     4.0       
1.308     1.0       
1.566     2.0       
1.803     3.0       
2.058     4.0       
2.326     1.0       
2.579     2.0       
2.839     3.0       
3.099     4.0       
3.364     1.0       
3.626     2.0       
3.865     3.0       
4.131     4.0       
4.377     1.0       
4.618     2.0       
4.862     3.0       
5.105     4.0       
5.363     1.0       
5.612     2.0       
5.874     3.0       
6.125     4.0       
6.386     1.0       
6.632     2.0       
6.896     3.0       
7.145     4.0       
7.406     1.0       
7.672     2.0       
7.936     3.0       
8.173     4.0       
8.417     1.0       
8.666     2.0       
8.934     3.0       
9.171     4.0       
9.438     1.0       
9.705     2.0       
9.948     3.0       
10.199    4.0       
10.444    1.0       
10.689    2.0       
10.928    3.0       
11.167    4.0       
11.424    1.0       
11.68     2.0       
11.934    3.0       
12.176    4.0       
12.425    1.0       
12.687    2.0       
12.947    3.0       
13.212    4.0       
13.478    1.0       
13.742    2.0       
14.001    3.0       
14.268    4.0       
14.527    1.0       
14.794    2.0       
15.033    3.0       
15.284    4.0       
15.544    1.0       
15.802    2.0       
16.055    3.0       
16.321    4.0       
16.585    1.0       
16.853    2.0       
17.109    3.0       
17.353    4.0       
17.613    1.0       
17.868    2.0       
18.129    3.0       
18.381    4.0       
18.619    1.0       
18.859    2.0       
19.114    3.0       
19.371    4.0       
19.632    1.0       
19.896    2.0       
20.133    3.0       
20.384    4.0       
20.636    1.0       
20.872    2.0       
21.132    3.0       
21.368    4.0       
21.627    1.0       
21.881    2.0       
22.131    3.0       
22.39     4.0       
22.655    1.0       
22.903    2.0       
23.168    3.0       
23.43     4.0       
23.684    1.0       
23.922    2.0       
24.188    3.0       
24.449    4.0       
24.687    1.0       
24.936    2.0       
25.172    3.0       
25.44     4.0       
25.685    1.0       
25.941    2.0       
26.184    3.0       
26.429    4.0       
26.668    1.0       
26.904    2.0       
27.159    3.0       
27.412    4.0       
27.649    1.0       
27.902    2.0       
28.152    3.0       
28.41     4.0       
28.658    1.0       
28.899    2.0       
29.16     3.0       
29.422    4.0       
29.661    1.0       
29.904    2.0       
30.149    3.0       
30.402    4.0       
30.67     1.0       
30.925    2.0       
31.182    3.0       
31.42     4.0       
31.681    1.0       
31.934    2.0       
32.194    3.0       
32.433    4.0       
32.699    1.0       
32.957    2.0       
33.197    3.0       
33.443    4.0       
33.708    5.0       
33.97     1.0       
34.235    2.0       
34.498    3.0       
34.735    4.0       
34.983    5.0       
35.237    1.0       
35.484    2.0       
35.738    3.0       
36.004    4.0       
36.264    5.0       
36.501    1.0       
36.745    2.0       
37.011    3.0       
37.27     4.0       
37.518    5.0       
37.784    1.0       
38.029    2.0       
38.29     3.0       
38.528    4.0       
38.791    5.0       
39.054    1.0       
39.298    2.0       
39.54     3.0       
39.796    4.0       
40.032    5.0       
40.283    1.0       
40.551    2.0       
40.815    3.0       
41.06     4.0       
41.317    5.0       
41.584    1.0       
41.849    2.0       
42.085    3.0       
42.338    4.0       
42.588    5.0       
42.856    1.0       
43.117    2.0       
43.362    3.0       
43.607    4.0       
43.872    5.0       
44.122    1.0       
44.362    2.0       
44.624    3.0       
44.881    4.0       
45.124    5.0       
45.361    1.0       
45.609    2.0       
45.875    3.0       
46.124    4.0       
46.365    5.0       
46.606    1.0       
46.844    2.0       
47.104    3.0       
47.372    4.0       
47.629    5.0       
47.869    1.0       
48.115    2.0       
48.368    3.0       
48.632    4.0       
48.875    5.0       
49.141    1.0       
49.409    2.0       
49.653    3.0       
49.904    4.0       
50.167    5.0       
50.409    1.0       
50.649    2.0       
50.901    3.0       
51.169    4.0       
51.413    5.0       
51.654    1.0       
51.919    2.0       
52.18     3.0       
52.44     4.0       
52.699    5.0       
52.941    1.0       
53.197    2.0       
53.462    3.0       
53.729    4.0       
53.973    5.0       
54.211    1.0       
54.459    2.0       
54.703    3.0       
54.969    4.0       
55.229    5.0       
55.485    1.0       
55.741    2.0       
56.006    3.0       
56.271    4.0       
56.514    5.0       
56.767    1.0       
57.026    2.0       
57.268    3.0       
57.512    4.0       
57.759    5.0       
58.026    1.0       
58.287    2.0       
58.538    3.0       
58.781    4.0       
59.02     5.0       
59.276    1.0       
59.526    2.0       
59.779    3.0       
60.041    4.0       
60.291    5.0       
60.538    1.0       
60.783    2.0       
61.026    3.0       
61.264    4.0       
61.502    5.0       
61.749    1.0       
61.992    2.0       
62.234    3.0       
62.494    4.0       
62.734    5.0       
62.998    1.0       
63.262    2.0       
63.53     3.0       
63.786    4.0       
64.045    5.0       
64.285    1.0       
64.522    2.0       
64.765    3.0       
65.004    4.0       
65.244    5.0       
65.508    1.0       
65.745    2.0       
65.987    3.0       
66.225    4.0       
66.471    5.0       
66.724    1.0       
66.972    2.0       
67.211    3.0       
67.475    4.0       
67.735    5.0       
67.979    1.0       
68.225    2.0       
68.484    3.0       
68.72     4.0       
68.966    5.0       
69.218    1.0       
69.464    2.0       
69.715    3.0       
69.973    4.0       
70.227    5.0       
70.482    1.0       
70.718    2.0       
70.977    3.0       
71.241    4.0       
71.5      5.0       
71.761    1.0       
72.001    2.0       
72.245    3.0       
72.489    4.0       
72.747    5.0       
