0.236     1.0       
0.454     2.0       
0.689     3.0       
0.931     4.0       
1.152     1.0       
1.388     2.0       
1.611     3.0       
1.844     4.0       
2.086     1.0       
2.305     2.0       
2.52      3.0       
2.731     4.0       
2.968     1.0       
3.21      2.0       
3.434     3.0       
3.676     4.0       
3.913     1.0       
4.135     2.0       
4.368     3.0       
4.609     4.0       
4.832     1.0       
5.054     2.0       
5.294     3.0       
5.529     4.0       
5.771     1.0       
5.995     2.0       
6.224     3.0       
6.452     4.0       
6.684     1.0       
6.923     2.0       
7.144     3.0       
7.367     4.0       
7.604     1.0       
7.815     2.0       
8.03      3.0       
8.243     4.0       
8.475     1.0       
8.702     2.0       
8.921     3.0       
9.156     4.0       
9.384     1.0       
9.62      2.0       
9.858     3.0       
10.091    4.0       
10.311    1.0       
10.525    2.0       
10.756    3.0       
10.971    4.0       
11.205    1.0       
11.434    2.0       
11.669    3.0       
11.888    4.0       
12.12     1.0       
12.339    2.0       
12.581    3.0       
12.8      4.0       
13.04     1.0       
13.277    2.0       
13.512    3.0       
13.738    4.0       
13.959    1.0       
14.187    2.0       
14.401    3.0       
14.635    4.0       
14.856    1.0       
15.08     2.0       
15.305    3.0       
15.541    4.0       
15.766    5.0       
15.988    1.0       
16.208    2.0       
16.427    3.0       
16.669    4.0       
16.89     5.0       
17.123    1.0       
17.356    2.0       
17.576    3.0       
17.81     4.0       
18.028    5.0       
18.254    1.0       
18.473    2.0       
18.687    3.0       
18.909    4.0       
19.151    5.0       
19.393    1.0       
19.606    2.0       
19.84     3.0       
20.077    4.0       
20.311    5.0       
20.545    1.0       
20.779    2.0       
20.996    3.0       
21.21     4.0       
21.442    5.0       
21.655    1.0       
21.865    2.0       
22.094    3.0       
22.333    4.0       
22.561    5.0       
22.794    1.0       
23.023    2.0       
23.249    3.0       
23.464    4.0       
23.696    5.0       
23.911    1.0       
24.149    2.0       
24.375    3.0       
24.6      4.0       
24.825    5.0       
25.05     1.0       
25.284    2.0       
25.521    3.0       
25.733    4.0       
25.961    5.0       
26.177    1.0       
26.397    2.0       
26.624    3.0       
26.842    4.0       
27.079    5.0       
27.311    1.0       
27.543    2.0       
27.77     3.0       
27.99     4.0       
28.203    5.0       
28.441    1.0       
28.66     2.0       
28.894    3.0       
29.12     4.0       
29.345    5.0       
29.564    1.0       
29.783    2.0       
30.022    3.0       
30.237    4.0       
30.471    5.0       
30.699    1.0       
30.931    2.0       
31.161    3.0       
31.375    4.0       
31.608    5.0       
31.831    1.0       
32.048    2.0       
32.282    3.0       
32.501    4.0       
32.712    5.0       
32.941    1.0       
33.181    2.0       
33.398    3.0       
33.638    4.0       
33.856    5.0       
34.079    1.0       
34.294    2.0       
34.535    3.0       
34.775    4.0       
35.014    5.0       
35.248    1.0       
35.489    2.0       
35.721    3.0       
35.959    4.0       
36.172    5.0       
36.401    1.0       
36.615    2.0       
36.848    3.0       
37.062    4.0       
37.276    5.0       
