0.111     1.0       
0.316     2.0       
0.542     3.0       
0.744     4.0       
0.953     1.0       
1.16      2.0       
1.364     3.0       
1.568     4.0       
1.782     1.0       
2.001     2.0       
2.208     3.0       
2.428     4.0       
2.637     1.0       
2.84      2.0       
3.06      3.0       
3.274     4.0       
3.489     1.0       
3.721     2.0       
3.943     3.0       
4.147     4.0       
4.369     1.0       
4.594     2.0       
4.795     3.0       
5.016     4.0       
5.242     1.0       
5.466     2.0       
5.694     3.0       
5.922     4.0       
6.138     1.0       
6.365     2.0       
6.581     3.0       
6.794     4.0       
7.019     1.0       
7.229     2.0       
7.44      3.0       
7.643     4.0       
7.848     1.0       
8.071     2.0       
8.292     3.0       
8.504     4.0       
8.731     1.0       
8.963     2.0       
9.178     3.0       
9.409     4.0       
9.619     1.0       
9.834     2.0       
10.042    3.0       
10.258    4.0       
10.476    1.0       
10.704    2.0       
10.936    3.0       
11.148    4.0       
11.379    1.0       
11.602    2.0       
11.813    3.0       
12.03     4.0       
12.249    1.0       
12.472    2.0       
12.684    3.0       
12.888    4.0       
13.113    1.0       
13.324    2.0       
13.536    3.0       
13.739    4.0       
13.956    1.0       
14.184    2.0       
14.391    3.0       
14.591    4.0       
14.813    5.0       
15.023    1.0       
15.254    2.0       
15.469    3.0       
15.7      4.0       
15.912    5.0       
16.12     1.0       
16.343    2.0       
16.56     3.0       
16.791    4.0       
16.992    5.0       
17.197    1.0       
17.406    2.0       
17.629    3.0       
17.852    4.0       
18.08     5.0       
18.301    1.0       
18.51     2.0       
18.731    3.0       
18.949    4.0       
19.18     5.0       
19.397    1.0       
19.616    2.0       
19.836    3.0       
20.068    4.0       
20.279    5.0       
20.504    1.0       
20.707    2.0       
20.927    3.0       
21.131    4.0       
21.337    5.0       
21.558    1.0       
21.783    2.0       
22.009    3.0       
22.237    4.0       
22.438    5.0       
22.661    1.0       
22.877    2.0       
23.104    3.0       
23.331    4.0       
23.538    5.0       
23.768    1.0       
23.977    2.0       
24.205    3.0       
24.425    4.0       
24.632    5.0       
24.862    1.0       
25.069    2.0       
25.287    3.0       
25.496    4.0       
25.722    5.0       
25.925    1.0       
26.137    2.0       
26.361    3.0       
26.573    4.0       
26.802    5.0       
27.031    1.0       
27.232    2.0       
27.439    3.0       
27.657    4.0       
27.889    5.0       
28.12     1.0       
28.344    2.0       
28.563    3.0       
28.774    4.0       
29.006    5.0       
29.229    1.0       
29.435    2.0       
29.658    3.0       
29.876    4.0       
30.094    5.0       
30.297    1.0       
30.524    2.0       
30.752    3.0       
30.96     4.0       
31.189    5.0       
31.394    1.0       
31.597    2.0       
31.802    3.0       
32.008    4.0       
32.24     5.0       
32.442    1.0       
32.658    2.0       
32.86     3.0       
33.066    4.0       
33.288    5.0       
33.507    1.0       
33.723    2.0       
33.945    3.0       
34.177    4.0       
34.399    5.0       
34.602    1.0       
34.829    2.0       
35.048    3.0       
35.271    4.0       
35.502    5.0       
