0.141     1.0       
0.369     2.0       
0.584     3.0       
0.805     4.0       
1.015     1.0       
1.231     2.0       
1.447     3.0       
1.672     4.0       
1.881     1.0       
2.095     2.0       
2.3       3.0       
2.51      4.0       
2.72      1.0       
2.925     2.0       
3.138     3.0       
3.343     4.0       
3.542     1.0       
3.763     2.0       
3.99      3.0       
4.202     4.0       
4.407     1.0       
4.605     2.0       
4.822     3.0       
5.047     4.0       
5.272     1.0       
5.487     2.0       
5.691     3.0       
5.905     4.0       
6.128     1.0       
6.355     2.0       
6.567     3.0       
6.782     4.0       
6.997     1.0       
7.204     2.0       
7.406     3.0       
7.627     4.0       
7.853     1.0       
8.074     2.0       
8.294     3.0       
8.515     4.0       
8.724     1.0       
8.952     2.0       
9.153     3.0       
9.365     4.0       
9.567     1.0       
9.785     2.0       
9.993     3.0       
10.207    4.0       
10.416    1.0       
10.619    2.0       
10.827    3.0       
11.034    4.0       
11.231    1.0       
11.446    2.0       
11.673    3.0       
11.893    4.0       
12.11     1.0       
12.308    2.0       
12.532    3.0       
12.745    4.0       
12.974    1.0       
13.201    2.0       
13.415    3.0       
13.624    4.0       
13.849    1.0       
14.06     2.0       
14.287    3.0       
14.501    4.0       
14.728    1.0       
14.938    2.0       
15.143    3.0       
15.344    4.0       
15.554    1.0       
15.756    2.0       
15.954    3.0       
16.171    4.0       
16.394    1.0       
16.62     2.0       
16.83     3.0       
17.056    4.0       
17.282    1.0       
17.487    2.0       
17.709    3.0       
17.917    4.0       
18.145    1.0       
18.369    2.0       
18.568    3.0       
18.772    4.0       
18.985    1.0       
19.2      2.0       
19.406    3.0       
19.609    4.0       
19.834    1.0       
20.049    2.0       
20.257    3.0       
20.464    4.0       
20.661    1.0       
20.89     2.0       
21.097    3.0       
21.298    4.0       
21.506    1.0       
21.728    2.0       
21.926    3.0       
22.147    4.0       
22.368    1.0       
22.572    2.0       
22.776    3.0       
22.974    4.0       
23.179    1.0       
23.386    2.0       
23.603    3.0       
23.821    4.0       
24.026    1.0       
24.226    2.0       
24.451    3.0       
24.668    4.0       
24.866    1.0       
25.076    2.0       
25.277    3.0       
25.496    4.0       
25.694    1.0       
25.892    2.0       
26.108    3.0       
26.308    4.0       
26.518    1.0       
26.747    2.0       
26.953    3.0       
27.151    4.0       
27.373    1.0       
27.601    2.0       
27.803    3.0       
28.022    4.0       
28.232    5.0       
28.46     1.0       
28.678    2.0       
28.884    3.0       
29.084    4.0       
29.292    5.0       
29.505    1.0       
29.707    2.0       
29.91     3.0       
30.131    4.0       
30.356    5.0       
30.574    1.0       
30.78     2.0       
30.999    3.0       
31.204    4.0       
31.412    5.0       
31.635    1.0       
31.861    2.0       
32.08     3.0       
32.296    4.0       
32.5      5.0       
32.711    1.0       
32.91     2.0       
33.131    3.0       
33.338    4.0       
33.567    5.0       
33.764    1.0       
33.978    2.0       
34.196    3.0       
34.397    4.0       
34.626    5.0       
34.85     1.0       
35.055    2.0       
35.255    3.0       
35.484    4.0       
35.704    5.0       
35.918    1.0       
36.123    2.0       
36.349    3.0       
36.572    4.0       
36.801    5.0       
37.015    1.0       
37.233    2.0       
37.433    3.0       
37.648    4.0       
37.847    5.0       
38.052    1.0       
38.276    2.0       
38.494    3.0       
38.716    4.0       
38.944    5.0       
39.154    1.0       
39.359    2.0       
39.572    3.0       
39.779    4.0       
39.984    5.0       
40.189    1.0       
40.39     2.0       
40.607    3.0       
40.807    4.0       
41.022    5.0       
41.222    1.0       
41.449    2.0       
41.657    3.0       
41.876    4.0       
42.084    5.0       
42.295    1.0       
42.503    2.0       
42.706    3.0       
42.903    4.0       
43.122    5.0       
43.319    1.0       
43.541    2.0       
43.738    3.0       
43.942    4.0       
44.139    5.0       
