0.201     1.0       
0.496     2.0       
0.796     3.0       
1.087     4.0       
1.373     1.0       
1.685     2.0       
1.982     3.0       
2.292     4.0       
2.59      1.0       
2.902     2.0       
3.212     3.0       
3.519     4.0       
3.808     1.0       
4.109     2.0       
4.408     3.0       
4.694     4.0       
4.986     1.0       
5.299     2.0       
5.61      3.0       
5.894     4.0       
6.203     1.0       
6.499     2.0       
6.808     3.0       
7.114     4.0       
7.398     1.0       
7.699     2.0       
7.982     3.0       
8.293     4.0       
8.596     1.0       
8.895     2.0       
9.201     3.0       
9.498     4.0       
9.8       1.0       
10.086    2.0       
10.373    3.0       
10.674    4.0       
10.962    1.0       
11.252    2.0       
11.555    3.0       
11.846    4.0       
12.131    1.0       
12.418    2.0       
12.721    3.0       
13.034    4.0       
13.326    1.0       
13.634    2.0       
13.946    3.0       
14.258    4.0       
14.541    1.0       
14.829    2.0       
15.134    3.0       
15.44     4.0       
15.75     1.0       
16.061    2.0       
16.364    3.0       
16.679    4.0       
16.992    1.0       
17.298    2.0       
17.607    3.0       
17.9      4.0       
18.199    1.0       
18.512    2.0       
18.811    3.0       
19.107    4.0       
19.407    1.0       
19.707    2.0       
20.006    3.0       
20.289    4.0       
20.591    1.0       
20.88     2.0       
21.183    3.0       
21.498    4.0       
21.794    1.0       
22.081    2.0       
22.389    3.0       
22.692    4.0       
22.997    1.0       
23.295    2.0       
23.61     3.0       
23.913    4.0       
24.197    1.0       
24.511    2.0       
24.803    3.0       
25.105    4.0       
25.391    1.0       
25.68     2.0       
25.97     3.0       
26.259    4.0       
26.547    1.0       
26.836    2.0       
27.13     3.0       
27.435    4.0       
27.737    1.0       
28.05     2.0       
28.346    3.0       
28.632    4.0       
28.933    1.0       
29.218    2.0       
29.506    3.0       
29.815    4.0       
30.114    1.0       
30.407    2.0       
30.709    3.0       
30.999    4.0       
31.314    1.0       
31.616    2.0       
31.915    3.0       
32.211    4.0       
32.525    1.0       
32.828    2.0       
33.133    3.0       
33.432    4.0       
33.73     1.0       
34.043    2.0       
34.351    3.0       
34.635    4.0       
34.935    5.0       
35.229    1.0       
35.531    2.0       
35.823    3.0       
36.106    4.0       
36.414    5.0       
36.729    1.0       
37.012    2.0       
37.3      3.0       
37.596    4.0       
37.887    5.0       
38.173    1.0       
38.482    2.0       
38.773    3.0       
39.077    4.0       
39.369    5.0       
39.669    1.0       
39.973    2.0       
40.269    3.0       
40.566    4.0       
40.881    5.0       
41.187    1.0       
41.5      2.0       
41.785    3.0       
42.073    4.0       
42.361    5.0       
42.669    1.0       
42.96     2.0       
43.262    3.0       
43.57     4.0       
43.876    5.0       
44.191    1.0       
44.488    2.0       
44.784    3.0       
45.099    4.0       
45.403    5.0       
45.706    1.0       
45.999    2.0       
46.313    3.0       
46.624    4.0       
46.935    5.0       
47.22     1.0       
47.529    2.0       
47.841    3.0       
48.138    4.0       
48.433    5.0       
48.734    1.0       
49.028    2.0       
49.322    3.0       
49.625    4.0       
49.939    5.0       
50.244    1.0       
50.53     2.0       
50.84     3.0       
51.13     4.0       
51.445    5.0       
51.758    1.0       
52.047    2.0       
52.358    3.0       
52.652    4.0       
52.947    5.0       
53.236    1.0       
53.529    2.0       
53.822    3.0       
54.126    4.0       
54.44     5.0       
54.723    1.0       
55.015    2.0       
55.326    3.0       
55.619    4.0       
55.907    5.0       
56.214    1.0       
56.516    2.0       
56.816    3.0       
57.113    4.0       
57.407    5.0       
57.691    1.0       
57.995    2.0       
58.284    3.0       
58.571    4.0       
58.87     5.0       
59.18     1.0       
59.474    2.0       
59.771    3.0       
60.055    4.0       
60.349    5.0       
60.647    1.0       
60.955    2.0       
61.249    3.0       
61.562    4.0       
61.854    5.0       
62.157    1.0       
62.446    2.0       
62.751    3.0       
63.052    4.0       
63.336    5.0       
63.623    1.0       
63.928    2.0       
64.213    3.0       
64.497    4.0       
64.8      5.0       
65.089    1.0       
65.385    2.0       
65.672    3.0       
65.961    4.0       
66.248    5.0       
66.541    1.0       
66.83     2.0       
67.113    3.0       
67.407    4.0       
67.71     5.0       
68.016    1.0       
68.318    2.0       
68.615    3.0       
68.917    4.0       
69.202    5.0       
