0.168     1.0       
0.495     2.0       
0.835     3.0       
1.16      4.0       
1.485     1.0       
1.818     2.0       
2.163     3.0       
2.499     4.0       
2.818     1.0       
3.162     2.0       
3.509     3.0       
3.846     4.0       
4.171     1.0       
4.494     2.0       
4.836     3.0       
5.156     4.0       
5.477     1.0       
5.825     2.0       
6.153     3.0       
6.482     4.0       
6.82      1.0       
7.139     2.0       
7.467     3.0       
7.808     4.0       
8.128     1.0       
8.46      2.0       
8.782     3.0       
9.114     4.0       
9.454     1.0       
9.797     2.0       
10.128    3.0       
10.454    4.0       
10.777    1.0       
11.114    2.0       
11.431    3.0       
11.752    4.0       
12.083    1.0       
12.408    2.0       
12.752    3.0       
13.08     4.0       
13.415    1.0       
13.75     2.0       
14.09     3.0       
14.421    4.0       
14.755    1.0       
15.083    2.0       
15.4      3.0       
15.717    4.0       
16.06     1.0       
16.384    2.0       
16.707    3.0       
17.034    4.0       
17.379    1.0       
17.699    2.0       
18.019    3.0       
18.339    4.0       
18.668    1.0       
19.002    2.0       
19.325    3.0       
19.667    4.0       
20.011    1.0       
20.35     2.0       
20.689    3.0       
21.025    4.0       
21.373    1.0       
21.702    2.0       
22.024    3.0       
22.355    4.0       
22.697    1.0       
23.03     2.0       
23.377    3.0       
23.704    4.0       
24.038    1.0       
24.355    2.0       
24.701    3.0       
25.035    4.0       
25.365    1.0       
25.697    2.0       
26.042    3.0       
26.368    4.0       
26.695    1.0       
27.032    2.0       
27.371    3.0       
27.703    4.0       
28.045    1.0       
28.378    2.0       
28.71     3.0       
29.028    4.0       
29.365    1.0       
29.688    2.0       
30.004    3.0       
30.339    4.0       
30.678    1.0       
31.016    2.0       
31.334    3.0       
31.663    4.0       
32.007    1.0       
32.323    2.0       
32.652    3.0       
32.992    4.0       
33.327    1.0       
33.673    2.0       
33.993    3.0       
34.34     4.0       
34.683    1.0       
35.009    2.0       
35.338    3.0       
35.673    4.0       
35.994    1.0       
36.325    2.0       
36.648    3.0       
36.964    4.0       
37.285    1.0       
37.63     2.0       
37.958    3.0       
38.288    4.0       
38.605    5.0       
38.925    1.0       
39.249    2.0       
39.571    3.0       
39.913    4.0       
40.231    5.0       
40.553    1.0       
40.897    2.0       
41.213    3.0       
41.55     4.0       
41.89     5.0       
42.214    1.0       
42.551    2.0       
42.889    3.0       
43.233    4.0       
43.571    5.0       
43.918    1.0       
44.24     2.0       
44.571    3.0       
44.903    4.0       
45.235    5.0       
45.557    1.0       
45.882    2.0       
46.198    3.0       
46.522    4.0       
46.847    5.0       
47.189    1.0       
47.532    2.0       
47.858    3.0       
48.174    4.0       
48.497    5.0       
48.831    1.0       
49.164    2.0       
49.497    3.0       
49.829    4.0       
50.158    5.0       
50.499    1.0       
50.816    2.0       
51.137    3.0       
51.482    4.0       
51.798    5.0       
52.135    1.0       
52.455    2.0       
52.773    3.0       
53.118    4.0       
53.439    5.0       
53.774    1.0       
54.12     2.0       
54.467    3.0       
54.809    4.0       
55.135    5.0       
55.46     1.0       
55.783    2.0       
56.118    3.0       
56.445    4.0       
56.784    5.0       
57.125    1.0       
57.469    2.0       
57.79     3.0       
58.111    4.0       
58.446    5.0       
58.765    1.0       
59.112    2.0       
59.431    3.0       
59.768    4.0       
60.095    5.0       
60.443    1.0       
60.759    2.0       
61.094    3.0       
61.411    4.0       
61.759    5.0       
62.092    1.0       
62.43     2.0       
62.752    3.0       
63.087    4.0       
63.409    5.0       
