0.24      1.0       
0.558     2.0       
0.883     3.0       
1.222     4.0       
1.54      1.0       
1.875     2.0       
2.218     3.0       
2.534     4.0       
2.861     1.0       
3.193     2.0       
3.531     3.0       
3.865     4.0       
4.182     1.0       
4.515     2.0       
4.858     3.0       
5.19      4.0       
5.53      1.0       
5.865     2.0       
6.181     3.0       
6.528     4.0       
6.849     1.0       
7.168     2.0       
7.511     3.0       
7.853     4.0       
8.2       1.0       
8.529     2.0       
8.876     3.0       
9.222     4.0       
9.56      1.0       
9.882     2.0       
10.214    3.0       
10.539    4.0       
10.854    1.0       
11.194    2.0       
11.529    3.0       
11.859    4.0       
12.193    1.0       
12.525    2.0       
12.868    3.0       
13.19     4.0       
13.515    1.0       
13.836    2.0       
14.158    3.0       
14.494    4.0       
14.812    1.0       
15.145    2.0       
15.474    3.0       
15.795    4.0       
16.123    1.0       
16.467    2.0       
16.795    3.0       
17.125    4.0       
17.452    5.0       
17.779    1.0       
18.101    2.0       
18.426    3.0       
18.76     4.0       
19.095    5.0       
19.418    1.0       
19.756    2.0       
20.102    3.0       
20.449    4.0       
20.785    5.0       
21.113    1.0       
21.46     2.0       
21.793    3.0       
22.138    4.0       
22.469    5.0       
22.786    1.0       
23.101    2.0       
23.425    3.0       
23.764    4.0       
24.095    5.0       
24.437    1.0       
24.769    2.0       
25.105    3.0       
25.446    4.0       
25.771    5.0       
26.111    1.0       
26.448    2.0       
26.777    3.0       
27.096    4.0       
27.437    5.0       
27.781    1.0       
28.11     2.0       
28.452    3.0       
28.786    4.0       
29.126    5.0       
