0.198     1.0       
0.426     2.0       
0.668     3.0       
0.91      4.0       
1.145     1.0       
1.394     2.0       
1.623     3.0       
1.86      4.0       
2.102     1.0       
2.347     2.0       
2.568     3.0       
2.815     4.0       
3.041     1.0       
3.262     2.0       
3.514     3.0       
3.738     4.0       
3.959     1.0       
4.187     2.0       
4.413     3.0       
4.663     4.0       
4.89      1.0       
5.126     2.0       
5.356     3.0       
5.603     4.0       
5.833     1.0       
6.081     2.0       
6.302     3.0       
6.552     4.0       
6.803     1.0       
7.037     2.0       
7.262     3.0       
7.51      4.0       
7.744     1.0       
7.992     2.0       
8.223     3.0       
8.467     4.0       
8.718     1.0       
8.955     2.0       
9.19      3.0       
9.436     4.0       
9.661     1.0       
9.914     2.0       
10.144    3.0       
10.367    4.0       
10.599    1.0       
10.849    2.0       
11.086    3.0       
11.317    4.0       
11.568    1.0       
11.789    2.0       
12.025    3.0       
12.25     4.0       
12.475    1.0       
12.721    2.0       
12.97     3.0       
13.22     4.0       
13.442    1.0       
13.689    2.0       
13.924    3.0       
14.151    4.0       
14.385    1.0       
14.611    2.0       
14.86     3.0       
15.084    4.0       
15.31     1.0       
15.558    2.0       
15.802    3.0       
16.049    4.0       
16.292    1.0       
16.521    2.0       
16.759    3.0       
16.99     4.0       
17.242    1.0       
17.482    2.0       
17.718    3.0       
17.964    4.0       
18.19     1.0       
18.439    2.0       
18.664    3.0       
18.91     4.0       
19.157    1.0       
19.384    2.0       
19.617    3.0       
19.864    4.0       
20.111    1.0       
20.332    2.0       
20.584    3.0       
20.837    4.0       
21.082    1.0       
21.323    2.0       
21.56     3.0       
21.784    4.0       
22.022    1.0       
22.27     2.0       
22.501    3.0       
22.734    4.0       
22.967    1.0       
23.211    2.0       
23.455    3.0       
23.707    4.0       
23.937    1.0       
24.173    2.0       
24.402    3.0       
24.637    4.0       
24.881    1.0       
25.125    2.0       
25.352    3.0       
25.574    4.0       
25.802    1.0       
26.053    2.0       
26.276    3.0       
26.525    4.0       
26.765    1.0       
27.003    2.0       
27.233    3.0       
27.468    4.0       
27.71     1.0       
27.944    2.0       
28.179    3.0       
28.407    4.0       
28.633    1.0       
28.867    2.0       
29.118    3.0       
29.36     4.0       
29.584    1.0       
29.806    2.0       
30.03     3.0       
30.281    4.0       
30.509    1.0       
30.746    2.0       
30.967    3.0       
31.197    4.0       
31.438    5.0       
31.69     1.0       
31.928    2.0       
32.166    3.0       
32.414    4.0       
32.641    5.0       
32.884    1.0       
33.127    2.0       
33.355    3.0       
33.603    4.0       
33.832    5.0       
34.079    1.0       
34.321    2.0       
34.552    3.0       
34.784    4.0       
35.014    5.0       
35.249    1.0       
35.484    2.0       
35.735    3.0       
35.965    4.0       
36.197    5.0       
36.442    1.0       
36.677    2.0       
36.906    3.0       
37.15     4.0       
37.397    5.0       
37.622    1.0       
37.848    2.0       
38.099    3.0       
38.348    4.0       
38.598    5.0       
38.84     1.0       
39.089    2.0       
39.326    3.0       
39.578    4.0       
39.83     5.0       
40.067    1.0       
40.3      2.0       
40.525    3.0       
40.762    4.0       
40.992    5.0       
41.226    1.0       
41.47     2.0       
41.704    3.0       
41.926    4.0       
42.167    5.0       
42.417    1.0       
42.652    2.0       
42.902    3.0       
43.125    4.0       
43.351    5.0       
43.583    1.0       
43.834    2.0       
44.055    3.0       
44.307    4.0       
44.538    5.0       
44.765    1.0       
45.014    2.0       
45.238    3.0       
45.463    4.0       
45.688    5.0       
45.913    1.0       
46.162    2.0       
46.39     3.0       
46.638    4.0       
46.876    5.0       
47.099    1.0       
47.333    2.0       
47.561    3.0       
47.786    4.0       
48.036    5.0       
48.261    1.0       
48.484    2.0       
48.717    3.0       
48.958    4.0       
49.192    5.0       
49.44     1.0       
49.689    2.0       
49.93     3.0       
50.168    4.0       
50.389    5.0       
50.641    1.0       
50.889    2.0       
51.132    3.0       
51.36     4.0       
51.591    5.0       
51.812    1.0       
52.043    2.0       
52.275    3.0       
52.498    4.0       
52.724    5.0       
52.975    1.0       
53.217    2.0       
53.465    3.0       
53.7      4.0       
53.924    5.0       
54.154    1.0       
54.38     2.0       
54.614    3.0       
54.842    4.0       
55.07     5.0       
55.308    1.0       
55.54     2.0       
55.762    3.0       
55.998    4.0       
56.237    5.0       
56.469    1.0       
56.706    2.0       
56.941    3.0       
57.185    4.0       
57.413    5.0       
57.652    1.0       
57.891    2.0       
58.133    3.0       
58.369    4.0       
58.597    5.0       
