0.247     1.0       
0.541     2.0       
0.819     3.0       
1.107     4.0       
1.395     1.0       
1.685     2.0       
1.961     3.0       
2.258     4.0       
2.53      1.0       
2.799     2.0       
3.096     3.0       
3.377     4.0       
3.661     1.0       
3.937     2.0       
4.23      3.0       
4.512     4.0       
4.811     1.0       
5.102     2.0       
5.385     3.0       
5.674     4.0       
5.959     1.0       
6.243     2.0       
6.521     3.0       
6.794     4.0       
7.069     1.0       
7.35      2.0       
7.629     3.0       
7.924     4.0       
8.21      1.0       
8.498     2.0       
8.779     3.0       
9.077     4.0       
9.362     1.0       
9.661     2.0       
9.931     3.0       
10.229    4.0       
10.505    1.0       
10.779    2.0       
11.047    3.0       
11.334    4.0       
11.619    1.0       
11.912    2.0       
12.185    3.0       
12.459    4.0       
12.735    1.0       
13.032    2.0       
13.301    3.0       
13.57     4.0       
13.859    1.0       
14.153    2.0       
14.438    3.0       
14.723    4.0       
15.02     1.0       
15.319    2.0       
15.609    3.0       
15.902    4.0       
16.184    1.0       
16.475    2.0       
16.773    3.0       
17.042    4.0       
17.317    1.0       
17.597    2.0       
17.874    3.0       
18.152    4.0       
18.44     1.0       
18.73     2.0       
19.023    3.0       
19.29     4.0       
19.57     1.0       
19.848    2.0       
20.115    3.0       
20.411    4.0       
20.703    1.0       
20.988    2.0       
21.264    3.0       
21.548    4.0       
21.831    1.0       
22.105    2.0       
22.381    3.0       
22.671    4.0       
22.953    1.0       
23.25     2.0       
23.525    3.0       
23.821    4.0       
24.12     5.0       
24.414    1.0       
24.694    2.0       
24.993    3.0       
25.277    4.0       
25.559    5.0       
25.853    1.0       
26.141    2.0       
26.415    3.0       
26.687    4.0       
26.975    5.0       
27.249    1.0       
27.531    2.0       
27.818    3.0       
28.102    4.0       
28.399    5.0       
28.679    1.0       
28.973    2.0       
29.258    3.0       
29.546    4.0       
29.825    5.0       
30.124    1.0       
30.4      2.0       
30.688    3.0       
30.966    4.0       
31.264    5.0       
31.533    1.0       
31.822    2.0       
32.09     3.0       
32.381    4.0       
32.677    5.0       
32.969    1.0       
33.238    2.0       
33.537    3.0       
33.805    4.0       
34.099    5.0       
34.385    1.0       
34.681    2.0       
34.95     3.0       
35.248    4.0       
35.537    5.0       
35.828    1.0       
36.112    2.0       
36.382    3.0       
36.678    4.0       
36.948    5.0       
37.218    1.0       
37.514    2.0       
37.809    3.0       
38.106    4.0       
38.401    5.0       
38.681    1.0       
38.967    2.0       
39.256    3.0       
39.523    4.0       
39.803    5.0       
