0.238     1.0       
0.479     2.0       
0.707     3.0       
0.945     4.0       
1.189     1.0       
1.426     2.0       
1.643     3.0       
1.877     4.0       
2.097     1.0       
2.333     2.0       
2.549     3.0       
2.769     4.0       
2.986     1.0       
3.215     2.0       
3.435     3.0       
3.672     4.0       
3.889     1.0       
4.121     2.0       
4.349     3.0       
4.583     4.0       
4.808     1.0       
5.037     2.0       
5.275     3.0       
5.505     4.0       
5.739     1.0       
5.965     2.0       
6.19      3.0       
6.402     4.0       
6.642     1.0       
6.879     2.0       
7.095     3.0       
7.309     4.0       
7.529     1.0       
7.763     2.0       
7.979     3.0       
8.195     4.0       
8.408     1.0       
8.62      2.0       
8.836     3.0       
9.049     4.0       
9.277     1.0       
9.499     2.0       
9.728     3.0       
9.956     4.0       
10.176    1.0       
10.401    2.0       
10.641    3.0       
10.86     4.0       
11.082    1.0       
11.3      2.0       
11.524    3.0       
11.751    4.0       
11.984    1.0       
12.208    2.0       
12.433    3.0       
12.649    4.0       
12.89     1.0       
13.127    2.0       
13.355    3.0       
13.576    4.0       
13.801    1.0       
14.036    2.0       
14.272    3.0       
14.484    4.0       
14.712    1.0       
14.927    2.0       
15.167    3.0       
15.402    4.0       
15.616    1.0       
15.859    2.0       
16.086    3.0       
16.324    4.0       
16.558    1.0       
16.778    2.0       
17.002    3.0       
17.229    4.0       
17.457    1.0       
17.699    2.0       
17.924    3.0       
18.16     4.0       
18.375    1.0       
18.599    2.0       
18.83     3.0       
19.054    4.0       
19.294    5.0       
19.513    1.0       
19.743    2.0       
19.968    3.0       
20.185    4.0       
20.404    5.0       
20.634    1.0       
20.866    2.0       
21.091    3.0       
21.308    4.0       
21.549    5.0       
21.783    1.0       
22.024    2.0       
22.262    3.0       
22.478    4.0       
22.722    5.0       
22.96     1.0       
23.203    2.0       
23.426    3.0       
23.647    4.0       
23.884    5.0       
24.097    1.0       
24.336    2.0       
24.55     3.0       
24.785    4.0       
24.997    5.0       
25.209    1.0       
25.428    2.0       
25.653    3.0       
25.879    4.0       
26.109    5.0       
26.344    1.0       
26.572    2.0       
26.808    3.0       
27.022    4.0       
27.239    5.0       
27.481    1.0       
27.699    2.0       
27.938    3.0       
28.165    4.0       
28.406    5.0       
28.64     1.0       
28.87     2.0       
29.096    3.0       
29.321    4.0       
29.56     5.0       
29.786    1.0       
30.023    2.0       
30.257    3.0       
30.478    4.0       
30.695    5.0       
30.916    1.0       
31.14     2.0       
31.363    3.0       
31.602    4.0       
31.842    5.0       
32.076    1.0       
32.319    2.0       
32.561    3.0       
32.78     4.0       
32.996    5.0       
33.238    1.0       
33.459    2.0       
33.679    3.0       
33.922    4.0       
34.151    5.0       
34.378    1.0       
34.615    2.0       
34.851    3.0       
35.065    4.0       
35.286    5.0       
35.517    1.0       
35.755    2.0       
35.977    3.0       
36.207    4.0       
36.425    5.0       
36.646    1.0       
36.879    2.0       
37.114    3.0       
37.339    4.0       
37.562    5.0       
37.792    1.0       
38.008    2.0       
38.239    3.0       
38.457    4.0       
38.7      5.0       
38.941    1.0       
39.173    2.0       
39.385    3.0       
39.602    4.0       
39.83     5.0       
40.07     1.0       
40.305    2.0       
40.534    3.0       
40.752    4.0       
40.972    5.0       
41.205    1.0       
41.421    2.0       
41.662    3.0       
41.887    4.0       
42.104    5.0       
42.34     1.0       
42.556    2.0       
42.774    3.0       
43.002    4.0       
43.222    5.0       
43.453    1.0       
43.682    2.0       
43.916    3.0       
44.143    4.0       
44.381    5.0       
44.595    1.0       
44.831    2.0       
45.053    3.0       
45.28     4.0       
45.523    5.0       
45.751    1.0       
45.973    2.0       
46.196    3.0       
46.418    4.0       
46.632    5.0       
46.861    1.0       
47.077    2.0       
47.297    3.0       
47.534    4.0       
47.757    5.0       
47.975    1.0       
48.209    2.0       
48.443    3.0       
48.659    4.0       
48.894    5.0       
49.135    1.0       
49.377    2.0       
49.591    3.0       
49.82     4.0       
50.04     5.0       
