0.286     1.0       
0.61      2.0       
0.936     3.0       
1.26      4.0       
1.591     1.0       
1.922     2.0       
2.258     3.0       
2.573     4.0       
2.907     1.0       
3.222     2.0       
3.531     3.0       
3.865     4.0       
4.181     1.0       
4.519     2.0       
4.853     3.0       
5.16      4.0       
5.467     1.0       
5.785     2.0       
6.097     3.0       
6.431     4.0       
6.766     1.0       
7.09      2.0       
7.404     3.0       
7.73      4.0       
8.037     1.0       
8.372     2.0       
8.684     3.0       
8.996     4.0       
9.332     1.0       
9.658     2.0       
9.992     3.0       
10.299    4.0       
10.635    1.0       
10.962    2.0       
11.278    3.0       
11.616    4.0       
11.952    1.0       
12.286    2.0       
12.612    3.0       
12.931    4.0       
13.252    1.0       
13.561    2.0       
13.879    3.0       
14.201    4.0       
14.533    1.0       
14.869    2.0       
15.192    3.0       
15.512    4.0       
15.82     1.0       
16.145    2.0       
16.475    3.0       
16.807    4.0       
17.123    5.0       
17.453    1.0       
17.776    2.0       
18.1      3.0       
18.407    4.0       
18.733    5.0       
19.069    1.0       
19.39     2.0       
19.707    3.0       
20.027    4.0       
20.351    5.0       
20.672    1.0       
20.983    2.0       
21.299    3.0       
21.622    4.0       
21.932    5.0       
22.259    1.0       
22.574    2.0       
22.911    3.0       
23.227    4.0       
23.54     5.0       
23.877    1.0       
24.207    2.0       
24.522    3.0       
24.849    4.0       
25.182    5.0       
25.506    1.0       
25.831    2.0       
26.149    3.0       
26.482    4.0       
26.809    5.0       
27.125    1.0       
27.455    2.0       
27.791    3.0       
28.124    4.0       
28.434    5.0       
28.753    1.0       
29.065    2.0       
29.397    3.0       
29.704    4.0       
30.041    5.0       
30.361    1.0       
30.674    2.0       
30.996    3.0       
31.309    4.0       
31.617    5.0       
31.934    1.0       
32.254    2.0       
32.591    3.0       
32.916    4.0       
33.232    5.0       
33.56     1.0       
33.883    2.0       
34.206    3.0       
34.53     4.0       
34.855    5.0       
35.181    1.0       
35.517    2.0       
35.848    3.0       
36.157    4.0       
36.468    5.0       
36.805    1.0       
37.139    2.0       
37.467    3.0       
37.773    4.0       
38.091    5.0       
38.401    1.0       
38.714    2.0       
39.02     3.0       
39.358    4.0       
39.677    5.0       
39.996    1.0       
40.302    2.0       
40.638    3.0       
40.951    4.0       
41.26     5.0       
41.574    1.0       
41.898    2.0       
42.228    3.0       
42.552    4.0       
42.859    5.0       
43.189    1.0       
43.511    2.0       
43.845    3.0       
44.159    4.0       
44.494    5.0       
44.831    1.0       
45.137    2.0       
45.467    3.0       
45.805    4.0       
46.134    5.0       
46.445    1.0       
46.764    2.0       
47.08     3.0       
47.388    4.0       
47.703    5.0       
48.011    1.0       
48.333    2.0       
48.652    3.0       
48.985    4.0       
49.312    5.0       
49.638    1.0       
49.95     2.0       
50.285    3.0       
50.607    4.0       
50.922    5.0       
51.252    1.0       
51.581    2.0       
51.913    3.0       
52.234    4.0       
52.559    5.0       
52.868    1.0       
53.176    2.0       
53.501    3.0       
53.821    4.0       
54.159    5.0       
54.487    1.0       
54.794    2.0       
55.131    3.0       
55.453    4.0       
55.776    5.0       
56.114    1.0       
56.446    2.0       
56.761    3.0       
57.074    4.0       
57.383    5.0       
57.706    1.0       
58.044    2.0       
58.364    3.0       
58.682    4.0       
59.011    5.0       
59.338    1.0       
59.673    2.0       
60.009    3.0       
60.338    4.0       
60.669    5.0       
61.003    1.0       
61.312    2.0       
61.643    3.0       
61.957    4.0       
62.29     5.0       
62.628    1.0       
62.94     2.0       
63.255    3.0       
63.581    4.0       
63.899    5.0       
64.231    1.0       
64.548    2.0       
64.872    3.0       
65.2      4.0       
65.518    5.0       
65.856    1.0       
66.166    2.0       
66.487    3.0       
66.793    4.0       
67.104    5.0       
