0.246     1.0       
0.564     2.0       
0.883     3.0       
1.191     4.0       
1.525     1.0       
1.844     2.0       
2.16      3.0       
2.496     4.0       
2.816     1.0       
3.137     2.0       
3.469     3.0       
3.78      4.0       
4.117     1.0       
4.455     2.0       
4.766     3.0       
5.08      4.0       
5.39      1.0       
5.703     2.0       
6.035     3.0       
6.375     4.0       
6.687     1.0       
7.0       2.0       
7.339     3.0       
7.673     4.0       
7.983     1.0       
8.298     2.0       
8.635     3.0       
8.969     4.0       
9.29      1.0       
9.628     2.0       
9.944     3.0       
10.27     4.0       
10.581    1.0       
10.914    2.0       
11.235    3.0       
11.569    4.0       
11.895    1.0       
12.214    2.0       
12.551    3.0       
12.865    4.0       
13.191    1.0       
13.511    2.0       
13.838    3.0       
14.173    4.0       
14.507    1.0       
14.83     2.0       
15.163    3.0       
15.478    4.0       
15.795    1.0       
16.126    2.0       
16.44     3.0       
16.756    4.0       
17.066    1.0       
17.382    2.0       
17.709    3.0       
18.04     4.0       
18.372    1.0       
18.702    2.0       
19.011    3.0       
19.335    4.0       
19.668    1.0       
20.0      2.0       
20.317    3.0       
20.646    4.0       
20.961    1.0       
21.287    2.0       
21.61     3.0       
21.936    4.0       
22.263    1.0       
22.589    2.0       
22.922    3.0       
23.252    4.0       
23.571    1.0       
23.894    2.0       
24.208    3.0       
24.536    4.0       
24.856    1.0       
25.184    2.0       
25.523    3.0       
25.836    4.0       
26.148    1.0       
26.472    2.0       
26.79     3.0       
27.112    4.0       
27.427    1.0       
27.744    2.0       
28.065    3.0       
28.374    4.0       
28.686    1.0       
29.021    2.0       
29.334    3.0       
29.655    4.0       
29.981    1.0       
30.3      2.0       
30.623    3.0       
30.949    4.0       
31.276    1.0       
31.587    2.0       
31.901    3.0       
32.209    4.0       
32.532    1.0       
32.861    2.0       
33.197    3.0       
33.518    4.0       
33.832    1.0       
34.146    2.0       
34.469    3.0       
34.803    4.0       
35.119    1.0       
35.439    2.0       
35.748    3.0       
36.063    4.0       
36.376    1.0       
36.716    2.0       
37.039    3.0       
37.378    4.0       
37.693    1.0       
38.015    2.0       
38.34     3.0       
38.658    4.0       
38.976    1.0       
39.316    2.0       
39.636    3.0       
39.961    4.0       
40.29     1.0       
40.601    2.0       
40.921    3.0       
41.25     4.0       
41.565    1.0       
41.893    2.0       
42.211    3.0       
42.537    4.0       
42.855    5.0       
43.184    1.0       
43.494    2.0       
43.817    3.0       
44.136    4.0       
44.468    5.0       
44.793    1.0       
45.124    2.0       
45.452    3.0       
45.764    4.0       
46.076    5.0       
46.386    1.0       
46.724    2.0       
47.051    3.0       
47.373    4.0       
47.698    5.0       
48.032    1.0       
48.348    2.0       
48.675    3.0       
49.011    4.0       
49.323    5.0       
49.653    1.0       
49.991    2.0       
50.313    3.0       
50.641    4.0       
50.964    5.0       
51.29     1.0       
51.61     2.0       
51.949    3.0       
52.268    4.0       
52.598    5.0       
52.933    1.0       
53.248    2.0       
53.588    3.0       
53.927    4.0       
54.248    5.0       
54.577    1.0       
54.903    2.0       
55.232    3.0       
55.559    4.0       
55.877    5.0       
56.197    1.0       
56.513    2.0       
56.839    3.0       
57.158    4.0       
57.48     5.0       
57.788    1.0       
58.114    2.0       
58.434    3.0       
58.773    4.0       
59.108    5.0       
59.443    1.0       
59.758    2.0       
60.084    3.0       
60.418    4.0       
60.732    5.0       
61.048    1.0       
61.369    2.0       
61.688    3.0       
62.016    4.0       
62.346    5.0       
62.683    1.0       
63.023    2.0       
63.331    3.0       
63.649    4.0       
63.973    5.0       
64.299    1.0       
64.637    2.0       
64.963    3.0       
65.276    4.0       
65.599    5.0       
65.933    1.0       
66.262    2.0       
66.597    3.0       
66.912    4.0       
67.242    5.0       
67.571    1.0       
67.891    2.0       
68.205    3.0       
68.527    4.0       
68.835    5.0       
69.145    1.0       
69.471    2.0       
69.793    3.0       
70.122    4.0       
70.446    5.0       
70.765    1.0       
71.091    2.0       
71.424    3.0       
71.759    4.0       
72.099    5.0       
72.418    1.0       
72.736    2.0       
73.063    3.0       
73.395    4.0       
73.715    5.0       
74.031    1.0       
74.361    2.0       
74.683    3.0       
74.995    4.0       
75.329    5.0       
75.654    1.0       
75.983    2.0       
76.295    3.0       
76.611    4.0       
76.928    5.0       
77.249    1.0       
77.565    2.0       
77.901    3.0       
78.227    4.0       
78.564    5.0       
78.885    1.0       
79.201    2.0       
79.534    3.0       
79.873    4.0       
80.212    5.0       
80.547    1.0       
80.861    2.0       
81.19     3.0       
81.5      4.0       
81.833    5.0       
82.156    1.0       
82.481    2.0       
82.802    3.0       
83.112    4.0       
83.44     5.0       
83.779    1.0       
84.109    2.0       
84.426    3.0       
84.746    4.0       
85.056    5.0       
85.364    1.0       
85.68     2.0       
86.018    3.0       
86.338    4.0       
86.671    5.0       
86.996    1.0       
87.331    2.0       
87.661    3.0       
87.98     4.0       
88.298    5.0       
88.61     1.0       
88.946    2.0       
89.255    3.0       
89.565    4.0       
89.905    5.0       
90.227    1.0       
90.552    2.0       
90.868    3.0       
91.194    4.0       
91.533    5.0       
91.866    1.0       
92.18     2.0       
92.513    3.0       
92.827    4.0       
93.136    5.0       
