0.167     1.0       
0.49      2.0       
0.794     3.0       
1.122     4.0       
1.454     1.0       
1.786     2.0       
2.107     3.0       
2.423     4.0       
2.745     1.0       
3.078     2.0       
3.39      3.0       
3.712     4.0       
4.044     1.0       
4.357     2.0       
4.684     3.0       
5.004     4.0       
5.335     1.0       
5.667     2.0       
5.999     3.0       
6.303     4.0       
6.608     1.0       
6.922     2.0       
7.253     3.0       
7.582     4.0       
7.896     1.0       
8.204     2.0       
8.527     3.0       
8.863     4.0       
9.177     1.0       
9.481     2.0       
9.795     3.0       
10.106    4.0       
10.428    1.0       
10.748    2.0       
11.075    3.0       
11.403    4.0       
11.715    1.0       
12.025    2.0       
12.35     3.0       
12.679    4.0       
13.011    1.0       
13.337    2.0       
13.672    3.0       
13.989    4.0       
14.325    1.0       
14.656    2.0       
14.973    3.0       
15.285    4.0       
15.598    1.0       
15.91     2.0       
16.23     3.0       
16.551    4.0       
16.882    1.0       
17.201    2.0       
17.531    3.0       
17.858    4.0       
18.173    1.0       
18.498    2.0       
18.805    3.0       
19.135    4.0       
19.462    1.0       
19.793    2.0       
20.112    3.0       
20.431    4.0       
20.739    1.0       
21.049    2.0       
21.376    3.0       
21.704    4.0       
22.031    1.0       
22.361    2.0       
22.684    3.0       
22.994    4.0       
23.323    1.0       
23.635    2.0       
23.939    3.0       
24.272    4.0       
24.582    1.0       
24.915    2.0       
25.219    3.0       
25.547    4.0       
25.87     1.0       
26.179    2.0       
26.513    3.0       
26.845    4.0       
27.161    1.0       
27.476    2.0       
27.805    3.0       
28.123    4.0       
28.429    1.0       
28.749    2.0       
29.068    3.0       
29.399    4.0       
29.705    1.0       
30.01     2.0       
30.316    3.0       
30.63     4.0       
30.961    1.0       
31.295    2.0       
31.622    3.0       
31.94     4.0       
32.251    5.0       
32.58     1.0       
32.902    2.0       
33.218    3.0       
33.531    4.0       
33.847    5.0       
34.156    1.0       
34.484    2.0       
34.809    3.0       
35.118    4.0       
35.452    5.0       
35.771    1.0       
36.089    2.0       
36.403    3.0       
36.718    4.0       
37.023    5.0       
37.34     1.0       
37.649    2.0       
37.954    3.0       
38.26     4.0       
38.579    5.0       
38.897    1.0       
39.222    2.0       
39.551    3.0       
39.861    4.0       
40.184    5.0       
40.491    1.0       
40.802    2.0       
41.114    3.0       
41.419    4.0       
41.724    5.0       
42.039    1.0       
42.367    2.0       
42.674    3.0       
43.002    4.0       
43.316    5.0       
43.625    1.0       
43.959    2.0       
44.292    3.0       
44.621    4.0       
44.939    5.0       
45.247    1.0       
45.583    2.0       
45.904    3.0       
46.225    4.0       
46.546    5.0       
46.85     1.0       
47.17     2.0       
47.488    3.0       
47.814    4.0       
48.122    5.0       
48.437    1.0       
48.756    2.0       
49.063    3.0       
49.38     4.0       
49.691    5.0       
50.026    1.0       
50.338    2.0       
50.659    3.0       
50.988    4.0       
51.319    5.0       
51.624    1.0       
51.94     2.0       
52.249    3.0       
52.579    4.0       
52.896    5.0       
53.201    1.0       
53.53     2.0       
53.842    3.0       
54.166    4.0       
54.495    5.0       
54.818    1.0       
55.135    2.0       
55.466    3.0       
55.78     4.0       
56.115    5.0       
