0.24      1.0       
0.566     2.0       
0.893     3.0       
1.212     4.0       
1.558     1.0       
1.896     2.0       
2.225     3.0       
2.554     4.0       
2.871     1.0       
3.201     2.0       
3.521     3.0       
3.846     4.0       
4.185     1.0       
4.512     2.0       
4.84      3.0       
5.161     4.0       
5.509     1.0       
5.854     2.0       
6.18      3.0       
6.504     4.0       
6.846     1.0       
7.184     2.0       
7.515     3.0       
7.86      4.0       
8.201     1.0       
8.54      2.0       
8.856     3.0       
9.188     4.0       
9.523     1.0       
9.871     2.0       
10.203    3.0       
10.537    4.0       
10.874    1.0       
11.211    2.0       
11.529    3.0       
11.866    4.0       
12.188    1.0       
12.523    2.0       
12.853    3.0       
13.187    4.0       
13.515    1.0       
13.836    2.0       
14.183    3.0       
14.531    4.0       
14.873    1.0       
15.191    2.0       
15.511    3.0       
15.835    4.0       
16.169    1.0       
16.516    2.0       
16.839    3.0       
17.164    4.0       
17.498    1.0       
17.829    2.0       
18.17     3.0       
18.516    4.0       
18.846    1.0       
19.17     2.0       
19.506    3.0       
19.842    4.0       
20.171    1.0       
20.515    2.0       
20.86     3.0       
21.179    4.0       
21.497    1.0       
21.842    2.0       
22.187    3.0       
22.511    4.0       
22.845    5.0       
23.177    1.0       
23.517    2.0       
23.852    3.0       
24.191    4.0       
24.523    5.0       
24.839    1.0       
25.17     2.0       
25.487    3.0       
25.815    4.0       
26.161    5.0       
26.494    1.0       
26.813    2.0       
27.146    3.0       
27.489    4.0       
27.82     5.0       
28.149    1.0       
28.486    2.0       
28.832    3.0       
29.161    4.0       
29.497    5.0       
29.833    1.0       
30.17     2.0       
30.499    3.0       
30.816    4.0       
31.143    5.0       
31.475    1.0       
31.81     2.0       
32.157    3.0       
32.504    4.0       
32.839    5.0       
33.171    1.0       
33.507    2.0       
33.832    3.0       
34.159    4.0       
34.49     5.0       
34.824    1.0       
35.158    2.0       
35.494    3.0       
35.814    4.0       
36.149    5.0       
36.484    1.0       
36.83     2.0       
37.16     3.0       
37.486    4.0       
37.816    5.0       
38.153    1.0       
38.496    2.0       
38.831    3.0       
39.171    4.0       
39.518    5.0       
39.834    1.0       
40.182    2.0       
40.528    3.0       
40.86     4.0       
41.176    5.0       
