0.204     1.0       
0.525     2.0       
0.87      3.0       
1.189     4.0       
1.534     1.0       
1.852     2.0       
2.198     3.0       
2.52      4.0       
2.855     1.0       
3.202     2.0       
3.52      3.0       
3.841     4.0       
4.183     1.0       
4.527     2.0       
4.842     3.0       
5.181     4.0       
5.509     1.0       
5.828     2.0       
6.144     3.0       
6.487     4.0       
6.825     1.0       
7.143     2.0       
7.482     3.0       
7.823     4.0       
8.144     1.0       
8.462     2.0       
8.79      3.0       
9.116     4.0       
9.446     1.0       
9.789     2.0       
10.135    3.0       
10.471    4.0       
10.792    1.0       
11.119    2.0       
11.437    3.0       
11.766    4.0       
12.101    1.0       
12.416    2.0       
12.732    3.0       
13.063    4.0       
13.406    1.0       
13.748    2.0       
14.069    3.0       
14.411    4.0       
14.745    1.0       
15.081    2.0       
15.426    3.0       
15.768    4.0       
16.093    1.0       
16.433    2.0       
16.765    3.0       
17.104    4.0       
17.439    1.0       
17.781    2.0       
18.127    3.0       
18.473    4.0       
18.81     1.0       
19.157    2.0       
19.498    3.0       
19.82     4.0       
20.137    1.0       
20.483    2.0       
20.801    3.0       
21.139    4.0       
21.456    1.0       
21.786    2.0       
22.12     3.0       
22.437    4.0       
22.774    1.0       
23.1      2.0       
23.436    3.0       
23.759    4.0       
24.106    1.0       
24.429    2.0       
24.765    3.0       
25.105    4.0       
25.424    1.0       
25.754    2.0       
26.086    3.0       
26.413    4.0       
26.731    1.0       
27.067    2.0       
27.391    3.0       
27.726    4.0       
28.054    1.0       
28.392    2.0       
28.733    3.0       
29.076    4.0       
29.419    1.0       
29.758    2.0       
30.078    3.0       
30.414    4.0       
30.759    1.0       
31.078    2.0       
31.402    3.0       
31.732    4.0       
32.063    1.0       
32.383    2.0       
32.717    3.0       
33.061    4.0       
33.394    1.0       
33.732    2.0       
34.054    3.0       
34.39     4.0       
34.721    1.0       
35.05     2.0       
35.388    3.0       
35.722    4.0       
36.053    1.0       
36.37     2.0       
36.712    3.0       
37.038    4.0       
37.376    1.0       
37.709    2.0       
38.036    3.0       
38.357    4.0       
38.691    1.0       
39.006    2.0       
39.347    3.0       
39.673    4.0       
40.0      1.0       
40.325    2.0       
40.668    3.0       
41.005    4.0       
41.327    1.0       
41.654    2.0       
41.995    3.0       
42.317    4.0       
42.642    1.0       
42.958    2.0       
43.281    3.0       
43.626    4.0       
43.952    5.0       
44.289    1.0       
44.612    2.0       
44.951    3.0       
45.281    4.0       
45.612    5.0       
45.946    1.0       
46.287    2.0       
46.604    3.0       
46.942    4.0       
47.272    5.0       
47.598    1.0       
47.942    2.0       
48.262    3.0       
48.599    4.0       
48.929    5.0       
49.259    1.0       
49.6      2.0       
49.947    3.0       
50.275    4.0       
50.612    5.0       
50.931    1.0       
51.258    2.0       
51.58     3.0       
51.919    4.0       
52.259    5.0       
52.593    1.0       
52.929    2.0       
53.265    3.0       
53.581    4.0       
53.916    5.0       
54.238    1.0       
54.572    2.0       
54.893    3.0       
55.239    4.0       
55.563    5.0       
55.896    1.0       
56.235    2.0       
56.554    3.0       
56.89     4.0       
57.211    5.0       
57.53     1.0       
57.858    2.0       
58.175    3.0       
58.504    4.0       
58.84     5.0       
59.18     1.0       
59.501    2.0       
59.817    3.0       
60.143    4.0       
60.471    5.0       
60.814    1.0       
61.159    2.0       
61.493    3.0       
61.83     4.0       
62.16     5.0       
62.491    1.0       
62.826    2.0       
63.151    3.0       
63.496    4.0       
63.819    5.0       
64.137    1.0       
64.469    2.0       
64.789    3.0       
65.106    4.0       
65.439    5.0       
65.777    1.0       
66.106    2.0       
66.432    3.0       
66.755    4.0       
67.071    5.0       
67.413    1.0       
67.738    2.0       
68.055    3.0       
68.391    4.0       
68.735    5.0       
