0.206     1.0       
0.501     2.0       
0.805     3.0       
1.102     4.0       
1.409     1.0       
1.711     2.0       
2.0       3.0       
2.288     4.0       
2.605     1.0       
2.917     2.0       
3.211     3.0       
3.509     4.0       
3.803     1.0       
4.105     2.0       
4.414     3.0       
4.713     4.0       
5.012     1.0       
5.311     2.0       
5.617     3.0       
5.921     4.0       
6.218     1.0       
6.526     2.0       
6.825     3.0       
7.13      4.0       
7.429     1.0       
7.717     2.0       
8.004     3.0       
8.316     4.0       
8.627     1.0       
8.914     2.0       
9.233     3.0       
9.536     4.0       
9.849     1.0       
10.139    2.0       
10.441    3.0       
10.749    4.0       
11.061    1.0       
11.363    2.0       
11.678    3.0       
11.97     4.0       
12.288    1.0       
12.585    2.0       
12.904    3.0       
13.214    4.0       
13.51     1.0       
13.8      2.0       
14.102    3.0       
14.392    4.0       
14.69     1.0       
14.992    2.0       
15.287    3.0       
15.581    4.0       
15.899    5.0       
16.204    1.0       
16.522    2.0       
16.837    3.0       
17.149    4.0       
17.437    5.0       
17.728    1.0       
18.047    2.0       
18.345    3.0       
18.663    4.0       
18.966    5.0       
19.253    1.0       
19.54     2.0       
19.833    3.0       
20.152    4.0       
20.452    5.0       
20.753    1.0       
21.052    2.0       
21.361    3.0       
21.674    4.0       
21.991    5.0       
22.304    1.0       
22.602    2.0       
22.915    3.0       
23.22     4.0       
23.527    5.0       
23.844    1.0       
24.14     2.0       
24.431    3.0       
24.741    4.0       
25.056    5.0       
25.343    1.0       
25.661    2.0       
25.976    3.0       
26.263    4.0       
26.577    5.0       
26.875    1.0       
27.168    2.0       
27.465    3.0       
27.757    4.0       
28.068    5.0       
28.364    1.0       
28.671    2.0       
28.976    3.0       
29.282    4.0       
29.597    5.0       
29.888    1.0       
30.184    2.0       
30.487    3.0       
30.776    4.0       
31.074    5.0       
31.362    1.0       
31.665    2.0       
31.983    3.0       
32.299    4.0       
32.614    5.0       
32.913    1.0       
33.21     2.0       
33.528    3.0       
33.826    4.0       
34.127    5.0       
34.428    1.0       
34.724    2.0       
35.017    3.0       
35.33     4.0       
35.631    5.0       
35.95     1.0       
36.245    2.0       
36.557    3.0       
36.876    4.0       
37.19     5.0       
37.489    1.0       
37.794    2.0       
38.092    3.0       
38.404    4.0       
38.7      5.0       
38.998    1.0       
39.305    2.0       
39.605    3.0       
39.894    4.0       
40.197    5.0       
40.491    1.0       
40.808    2.0       
41.106    3.0       
41.397    4.0       
41.689    5.0       
41.999    1.0       
42.315    2.0       
42.634    3.0       
42.951    4.0       
43.247    5.0       
43.559    1.0       
43.875    2.0       
44.176    3.0       
44.471    4.0       
44.759    5.0       
45.075    1.0       
45.371    2.0       
45.661    3.0       
45.98     4.0       
46.282    5.0       
46.569    1.0       
46.882    2.0       
47.198    3.0       
47.49     4.0       
47.8      5.0       
48.119    1.0       
48.409    2.0       
48.703    3.0       
48.999    4.0       
49.293    5.0       
49.581    1.0       
49.895    2.0       
50.186    3.0       
50.482    4.0       
50.771    5.0       
