0.207     1.0       
0.518     2.0       
0.825     3.0       
1.136     4.0       
1.428     1.0       
1.731     2.0       
2.041     3.0       
2.33      4.0       
2.629     1.0       
2.938     2.0       
3.218     3.0       
3.519     4.0       
3.83      1.0       
4.139     2.0       
4.446     3.0       
4.741     4.0       
5.037     1.0       
5.348     2.0       
5.631     3.0       
5.938     4.0       
6.234     1.0       
6.537     2.0       
6.834     3.0       
7.137     4.0       
7.446     1.0       
7.732     2.0       
8.017     3.0       
8.326     4.0       
8.619     1.0       
8.924     2.0       
9.232     3.0       
9.518     4.0       
9.823     1.0       
10.107    2.0       
10.418    3.0       
10.706    4.0       
11.001    1.0       
11.309    2.0       
11.608    3.0       
11.89     4.0       
12.169    1.0       
12.472    2.0       
12.751    3.0       
13.032    4.0       
13.323    1.0       
13.617    2.0       
13.896    3.0       
14.193    4.0       
14.5      1.0       
14.796    2.0       
15.087    3.0       
15.378    4.0       
15.682    1.0       
15.986    2.0       
16.27     3.0       
16.554    4.0       
16.85     1.0       
17.159    2.0       
17.456    3.0       
17.76     4.0       
18.049    1.0       
18.36     2.0       
18.67     3.0       
18.952    4.0       
19.235    1.0       
19.537    2.0       
19.84     3.0       
20.131    4.0       
20.426    5.0       
20.705    1.0       
21.001    2.0       
21.283    3.0       
21.565    4.0       
21.864    5.0       
22.16     1.0       
22.447    2.0       
22.73     3.0       
23.036    4.0       
23.321    5.0       
23.607    1.0       
23.906    2.0       
24.211    3.0       
24.509    4.0       
24.802    5.0       
25.081    1.0       
25.367    2.0       
25.652    3.0       
25.962    4.0       
26.249    5.0       
26.559    1.0       
26.848    2.0       
27.158    3.0       
27.452    4.0       
27.732    5.0       
28.031    1.0       
28.318    2.0       
28.61     3.0       
28.907    4.0       
29.193    5.0       
29.481    1.0       
29.77     2.0       
30.055    3.0       
30.336    4.0       
30.637    5.0       
30.94     1.0       
31.22     2.0       
31.517    3.0       
31.8      4.0       
32.086    5.0       
32.365    1.0       
32.661    2.0       
32.971    3.0       
33.253    4.0       
33.534    5.0       
33.837    1.0       
34.131    2.0       
34.441    3.0       
34.721    4.0       
35.031    5.0       
35.323    1.0       
35.602    2.0       
35.903    3.0       
36.19     4.0       
36.48     5.0       
36.766    1.0       
37.055    2.0       
37.349    3.0       
37.648    4.0       
37.953    5.0       
38.243    1.0       
38.537    2.0       
38.825    3.0       
39.12     4.0       
39.401    5.0       
39.701    1.0       
40.012    2.0       
40.295    3.0       
40.601    4.0       
40.911    5.0       
41.214    1.0       
41.519    2.0       
41.809    3.0       
42.107    4.0       
42.392    5.0       
42.688    1.0       
42.986    2.0       
43.28     3.0       
43.586    4.0       
43.87     5.0       
44.18     1.0       
44.47     2.0       
44.765    3.0       
45.044    4.0       
45.338    5.0       
45.639    1.0       
45.927    2.0       
46.209    3.0       
46.498    4.0       
46.803    5.0       
47.089    1.0       
47.383    2.0       
47.689    3.0       
47.976    4.0       
48.27     5.0       
