0.275     1.0       
0.494     2.0       
0.713     3.0       
0.93      4.0       
1.144     1.0       
1.379     2.0       
1.611     3.0       
1.826     4.0       
2.038     1.0       
2.249     2.0       
2.461     3.0       
2.694     4.0       
2.898     1.0       
3.116     2.0       
3.32      3.0       
3.532     4.0       
3.746     1.0       
3.966     2.0       
4.169     3.0       
4.399     4.0       
4.613     1.0       
4.843     2.0       
5.058     3.0       
5.261     4.0       
5.474     1.0       
5.684     2.0       
5.915     3.0       
6.126     4.0       
6.353     1.0       
6.559     2.0       
6.789     3.0       
7.024     4.0       
7.248     1.0       
7.477     2.0       
7.702     3.0       
7.937     4.0       
8.154     1.0       
8.374     2.0       
8.609     3.0       
8.842     4.0       
9.056     1.0       
9.285     2.0       
9.494     3.0       
9.702     4.0       
9.917     1.0       
10.147    2.0       
10.368    3.0       
10.578    4.0       
10.803    1.0       
11.027    2.0       
11.257    3.0       
11.488    4.0       
11.695    1.0       
11.903    2.0       
12.107    3.0       
12.327    4.0       
12.561    1.0       
12.77     2.0       
13.003    3.0       
13.237    4.0       
13.444    1.0       
13.673    2.0       
13.898    3.0       
14.112    4.0       
14.32     1.0       
14.542    2.0       
14.752    3.0       
14.978    4.0       
15.207    1.0       
15.432    2.0       
15.665    3.0       
15.89     4.0       
16.099    1.0       
16.305    2.0       
16.51     3.0       
16.716    4.0       
16.922    1.0       
17.155    2.0       
17.374    3.0       
17.603    4.0       
17.813    1.0       
18.044    2.0       
18.279    3.0       
18.496    4.0       
18.713    5.0       
18.942    1.0       
19.15     2.0       
19.378    3.0       
19.59     4.0       
19.818    5.0       
20.042    1.0       
20.253    2.0       
20.481    3.0       
20.696    4.0       
20.915    5.0       
21.121    1.0       
21.352    2.0       
21.581    3.0       
21.8      4.0       
22.019    5.0       
22.227    1.0       
22.439    2.0       
22.674    3.0       
22.905    4.0       
23.11     5.0       
23.318    1.0       
23.529    2.0       
23.759    3.0       
23.965    4.0       
24.169    5.0       
24.395    1.0       
24.625    2.0       
24.838    3.0       
25.069    4.0       
25.29     5.0       
25.507    1.0       
25.713    2.0       
25.937    3.0       
26.152    4.0       
26.362    5.0       
26.583    1.0       
26.804    2.0       
27.023    3.0       
27.244    4.0       
27.46     5.0       
27.673    1.0       
27.89     2.0       
28.12     3.0       
28.337    4.0       
28.56     5.0       
28.793    1.0       
29.006    2.0       
29.216    3.0       
29.427    4.0       
29.651    5.0       
29.864    1.0       
30.086    2.0       
30.3      3.0       
30.525    4.0       
30.751    5.0       
30.964    1.0       
31.198    2.0       
31.424    3.0       
31.634    4.0       
31.865    5.0       
32.087    1.0       
32.312    2.0       
32.539    3.0       
32.771    4.0       
32.993    5.0       
33.221    1.0       
33.44     2.0       
33.673    3.0       
33.907    4.0       
34.136    5.0       
34.362    1.0       
34.572    2.0       
34.805    3.0       
35.016    4.0       
35.238    5.0       
