0.145     1.0       
0.405     2.0       
0.658     3.0       
0.922     4.0       
1.171     1.0       
1.412     2.0       
1.661     3.0       
1.913     4.0       
2.152     1.0       
2.405     2.0       
2.654     3.0       
2.892     4.0       
3.155     1.0       
3.392     2.0       
3.625     3.0       
3.886     4.0       
4.142     1.0       
4.376     2.0       
4.638     3.0       
4.896     4.0       
5.135     1.0       
5.378     2.0       
5.638     3.0       
5.878     4.0       
6.131     1.0       
6.395     2.0       
6.647     3.0       
6.904     4.0       
7.151     1.0       
7.406     2.0       
7.645     3.0       
7.896     4.0       
8.157     1.0       
8.39      2.0       
8.643     3.0       
8.892     4.0       
9.148     1.0       
9.395     2.0       
9.65      3.0       
9.887     4.0       
10.122    1.0       
10.357    2.0       
10.611    3.0       
10.85     4.0       
11.099    1.0       
11.333    2.0       
11.566    3.0       
11.801    4.0       
12.064    1.0       
12.299    2.0       
12.554    3.0       
12.801    4.0       
13.065    1.0       
13.329    2.0       
13.571    3.0       
13.826    4.0       
14.077    1.0       
14.314    2.0       
14.549    3.0       
14.789    4.0       
15.042    1.0       
15.286    2.0       
15.521    3.0       
15.785    4.0       
16.038    1.0       
16.272    2.0       
16.517    3.0       
16.757    4.0       
17.0      1.0       
17.242    2.0       
17.498    3.0       
17.746    4.0       
18.001    1.0       
18.237    2.0       
18.484    3.0       
18.738    4.0       
18.97     1.0       
19.225    2.0       
19.471    3.0       
19.726    4.0       
19.961    1.0       
20.194    2.0       
20.439    3.0       
20.679    4.0       
20.919    1.0       
21.151    2.0       
21.388    3.0       
21.648    4.0       
21.901    1.0       
22.134    2.0       
22.368    3.0       
22.618    4.0       
22.874    1.0       
23.135    2.0       
23.373    3.0       
23.633    4.0       
23.886    1.0       
24.118    2.0       
24.363    3.0       
24.617    4.0       
24.861    1.0       
25.102    2.0       
25.336    3.0       
25.594    4.0       
25.84     1.0       
26.081    2.0       
26.336    3.0       
26.58     4.0       
26.827    1.0       
27.072    2.0       
27.309    3.0       
27.567    4.0       
27.825    1.0       
28.071    2.0       
28.326    3.0       
28.583    4.0       
28.83     1.0       
29.063    2.0       
29.307    3.0       
29.55     4.0       
29.782    1.0       
30.024    2.0       
30.284    3.0       
30.542    4.0       
30.776    1.0       
31.012    2.0       
31.275    3.0       
31.527    4.0       
31.773    1.0       
32.034    2.0       
32.288    3.0       
32.524    4.0       
32.785    5.0       
33.042    1.0       
33.287    2.0       
33.536    3.0       
33.8      4.0       
34.041    5.0       
34.3      1.0       
34.557    2.0       
34.801    3.0       
35.033    4.0       
35.274    5.0       
35.524    1.0       
35.775    2.0       
36.035    3.0       
36.269    4.0       
36.518    5.0       
36.762    1.0       
37.001    2.0       
37.258    3.0       
37.492    4.0       
37.743    5.0       
37.984    1.0       
38.237    2.0       
38.477    3.0       
38.732    4.0       
38.971    5.0       
39.21     1.0       
39.474    2.0       
39.73     3.0       
39.971    4.0       
40.235    5.0       
40.477    1.0       
40.728    2.0       
40.982    3.0       
41.22     4.0       
41.463    5.0       
