0.171     1.0       
0.423     2.0       
0.691     3.0       
0.965     4.0       
1.218     1.0       
1.487     2.0       
1.737     3.0       
1.993     4.0       
2.259     1.0       
2.506     2.0       
2.767     3.0       
3.025     4.0       
3.291     1.0       
3.543     2.0       
3.799     3.0       
4.051     4.0       
4.328     1.0       
4.59      2.0       
4.846     3.0       
5.092     4.0       
5.345     1.0       
5.602     2.0       
5.863     3.0       
6.141     4.0       
6.405     1.0       
6.674     2.0       
6.92      3.0       
7.194     4.0       
7.47      1.0       
7.747     2.0       
8.015     3.0       
8.263     4.0       
8.537     1.0       
8.807     2.0       
9.055     3.0       
9.328     4.0       
9.593     5.0       
9.853     1.0       
10.099    2.0       
10.351    3.0       
10.6      4.0       
10.866    5.0       
11.112    1.0       
11.383    2.0       
11.658    3.0       
11.934    4.0       
12.184    5.0       
12.46     1.0       
12.71     2.0       
12.983    3.0       
13.231    4.0       
13.494    5.0       
13.746    1.0       
14.013    2.0       
14.284    3.0       
14.553    4.0       
14.829    5.0       
15.104    1.0       
15.353    2.0       
15.607    3.0       
15.868    4.0       
16.133    5.0       
16.411    1.0       
16.688    2.0       
16.938    3.0       
17.216    4.0       
17.47     5.0       
17.732    1.0       
17.992    2.0       
18.264    3.0       
18.521    4.0       
18.779    5.0       
