0.297     1.0       
0.494     2.0       
0.695     3.0       
0.91      4.0       
1.106     1.0       
1.314     2.0       
1.509     3.0       
1.712     4.0       
1.912     1.0       
2.115     2.0       
2.314     3.0       
2.519     4.0       
2.733     1.0       
2.93      2.0       
3.147     3.0       
3.356     4.0       
3.555     1.0       
3.774     2.0       
3.969     3.0       
4.165     4.0       
4.382     1.0       
4.579     2.0       
4.794     3.0       
5.009     4.0       
5.219     1.0       
5.428     2.0       
5.623     3.0       
5.838     4.0       
6.04      1.0       
6.252     2.0       
6.459     3.0       
6.671     4.0       
6.875     1.0       
7.093     2.0       
7.297     3.0       
7.501     4.0       
7.704     1.0       
7.917     2.0       
8.119     3.0       
8.319     4.0       
8.525     1.0       
8.736     2.0       
8.93      3.0       
9.141     4.0       
9.345     1.0       
9.548     2.0       
9.76      3.0       
9.956     4.0       
10.146    1.0       
10.348    2.0       
10.564    3.0       
10.756    4.0       
10.952    1.0       
11.161    2.0       
11.364    3.0       
11.583    4.0       
11.778    1.0       
11.969    2.0       
12.187    3.0       
12.381    4.0       
12.583    1.0       
12.8      2.0       
13.004    3.0       
13.21     4.0       
13.418    1.0       
13.608    2.0       
13.819    3.0       
14.038    4.0       
14.229    1.0       
14.418    2.0       
14.619    3.0       
14.811    4.0       
15.016    1.0       
15.226    2.0       
15.445    3.0       
15.636    4.0       
15.833    1.0       
16.028    2.0       
16.246    3.0       
16.447    4.0       
16.662    1.0       
16.85     2.0       
17.052    3.0       
17.243    4.0       
17.431    5.0       
17.641    1.0       
17.86     2.0       
18.059    3.0       
18.276    4.0       
18.491    5.0       
18.707    1.0       
18.925    2.0       
19.12     3.0       
19.319    4.0       
19.512    5.0       
19.705    1.0       
19.924    2.0       
20.119    3.0       
20.325    4.0       
20.541    5.0       
20.729    1.0       
20.946    2.0       
21.146    3.0       
21.366    4.0       
21.564    5.0       
21.758    1.0       
21.956    2.0       
22.158    3.0       
22.378    4.0       
22.595    5.0       
22.789    1.0       
22.988    2.0       
23.204    3.0       
23.399    4.0       
23.613    5.0       
23.82     1.0       
24.04     2.0       
24.235    3.0       
24.427    4.0       
24.632    5.0       
24.826    1.0       
25.014    2.0       
25.215    3.0       
25.416    4.0       
25.622    5.0       
25.823    1.0       
26.043    2.0       
26.262    3.0       
26.452    4.0       
26.656    5.0       
26.871    1.0       
27.063    2.0       
27.267    3.0       
27.455    4.0       
27.657    5.0       
27.876    1.0       
28.094    2.0       
28.312    3.0       
28.531    4.0       
28.745    5.0       
28.955    1.0       
29.163    2.0       
29.361    3.0       
29.553    4.0       
29.76     5.0       
29.97     1.0       
30.184    2.0       
30.376    3.0       
30.574    4.0       
30.768    5.0       
30.96     1.0       
31.149    2.0       
31.363    3.0       
31.558    4.0       
31.768    5.0       
31.978    1.0       
32.196    2.0       
32.412    3.0       
32.601    4.0       
32.793    5.0       
32.981    1.0       
33.19     2.0       
33.402    3.0       
33.594    4.0       
33.786    5.0       
33.981    1.0       
34.171    2.0       
34.373    3.0       
34.592    4.0       
34.787    5.0       
34.976    1.0       
35.176    2.0       
35.364    3.0       
35.568    4.0       
35.761    5.0       
35.96     1.0       
36.168    2.0       
36.372    3.0       
36.577    4.0       
36.796    5.0       
37.013    1.0       
37.227    2.0       
37.433    3.0       
37.636    4.0       
37.831    5.0       
38.034    1.0       
38.227    2.0       
38.443    3.0       
38.65     4.0       
38.851    5.0       
39.063    1.0       
39.257    2.0       
39.448    3.0       
39.644    4.0       
39.862    5.0       
40.059    1.0       
40.276    2.0       
40.492    3.0       
40.686    4.0       
40.874    5.0       
