0.261     1.0       
0.534     2.0       
0.788     3.0       
1.041     4.0       
1.312     1.0       
1.584     2.0       
1.862     3.0       
2.129     4.0       
2.394     1.0       
2.667     2.0       
2.944     3.0       
3.221     4.0       
3.477     1.0       
3.734     2.0       
3.996     3.0       
4.259     4.0       
4.529     1.0       
4.803     2.0       
5.063     3.0       
5.325     4.0       
5.574     1.0       
5.846     2.0       
6.125     3.0       
6.391     4.0       
6.644     1.0       
6.892     2.0       
7.155     3.0       
7.404     4.0       
7.653     1.0       
7.917     2.0       
8.171     3.0       
8.439     4.0       
8.706     1.0       
8.972     2.0       
9.231     3.0       
9.508     4.0       
9.78      1.0       
10.029    2.0       
10.279    3.0       
10.53     4.0       
10.78     1.0       
11.037    2.0       
11.31     3.0       
11.576    4.0       
11.834    1.0       
12.112    2.0       
12.388    3.0       
12.657    4.0       
12.924    1.0       
13.194    2.0       
13.449    3.0       
13.717    4.0       
13.973    5.0       
14.237    1.0       
14.511    2.0       
14.78     3.0       
15.032    4.0       
15.296    5.0       
15.558    1.0       
15.81     2.0       
16.071    3.0       
16.329    4.0       
16.589    5.0       
16.839    1.0       
17.109    2.0       
17.363    3.0       
17.63     4.0       
17.878    5.0       
18.134    1.0       
18.407    2.0       
18.684    3.0       
18.948    4.0       
19.201    5.0       
19.473    1.0       
19.731    2.0       
20.003    3.0       
20.257    4.0       
20.515    5.0       
20.781    1.0       
21.044    2.0       
21.3      3.0       
21.574    4.0       
21.852    5.0       
22.108    1.0       
22.357    2.0       
22.633    3.0       
22.902    4.0       
23.168    5.0       
23.427    1.0       
23.683    2.0       
23.953    3.0       
24.22     4.0       
24.472    5.0       
24.721    1.0       
24.987    2.0       
25.244    3.0       
25.523    4.0       
25.786    5.0       
26.053    1.0       
26.331    2.0       
26.591    3.0       
26.852    4.0       
27.102    5.0       
27.363    1.0       
27.621    2.0       
27.898    3.0       
28.169    4.0       
28.442    5.0       
28.704    1.0       
28.96     2.0       
29.232    3.0       
29.501    4.0       
29.769    5.0       
30.036    1.0       
30.289    2.0       
30.548    3.0       
30.802    4.0       
31.057    5.0       
31.317    1.0       
31.59     2.0       
31.839    3.0       
32.102    4.0       
32.358    5.0       
32.619    1.0       
32.885    2.0       
33.161    3.0       
33.44     4.0       
33.71     5.0       
33.962    1.0       
34.22     2.0       
34.468    3.0       
34.732    4.0       
35.0      5.0       
35.267    1.0       
35.526    2.0       
35.802    3.0       
36.067    4.0       
36.315    5.0       
36.58     1.0       
36.851    2.0       
37.099    3.0       
37.363    4.0       
37.61     5.0       
37.87     1.0       
38.131    2.0       
38.404    3.0       
38.662    4.0       
38.911    5.0       
39.176    1.0       
39.439    2.0       
39.717    3.0       
39.981    4.0       
40.245    5.0       
40.511    1.0       
40.773    2.0       
41.05     3.0       
41.318    4.0       
41.583    5.0       
41.843    1.0       
42.093    2.0       
42.356    3.0       
42.608    4.0       
42.864    5.0       
43.143    1.0       
43.4      2.0       
43.649    3.0       
43.899    4.0       
44.175    5.0       
