0.248     1.0       
0.563     2.0       
0.866     3.0       
1.173     4.0       
1.48      1.0       
1.802     2.0       
2.133     3.0       
2.437     4.0       
2.762     1.0       
3.07      2.0       
3.369     3.0       
3.69      4.0       
4.006     1.0       
4.316     2.0       
4.634     3.0       
4.933     4.0       
5.255     1.0       
5.579     2.0       
5.901     3.0       
6.21      4.0       
6.538     1.0       
6.842     2.0       
7.142     3.0       
7.464     4.0       
7.784     1.0       
8.094     2.0       
8.411     3.0       
8.725     4.0       
9.034     1.0       
9.344     2.0       
9.652     3.0       
9.955     4.0       
10.284    1.0       
10.594    2.0       
10.925    3.0       
11.227    4.0       
11.548    1.0       
11.856    2.0       
12.158    3.0       
12.477    4.0       
12.798    1.0       
13.115    2.0       
13.441    3.0       
13.772    4.0       
14.078    1.0       
14.404    2.0       
14.704    3.0       
15.026    4.0       
15.336    1.0       
15.652    2.0       
15.983    3.0       
16.291    4.0       
16.601    5.0       
16.905    1.0       
17.214    2.0       
17.535    3.0       
17.853    4.0       
18.172    5.0       
18.495    1.0       
18.805    2.0       
19.113    3.0       
19.423    4.0       
19.74     5.0       
20.07     1.0       
20.372    2.0       
20.703    3.0       
21.016    4.0       
21.319    5.0       
21.622    1.0       
21.946    2.0       
22.274    3.0       
22.598    4.0       
22.903    5.0       
23.227    1.0       
23.532    2.0       
23.852    3.0       
24.183    4.0       
24.488    5.0       
24.799    1.0       
25.116    2.0       
25.443    3.0       
25.774    4.0       
26.085    5.0       
26.409    1.0       
26.73     2.0       
27.046    3.0       
27.365    4.0       
27.687    5.0       
27.994    1.0       
28.315    2.0       
28.626    3.0       
28.928    4.0       
29.256    5.0       
29.587    1.0       
29.918    2.0       
30.218    3.0       
30.536    4.0       
30.862    5.0       
31.184    1.0       
31.485    2.0       
31.801    3.0       
32.124    4.0       
32.44     5.0       
32.745    1.0       
33.053    2.0       
33.355    3.0       
33.683    4.0       
34.003    5.0       
34.331    1.0       
34.652    2.0       
34.976    3.0       
35.299    4.0       
35.602    5.0       
35.921    1.0       
36.234    2.0       
36.544    3.0       
36.845    4.0       
37.156    5.0       
37.481    1.0       
37.8      2.0       
38.121    3.0       
38.444    4.0       
38.746    5.0       
39.067    1.0       
39.368    2.0       
39.694    3.0       
40.018    4.0       
40.323    5.0       
40.631    1.0       
40.94     2.0       
41.249    3.0       
41.576    4.0       
41.876    5.0       
42.2      1.0       
42.519    2.0       
42.82     3.0       
43.131    4.0       
43.459    5.0       
43.759    1.0       
44.069    2.0       
44.393    3.0       
44.699    4.0       
45.016    5.0       
45.331    1.0       
45.661    2.0       
45.96     3.0       
46.26     4.0       
46.561    5.0       
