0.281     1.0       
0.565     2.0       
0.847     3.0       
1.137     4.0       
1.431     1.0       
1.728     2.0       
2.007     3.0       
2.277     4.0       
2.554     1.0       
2.823     2.0       
3.102     3.0       
3.376     4.0       
3.671     1.0       
3.944     2.0       
4.23      3.0       
4.505     4.0       
4.785     1.0       
5.081     2.0       
5.373     3.0       
5.646     4.0       
5.915     1.0       
6.196     2.0       
6.472     3.0       
6.765     4.0       
7.047     1.0       
7.324     2.0       
7.592     3.0       
7.868     4.0       
8.144     1.0       
8.439     2.0       
8.716     3.0       
9.009     4.0       
9.301     1.0       
9.576     2.0       
9.868     3.0       
10.138    4.0       
10.41     1.0       
10.691    2.0       
10.987    3.0       
11.271    4.0       
11.54     1.0       
11.818    2.0       
12.094    3.0       
12.39     4.0       
12.684    1.0       
12.963    2.0       
13.243    3.0       
13.517    4.0       
13.816    1.0       
14.085    2.0       
14.364    3.0       
14.648    4.0       
14.944    1.0       
15.233    2.0       
15.506    3.0       
15.774    4.0       
16.068    1.0       
16.338    2.0       
16.611    3.0       
16.893    4.0       
17.17     1.0       
17.448    2.0       
17.744    3.0       
18.016    4.0       
18.289    1.0       
18.558    2.0       
18.85     3.0       
19.149    4.0       
19.438    1.0       
19.705    2.0       
19.989    3.0       
20.287    4.0       
20.586    1.0       
20.866    2.0       
21.154    3.0       
21.428    4.0       
21.701    1.0       
21.992    2.0       
22.269    3.0       
22.538    4.0       
22.812    1.0       
23.111    2.0       
23.395    3.0       
23.672    4.0       
23.949    5.0       
24.247    1.0       
24.525    2.0       
24.799    3.0       
25.074    4.0       
25.368    5.0       
25.658    1.0       
25.951    2.0       
26.247    3.0       
26.518    4.0       
26.816    5.0       
27.094    1.0       
27.366    2.0       
27.64     3.0       
27.914    4.0       
28.205    5.0       
28.477    1.0       
28.767    2.0       
29.044    3.0       
29.335    4.0       
29.61     5.0       
29.891    1.0       
30.178    2.0       
30.46     3.0       
30.75     4.0       
31.018    5.0       
31.31     1.0       
31.602    2.0       
31.888    3.0       
32.159    4.0       
32.447    5.0       
32.729    1.0       
33.02     2.0       
33.291    3.0       
33.57     4.0       
33.853    5.0       
