0.151     1.0       
0.482     2.0       
0.809     3.0       
1.133     4.0       
1.475     1.0       
1.815     2.0       
2.159     3.0       
2.489     4.0       
2.811     1.0       
3.14      2.0       
3.486     3.0       
3.811     4.0       
4.148     1.0       
4.478     2.0       
4.828     3.0       
5.172     4.0       
5.498     1.0       
5.838     2.0       
6.159     3.0       
6.509     4.0       
6.834     1.0       
7.179     2.0       
7.525     3.0       
7.847     4.0       
8.193     1.0       
8.521     2.0       
8.858     3.0       
9.196     4.0       
9.535     1.0       
9.866     2.0       
10.21     3.0       
10.558    4.0       
10.903    1.0       
11.239    2.0       
11.587    3.0       
11.921    4.0       
12.257    1.0       
12.584    2.0       
12.928    3.0       
13.264    4.0       
13.607    1.0       
13.945    2.0       
14.268    3.0       
14.597    4.0       
14.92     1.0       
15.262    2.0       
15.597    3.0       
15.922    4.0       
16.252    1.0       
16.589    2.0       
16.916    3.0       
17.261    4.0       
17.607    1.0       
17.958    2.0       
18.278    3.0       
18.614    4.0       
18.948    1.0       
19.286    2.0       
19.626    3.0       
19.976    4.0       
20.302    1.0       
20.633    2.0       
20.955    3.0       
21.295    4.0       
21.622    1.0       
21.951    2.0       
22.294    3.0       
22.643    4.0       
22.993    1.0       
23.319    2.0       
23.651    3.0       
23.978    4.0       
24.298    1.0       
24.634    2.0       
24.967    3.0       
25.29     4.0       
25.641    1.0       
25.973    2.0       
26.299    3.0       
26.62     4.0       
26.968    1.0       
27.31     2.0       
27.636    3.0       
27.974    4.0       
28.306    5.0       
28.63     1.0       
28.959    2.0       
29.297    3.0       
29.635    4.0       
29.963    5.0       
30.307    1.0       
30.636    2.0       
30.977    3.0       
31.307    4.0       
31.642    5.0       
31.988    1.0       
32.32     2.0       
32.671    3.0       
32.995    4.0       
33.328    5.0       
33.651    1.0       
33.974    2.0       
34.306    3.0       
34.651    4.0       
34.975    5.0       
35.311    1.0       
35.637    2.0       
35.975    3.0       
36.31     4.0       
36.66     5.0       
36.987    1.0       
37.314    2.0       
37.664    3.0       
38.015    4.0       
38.367    5.0       
38.71     1.0       
39.054    2.0       
39.4      3.0       
39.735    4.0       
40.071    5.0       
40.392    1.0       
40.729    2.0       
41.068    3.0       
41.405    4.0       
41.728    5.0       
42.072    1.0       
42.414    2.0       
42.759    3.0       
43.1      4.0       
43.441    5.0       
43.761    1.0       
44.1      2.0       
44.443    3.0       
44.794    4.0       
45.123    5.0       
45.463    1.0       
45.789    2.0       
46.132    3.0       
46.456    4.0       
46.803    5.0       
47.136    1.0       
47.48     2.0       
47.812    3.0       
48.135    4.0       
48.461    5.0       
48.793    1.0       
49.126    2.0       
49.447    3.0       
49.788    4.0       
50.13     5.0       
50.46     1.0       
50.792    2.0       
51.129    3.0       
51.472    4.0       
51.803    5.0       
52.151    1.0       
52.479    2.0       
52.814    3.0       
53.164    4.0       
53.491    5.0       
