0.214     1.0       
0.433     2.0       
0.656     3.0       
0.873     4.0       
1.073     1.0       
1.292     2.0       
1.524     3.0       
1.756     4.0       
1.974     1.0       
2.206     2.0       
2.422     3.0       
2.622     4.0       
2.823     1.0       
3.025     2.0       
3.23      3.0       
3.457     4.0       
3.674     1.0       
3.891     2.0       
4.093     3.0       
4.302     4.0       
4.513     1.0       
4.743     2.0       
4.959     3.0       
5.184     4.0       
5.41      1.0       
5.62      2.0       
5.827     3.0       
6.041     4.0       
6.249     1.0       
6.461     2.0       
6.669     3.0       
6.897     4.0       
7.113     1.0       
7.32      2.0       
7.54      3.0       
7.771     4.0       
8.002     1.0       
8.224     2.0       
8.444     3.0       
8.668     4.0       
8.896     1.0       
9.127     2.0       
9.357     3.0       
9.579     4.0       
9.784     1.0       
10.003    2.0       
10.228    3.0       
10.45     4.0       
10.659    1.0       
10.863    2.0       
11.073    3.0       
11.298    4.0       
11.521    1.0       
11.728    2.0       
11.954    3.0       
12.172    4.0       
12.372    1.0       
12.594    2.0       
12.808    3.0       
13.013    4.0       
13.227    1.0       
13.43     2.0       
13.654    3.0       
13.873    4.0       
14.084    1.0       
14.298    2.0       
14.509    3.0       
14.73     4.0       
14.955    1.0       
15.187    2.0       
15.393    3.0       
15.617    4.0       
15.827    1.0       
16.033    2.0       
16.262    3.0       
16.479    4.0       
16.686    1.0       
16.89     2.0       
17.097    3.0       
17.314    4.0       
17.526    1.0       
17.729    2.0       
17.96     3.0       
18.185    4.0       
18.402    1.0       
18.61     2.0       
18.835    3.0       
19.045    4.0       
19.257    1.0       
19.465    2.0       
19.669    3.0       
19.872    4.0       
20.083    1.0       
20.29     2.0       
20.494    3.0       
20.721    4.0       
20.943    1.0       
21.151    2.0       
21.365    3.0       
21.591    4.0       
21.809    1.0       
22.013    2.0       
22.224    3.0       
22.452    4.0       
22.67     1.0       
22.886    2.0       
23.116    3.0       
23.337    4.0       
23.544    1.0       
23.772    2.0       
23.986    3.0       
24.193    4.0       
24.418    1.0       
24.624    2.0       
24.84     3.0       
25.068    4.0       
25.28     5.0       
25.506    1.0       
25.733    2.0       
25.943    3.0       
26.174    4.0       
26.379    5.0       
26.591    1.0       
26.795    2.0       
27.021    3.0       
27.249    4.0       
27.455    5.0       
27.671    1.0       
27.894    2.0       
28.102    3.0       
28.334    4.0       
28.544    5.0       
28.745    1.0       
28.967    2.0       
29.189    3.0       
29.392    4.0       
29.607    5.0       
29.822    1.0       
30.03     2.0       
30.242    3.0       
30.454    4.0       
30.656    5.0       
30.857    1.0       
31.085    2.0       
31.314    3.0       
31.54     4.0       
31.742    5.0       
31.974    1.0       
32.182    2.0       
32.413    3.0       
32.643    4.0       
32.864    5.0       
33.064    1.0       
33.291    2.0       
33.516    3.0       
33.737    4.0       
33.954    5.0       
34.184    1.0       
34.387    2.0       
34.615    3.0       
34.827    4.0       
35.029    5.0       
35.248    1.0       
35.471    2.0       
35.689    3.0       
35.913    4.0       
36.123    5.0       
36.337    1.0       
36.563    2.0       
36.795    3.0       
37.001    4.0       
37.205    5.0       
37.409    1.0       
37.611    2.0       
37.835    3.0       
38.047    4.0       
38.26     5.0       
38.46     1.0       
38.662    2.0       
38.887    3.0       
39.099    4.0       
39.323    5.0       
39.526    1.0       
39.747    2.0       
39.972    3.0       
40.175    4.0       
40.392    5.0       
40.606    1.0       
40.808    2.0       
41.009    3.0       
41.24     4.0       
41.472    5.0       
41.686    1.0       
41.913    2.0       
42.129    3.0       
42.357    4.0       
42.574    5.0       
42.775    1.0       
42.985    2.0       
43.216    3.0       
43.416    4.0       
43.626    5.0       
43.844    1.0       
44.057    2.0       
44.274    3.0       
44.495    4.0       
44.699    5.0       
44.914    1.0       
45.116    2.0       
45.33     3.0       
45.558    4.0       
45.758    5.0       
45.958    1.0       
46.161    2.0       
46.369    3.0       
46.574    4.0       
46.788    5.0       
47.009    1.0       
47.232    2.0       
47.447    3.0       
47.668    4.0       
47.888    5.0       
48.113    1.0       
48.328    2.0       
48.554    3.0       
48.778    4.0       
49.005    5.0       
49.223    1.0       
49.45     2.0       
49.682    3.0       
49.884    4.0       
50.09     5.0       
50.314    1.0       
50.544    2.0       
50.768    3.0       
50.97     4.0       
51.193    5.0       
51.401    1.0       
51.628    2.0       
51.845    3.0       
52.066    4.0       
52.281    5.0       
52.497    1.0       
52.716    2.0       
52.947    3.0       
53.178    4.0       
53.395    5.0       
53.621    1.0       
53.841    2.0       
54.061    3.0       
54.292    4.0       
54.517    5.0       
54.719    1.0       
54.949    2.0       
55.16     3.0       
55.379    4.0       
55.61     5.0       
55.816    1.0       
56.018    2.0       
56.219    3.0       
56.45     4.0       
56.652    5.0       
56.87     1.0       
57.071    2.0       
57.301    3.0       
57.52     4.0       
57.751    5.0       
57.958    1.0       
58.173    2.0       
58.387    3.0       
58.607    4.0       
58.836    5.0       
