0.247     1.0       
0.56      2.0       
0.856     3.0       
1.169     4.0       
1.469     1.0       
1.76      2.0       
2.059     3.0       
2.362     4.0       
2.66      1.0       
2.975     2.0       
3.261     3.0       
3.574     4.0       
3.879     1.0       
4.182     2.0       
4.498     3.0       
4.788     4.0       
5.091     1.0       
5.4       2.0       
5.693     3.0       
5.992     4.0       
6.293     1.0       
6.608     2.0       
6.918     3.0       
7.233     4.0       
7.519     1.0       
7.809     2.0       
8.113     3.0       
8.426     4.0       
8.737     1.0       
9.04      2.0       
9.327     3.0       
9.645     4.0       
9.949     1.0       
10.264    2.0       
10.571    3.0       
10.872    4.0       
11.167    1.0       
11.466    2.0       
11.764    3.0       
12.074    4.0       
12.391    1.0       
12.69     2.0       
12.991    3.0       
13.294    4.0       
13.589    1.0       
13.901    2.0       
14.217    3.0       
14.514    4.0       
14.811    1.0       
15.122    2.0       
15.41     3.0       
15.715    4.0       
16.017    1.0       
16.333    2.0       
16.65     3.0       
16.968    4.0       
17.259    1.0       
17.557    2.0       
17.851    3.0       
18.137    4.0       
18.448    1.0       
18.75     2.0       
19.054    3.0       
19.369    4.0       
19.662    1.0       
19.95     2.0       
20.236    3.0       
20.545    4.0       
20.835    1.0       
21.136    2.0       
21.437    3.0       
21.752    4.0       
22.038    1.0       
22.341    2.0       
22.644    3.0       
22.956    4.0       
23.253    1.0       
23.57     2.0       
23.879    3.0       
24.189    4.0       
24.491    1.0       
24.793    2.0       
25.093    3.0       
25.382    4.0       
25.679    1.0       
25.993    2.0       
26.306    3.0       
26.604    4.0       
26.905    1.0       
27.219    2.0       
27.519    3.0       
27.829    4.0       
28.117    1.0       
28.413    2.0       
28.726    3.0       
29.041    4.0       
29.347    1.0       
29.663    2.0       
29.973    3.0       
30.286    4.0       
30.581    1.0       
30.886    2.0       
31.204    3.0       
31.496    4.0       
31.796    1.0       
32.113    2.0       
32.404    3.0       
32.715    4.0       
33.025    1.0       
33.337    2.0       
33.643    3.0       
33.946    4.0       
34.26     1.0       
34.572    2.0       
34.87     3.0       
35.181    4.0       
35.477    1.0       
35.787    2.0       
36.099    3.0       
36.404    4.0       
36.703    1.0       
36.992    2.0       
37.295    3.0       
37.602    4.0       
37.903    1.0       
38.216    2.0       
38.507    3.0       
38.814    4.0       
39.114    1.0       
39.421    2.0       
39.717    3.0       
40.025    4.0       
40.316    5.0       
40.605    1.0       
40.905    2.0       
41.199    3.0       
41.5      4.0       
41.813    5.0       
42.106    1.0       
42.415    2.0       
42.714    3.0       
43.031    4.0       
43.333    5.0       
43.642    1.0       
43.94     2.0       
44.251    3.0       
44.563    4.0       
44.874    5.0       
45.16     1.0       
45.469    2.0       
45.761    3.0       
46.072    4.0       
46.373    5.0       
46.66     1.0       
46.975    2.0       
47.275    3.0       
47.566    4.0       
47.857    5.0       
48.143    1.0       
48.448    2.0       
48.76     3.0       
49.061    4.0       
49.352    5.0       
49.665    1.0       
49.956    2.0       
50.273    3.0       
50.567    4.0       
50.881    5.0       
51.192    1.0       
51.487    2.0       
51.797    3.0       
52.106    4.0       
52.401    5.0       
52.718    1.0       
53.028    2.0       
53.34     3.0       
53.64     4.0       
53.953    5.0       
54.251    1.0       
54.562    2.0       
54.86     3.0       
55.152    4.0       
55.438    5.0       
55.749    1.0       
56.059    2.0       
56.353    3.0       
56.659    4.0       
56.949    5.0       
