0.27      1.0       
0.518     2.0       
0.759     3.0       
1.02      4.0       
1.261     1.0       
1.527     2.0       
1.776     3.0       
2.016     4.0       
2.271     1.0       
2.526     2.0       
2.775     3.0       
3.029     4.0       
3.269     1.0       
3.533     2.0       
3.781     3.0       
4.043     4.0       
4.292     1.0       
4.538     2.0       
4.777     3.0       
5.045     4.0       
5.292     1.0       
5.561     2.0       
5.803     3.0       
6.054     4.0       
6.3       1.0       
6.569     2.0       
6.817     3.0       
7.067     4.0       
7.331     1.0       
7.59      2.0       
7.856     3.0       
8.103     4.0       
8.342     1.0       
8.596     2.0       
8.859     3.0       
9.129     4.0       
9.393     1.0       
9.658     2.0       
9.925     3.0       
10.179    4.0       
10.438    1.0       
10.692    2.0       
10.95     3.0       
11.201    4.0       
11.455    1.0       
11.724    2.0       
11.983    3.0       
12.248    4.0       
12.487    1.0       
12.755    2.0       
13.013    3.0       
13.281    4.0       
13.542    1.0       
13.812    2.0       
14.051    3.0       
14.292    4.0       
14.551    1.0       
14.814    2.0       
15.085    3.0       
15.327    4.0       
15.59     1.0       
15.832    2.0       
16.072    3.0       
16.341    4.0       
16.585    1.0       
16.841    2.0       
17.104    3.0       
17.362    4.0       
17.618    1.0       
17.874    2.0       
18.125    3.0       
18.389    4.0       
18.657    1.0       
18.905    2.0       
19.163    3.0       
19.42     4.0       
19.664    1.0       
19.931    2.0       
20.178    3.0       
20.434    4.0       
20.688    1.0       
20.948    2.0       
21.201    3.0       
21.465    4.0       
21.708    1.0       
21.959    2.0       
22.222    3.0       
22.461    4.0       
22.727    1.0       
22.973    2.0       
23.242    3.0       
23.484    4.0       
23.736    1.0       
23.981    2.0       
24.247    3.0       
24.503    4.0       
24.772    1.0       
25.033    2.0       
25.28     3.0       
25.542    4.0       
25.792    1.0       
26.037    2.0       
26.287    3.0       
26.55     4.0       
26.792    1.0       
27.043    2.0       
27.299    3.0       
27.564    4.0       
27.828    1.0       
28.071    2.0       
28.325    3.0       
28.593    4.0       
28.833    1.0       
29.085    2.0       
29.346    3.0       
29.609    4.0       
29.858    1.0       
30.105    2.0       
30.348    3.0       
30.593    4.0       
30.852    1.0       
31.102    2.0       
31.344    3.0       
31.611    4.0       
31.871    1.0       
32.136    2.0       
32.391    3.0       
32.63     4.0       
32.885    1.0       
33.148    2.0       
33.391    3.0       
33.647    4.0       
33.908    5.0       
34.165    1.0       
34.433    2.0       
34.684    3.0       
34.946    4.0       
35.191    5.0       
35.455    1.0       
35.695    2.0       
35.953    3.0       
36.203    4.0       
36.474    5.0       
36.724    1.0       
36.98     2.0       
37.232    3.0       
37.479    4.0       
37.746    5.0       
37.991    1.0       
38.254    2.0       
38.495    3.0       
38.766    4.0       
39.032    5.0       
39.298    1.0       
39.549    2.0       
39.815    3.0       
40.061    4.0       
40.3      5.0       
40.57     1.0       
40.811    2.0       
41.057    3.0       
41.306    4.0       
41.568    5.0       
41.813    1.0       
42.069    2.0       
42.314    3.0       
42.568    4.0       
42.837    5.0       
