0.165     1.0       
0.394     2.0       
0.627     3.0       
0.855     4.0       
1.102     1.0       
1.331     2.0       
1.556     3.0       
1.811     4.0       
2.042     1.0       
2.277     2.0       
2.509     3.0       
2.734     4.0       
2.989     1.0       
3.233     2.0       
3.458     3.0       
3.701     4.0       
3.938     1.0       
4.184     2.0       
4.41      3.0       
4.664     4.0       
4.902     1.0       
5.127     2.0       
5.358     3.0       
5.589     4.0       
5.825     1.0       
6.063     2.0       
6.31      3.0       
6.558     4.0       
6.785     1.0       
7.019     2.0       
7.252     3.0       
7.503     4.0       
7.73      1.0       
7.98      2.0       
8.229     3.0       
8.486     4.0       
8.714     1.0       
8.954     2.0       
9.193     3.0       
9.445     4.0       
9.672     1.0       
9.905     2.0       
10.133    3.0       
10.363    4.0       
10.607    1.0       
10.839    2.0       
11.079    3.0       
11.327    4.0       
11.561    1.0       
11.811    2.0       
12.061    3.0       
12.311    4.0       
12.554    1.0       
12.802    2.0       
13.059    3.0       
13.292    4.0       
13.549    1.0       
13.795    2.0       
14.049    3.0       
14.295    4.0       
14.532    1.0       
14.763    2.0       
15.009    3.0       
15.255    4.0       
15.481    1.0       
15.73     2.0       
15.987    3.0       
16.222    4.0       
16.458    1.0       
16.684    2.0       
16.911    3.0       
17.139    4.0       
17.395    1.0       
17.621    2.0       
17.874    3.0       
18.123    4.0       
18.369    1.0       
18.603    2.0       
18.854    3.0       
19.099    4.0       
19.324    1.0       
19.576    2.0       
19.822    3.0       
20.062    4.0       
20.291    1.0       
20.525    2.0       
20.769    3.0       
21.012    4.0       
21.237    1.0       
21.465    2.0       
21.712    3.0       
21.943    4.0       
22.184    1.0       
22.421    2.0       
22.659    3.0       
22.891    4.0       
23.116    1.0       
23.352    2.0       
23.577    3.0       
23.807    4.0       
24.057    1.0       
24.291    2.0       
24.522    3.0       
24.751    4.0       
24.999    1.0       
25.249    2.0       
25.496    3.0       
25.751    4.0       
26.002    1.0       
26.24     2.0       
26.486    3.0       
26.727    4.0       
26.984    1.0       
27.231    2.0       
27.478    3.0       
27.716    4.0       
27.952    1.0       
28.209    2.0       
28.444    3.0       
28.672    4.0       
28.912    1.0       
29.144    2.0       
29.391    3.0       
29.632    4.0       
29.88     1.0       
30.121    2.0       
30.362    3.0       
30.601    4.0       
30.826    1.0       
31.062    2.0       
31.299    3.0       
31.526    4.0       
31.781    5.0       
32.031    1.0       
32.276    2.0       
32.526    3.0       
32.759    4.0       
33.007    5.0       
33.253    1.0       
33.479    2.0       
33.704    3.0       
33.959    4.0       
34.203    5.0       
34.445    1.0       
34.688    2.0       
34.917    3.0       
35.154    4.0       
35.409    5.0       
35.658    1.0       
35.914    2.0       
36.143    3.0       
36.398    4.0       
36.646    5.0       
36.892    1.0       
37.149    2.0       
37.393    3.0       
37.64     4.0       
37.892    5.0       
38.141    1.0       
38.369    2.0       
38.615    3.0       
38.856    4.0       
39.106    5.0       
39.34     1.0       
39.576    2.0       
39.83     3.0       
40.072    4.0       
40.309    5.0       
40.564    1.0       
40.793    2.0       
41.043    3.0       
41.3      4.0       
41.527    5.0       
41.768    1.0       
42.004    2.0       
42.247    3.0       
42.492    4.0       
42.718    5.0       
42.951    1.0       
43.197    2.0       
43.437    3.0       
43.685    4.0       
43.927    5.0       
44.17     1.0       
44.411    2.0       
44.663    3.0       
44.92     4.0       
45.145    5.0       
45.384    1.0       
45.613    2.0       
45.866    3.0       
46.119    4.0       
46.36     5.0       
46.603    1.0       
46.845    2.0       
47.101    3.0       
47.327    4.0       
47.571    5.0       
47.809    1.0       
48.047    2.0       
48.287    3.0       
48.512    4.0       
48.759    5.0       
48.986    1.0       
49.214    2.0       
49.459    3.0       
49.706    4.0       
49.95     5.0       
50.187    1.0       
50.443    2.0       
50.682    3.0       
50.939    4.0       
51.19     5.0       
51.424    1.0       
51.657    2.0       
51.891    3.0       
52.134    4.0       
52.372    5.0       
52.598    1.0       
52.848    2.0       
53.095    3.0       
53.346    4.0       
53.583    5.0       
53.822    1.0       
54.071    2.0       
54.327    3.0       
54.561    4.0       
54.794    5.0       
55.038    1.0       
55.285    2.0       
55.536    3.0       
55.761    4.0       
56.006    5.0       
56.242    1.0       
56.469    2.0       
56.726    3.0       
56.976    4.0       
57.21     5.0       
57.459    1.0       
57.695    2.0       
57.949    3.0       
58.193    4.0       
58.429    5.0       
58.674    1.0       
58.909    2.0       
59.146    3.0       
59.402    4.0       
59.654    5.0       
59.909    1.0       
60.152    2.0       
60.381    3.0       
60.616    4.0       
60.847    5.0       
61.09     1.0       
61.34     2.0       
61.591    3.0       
61.846    4.0       
62.077    5.0       
62.326    1.0       
62.553    2.0       
62.8      3.0       
63.027    4.0       
63.26     5.0       
63.49     1.0       
63.732    2.0       
63.975    3.0       
64.216    4.0       
64.442    5.0       
