0.264     1.0       
0.557     2.0       
0.845     3.0       
1.149     4.0       
1.457     1.0       
1.74      2.0       
2.038     3.0       
2.315     4.0       
2.597     1.0       
2.878     2.0       
3.158     3.0       
3.448     4.0       
3.739     1.0       
4.02      2.0       
4.301     3.0       
4.595     4.0       
4.878     1.0       
5.178     2.0       
5.469     3.0       
5.769     4.0       
6.049     1.0       
6.351     2.0       
6.63      3.0       
6.912     4.0       
7.218     1.0       
7.524     2.0       
7.819     3.0       
8.102     4.0       
8.398     1.0       
8.68      2.0       
8.957     3.0       
9.237     4.0       
9.539     1.0       
9.843     2.0       
10.125    3.0       
10.424    4.0       
10.706    1.0       
10.986    2.0       
11.291    3.0       
11.595    4.0       
11.886    1.0       
12.177    2.0       
12.466    3.0       
12.762    4.0       
13.058    1.0       
13.362    2.0       
13.667    3.0       
13.963    4.0       
14.258    1.0       
14.548    2.0       
14.833    3.0       
15.117    4.0       
15.417    5.0       
15.697    1.0       
15.997    2.0       
16.299    3.0       
16.602    4.0       
16.91     5.0       
17.204    1.0       
17.493    2.0       
17.799    3.0       
18.075    4.0       
18.364    5.0       
18.669    1.0       
18.962    2.0       
19.27     3.0       
19.546    4.0       
19.845    5.0       
20.126    1.0       
20.42     2.0       
20.716    3.0       
21.019    4.0       
21.327    5.0       
21.621    1.0       
21.91     2.0       
22.193    3.0       
22.482    4.0       
22.79     5.0       
23.096    1.0       
23.394    2.0       
23.692    3.0       
23.986    4.0       
24.294    5.0       
24.57     1.0       
24.876    2.0       
25.177    3.0       
25.458    4.0       
25.754    5.0       
26.032    1.0       
26.335    2.0       
26.634    3.0       
26.92     4.0       
27.221    5.0       
27.501    1.0       
27.778    2.0       
28.072    3.0       
28.376    4.0       
28.655    5.0       
28.949    1.0       
29.234    2.0       
29.535    3.0       
29.831    4.0       
30.128    5.0       
30.431    1.0       
30.723    2.0       
31.022    3.0       
31.305    4.0       
31.583    5.0       
31.882    1.0       
32.169    2.0       
32.468    3.0       
32.762    4.0       
33.043    5.0       
33.349    1.0       
33.636    2.0       
33.917    3.0       
34.221    4.0       
34.517    5.0       
34.812    1.0       
35.113    2.0       
35.399    3.0       
35.706    4.0       
35.991    5.0       
36.297    1.0       
36.594    2.0       
36.89     3.0       
37.19     4.0       
37.479    5.0       
