0.164     1.0       
0.507     2.0       
0.831     3.0       
1.17      4.0       
1.5       1.0       
1.853     2.0       
2.182     3.0       
2.509     4.0       
2.848     1.0       
3.2       2.0       
3.526     3.0       
3.868     4.0       
4.192     1.0       
4.515     2.0       
4.844     3.0       
5.192     4.0       
5.535     1.0       
5.86      2.0       
6.188     3.0       
6.53      4.0       
6.861     1.0       
7.204     2.0       
7.548     3.0       
7.872     4.0       
8.219     1.0       
8.551     2.0       
8.879     3.0       
9.202     4.0       
9.551     1.0       
9.902     2.0       
10.225    3.0       
10.546    4.0       
10.872    1.0       
11.213    2.0       
11.534    3.0       
11.887    4.0       
12.234    1.0       
12.565    2.0       
12.904    3.0       
13.232    4.0       
13.574    1.0       
13.913    2.0       
14.259    3.0       
14.587    4.0       
14.918    1.0       
15.269    2.0       
15.617    3.0       
15.949    4.0       
16.299    1.0       
16.625    2.0       
16.965    3.0       
17.3      4.0       
17.633    1.0       
17.964    2.0       
18.317    3.0       
18.669    4.0       
18.994    1.0       
19.32     2.0       
19.658    3.0       
19.984    4.0       
20.332    1.0       
20.666    2.0       
21.015    3.0       
21.354    4.0       
21.695    1.0       
22.039    2.0       
22.368    3.0       
22.701    4.0       
23.026    1.0       
23.379    2.0       
23.731    3.0       
24.064    4.0       
24.408    1.0       
24.734    2.0       
25.078    3.0       
25.429    4.0       
25.759    1.0       
26.08     2.0       
26.401    3.0       
26.743    4.0       
27.096    1.0       
27.447    2.0       
27.788    3.0       
28.135    4.0       
28.473    1.0       
28.804    2.0       
29.154    3.0       
29.487    4.0       
29.823    1.0       
30.146    2.0       
30.489    3.0       
30.825    4.0       
31.177    1.0       
31.516    2.0       
31.86     3.0       
32.208    4.0       
32.53     1.0       
32.86     2.0       
33.19     3.0       
33.516    4.0       
33.867    1.0       
34.213    2.0       
34.557    3.0       
34.904    4.0       
35.24     1.0       
35.563    2.0       
35.89     3.0       
36.238    4.0       
36.579    1.0       
36.918    2.0       
37.268    3.0       
37.593    4.0       
37.932    1.0       
38.262    2.0       
38.586    3.0       
38.914    4.0       
39.238    1.0       
39.586    2.0       
39.918    3.0       
40.258    4.0       
40.607    1.0       
40.939    2.0       
41.284    3.0       
41.623    4.0       
41.95     1.0       
42.277    2.0       
42.606    3.0       
42.942    4.0       
43.293    1.0       
43.634    2.0       
43.979    3.0       
44.324    4.0       
44.667    5.0       
44.991    1.0       
45.331    2.0       
45.663    3.0       
46.011    4.0       
46.343    5.0       
46.669    1.0       
47.015    2.0       
47.366    3.0       
47.716    4.0       
48.06     5.0       
48.401    1.0       
48.738    2.0       
49.061    3.0       
49.408    4.0       
49.749    5.0       
50.094    1.0       
50.445    2.0       
50.786    3.0       
51.114    4.0       
51.462    5.0       
51.797    1.0       
52.131    2.0       
52.464    3.0       
52.812    4.0       
53.133    5.0       
53.482    1.0       
53.829    2.0       
54.166    3.0       
54.517    4.0       
54.845    5.0       
55.189    1.0       
55.512    2.0       
55.847    3.0       
56.199    4.0       
56.538    5.0       
56.887    1.0       
57.24     2.0       
57.569    3.0       
57.92     4.0       
58.248    5.0       
58.596    1.0       
58.922    2.0       
59.274    3.0       
59.625    4.0       
59.955    5.0       
60.284    1.0       
60.611    2.0       
60.946    3.0       
61.28     4.0       
61.631    5.0       
61.964    1.0       
62.311    2.0       
62.662    3.0       
62.998    4.0       
63.324    5.0       
63.665    1.0       
64.005    2.0       
64.329    3.0       
64.674    4.0       
65.001    5.0       
65.322    1.0       
65.645    2.0       
65.997    3.0       
66.334    4.0       
66.663    5.0       
67.016    1.0       
67.366    2.0       
67.693    3.0       
68.028    4.0       
68.377    5.0       
68.716    1.0       
69.039    2.0       
69.388    3.0       
69.717    4.0       
70.07     5.0       
70.404    1.0       
70.725    2.0       
71.048    3.0       
71.39     4.0       
71.712    5.0       
72.054    1.0       
72.387    2.0       
72.715    3.0       
73.043    4.0       
73.364    5.0       
73.709    1.0       
74.036    2.0       
74.357    3.0       
74.705    4.0       
75.032    5.0       
75.368    1.0       
75.717    2.0       
76.048    3.0       
76.372    4.0       
76.697    5.0       
77.022    1.0       
77.362    2.0       
77.69     3.0       
78.014    4.0       
78.343    5.0       
78.683    1.0       
79.017    2.0       
79.355    3.0       
79.694    4.0       
80.045    5.0       
80.37     1.0       
80.695    2.0       
81.043    3.0       
81.387    4.0       
81.739    5.0       
82.09     1.0       
82.438    2.0       
82.784    3.0       
83.129    4.0       
83.464    5.0       
83.791    1.0       
84.117    2.0       
84.446    3.0       
84.798    4.0       
85.121    5.0       
85.462    1.0       
85.787    2.0       
86.118    3.0       
86.459    4.0       
86.792    5.0       
87.142    1.0       
87.464    2.0       
87.807    3.0       
88.133    4.0       
88.455    5.0       
88.804    1.0       
89.125    2.0       
89.464    3.0       
89.785    4.0       
90.125    5.0       
